video_id,frame_idx,source_file,label,label_name,joint_0_name,joint_0_x,joint_0_y,joint_1_name,joint_1_x,joint_1_y,joint_2_name,joint_2_x,joint_2_y,joint_3_name,joint_3_x,joint_3_y,joint_4_name,joint_4_x,joint_4_y,joint_5_name,joint_5_x,joint_5_y,joint_6_name,joint_6_x,joint_6_y,joint_7_name,joint_7_x,joint_7_y,joint_8_name,joint_8_x,joint_8_y,joint_9_name,joint_9_x,joint_9_y,joint_10_name,joint_10_x,joint_10_y,joint_11_name,joint_11_x,joint_11_y,joint_12_name,joint_12_x,joint_12_y,joint_13_name,joint_13_x,joint_13_y,joint_14_name,joint_14_x,joint_14_y,num_missing_joints_before_interpolation,all_joints_missing_before_interpolation,num_zero_joints_after_interpolation
Not_Fall__Not_Fall_Sleep_nf_raw_b_3_B_M_129_resized,0,C:\Users\ASUS\Downloads\3D_Human_Pose_NCKH\paper_baselines\lin2021_yolov8_lstm_gru\data\paper_skeleton_csv\Not_Fall\Not_Fall_Not_Fall_Sleep_nf_raw_b_3_B_M_129_resized.csv,0,Not_Fall,nose,-0.105885126,-1.3908533,neck,0.064044654,-0.99794704,right_shoulder,-0.51833534,-0.9703421,right_elbow,-0.978038,-0.53470355,right_wrist,-0.3317831,-0.7440733,left_shoulder,0.64642465,-1.025552,left_elbow,1.1615345,-0.61822706,left_wrist,0.6604229,-0.7921424,mid_hip,0.0,0.0,right_hip,-0.35150626,-0.016569797,right_knee,-0.7918245,0.7991539,right_ankle,-1.2384413,1.6999861,left_hip,0.35150626,0.016569572,left_knee,-0.36599594,0.82407457,left_ankle,-0.97473943,1.7250143,0,0,0
Not_Fall__Not_Fall_Sleep_nf_raw_b_3_B_M_129_resized,1,C:\Users\ASUS\Downloads\3D_Human_Pose_NCKH\paper_baselines\lin2021_yolov8_lstm_gru\data\paper_skeleton_csv\Not_Fall\Not_Fall_Not_Fall_Sleep_nf_raw_b_3_B_M_129_resized.csv,0,Not_Fall,nose,-0.08008167,-1.3988173,neck,0.07612894,-0.99709797,right_shoulder,-0.52410513,-0.97631127,right_elbow,-0.9858034,-0.5388094,right_wrist,-0.31680337,-0.74994665,left_shoulder,0.676363,-1.0178846,left_elbow,1.1447939,-0.60583997,left_wrist,0.68811935,-0.8096563,mid_hip,0.0,0.0,right_hip,-0.37052265,-0.018922456,right_knee,-0.8246469,0.8162461,right_ankle,-1.3282185,1.7335479,left_hip,0.37052265,0.018922456,left_knee,-0.2660238,0.8374136,left_ankle,-0.955673,1.7439734,0,0,0
Not_Fall__Not_Fall_Sleep_nf_raw_b_3_B_M_129_resized,2,C:\Users\ASUS\Downloads\3D_Human_Pose_NCKH\paper_baselines\lin2021_yolov8_lstm_gru\data\paper_skeleton_csv\Not_Fall\Not_Fall_Not_Fall_Sleep_nf_raw_b_3_B_M_129_resized.csv,0,Not_Fall,nose,-0.086919405,-1.3931519,neck,0.06922894,-0.9976008,right_shoulder,-0.535473,-0.97729367,right_elbow,-0.9954711,-0.53359324,right_wrist,-0.32767826,-0.75121427,left_shoulder,0.67393064,-1.0179079,left_elbow,1.1433694,-0.5953691,left_wrist,0.68132085,-0.80644387,mid_hip,0.0,0.0,right_hip,-0.37251857,-0.019833103,right_knee,-0.833261,0.81185067,right_ankle,-1.3322619,1.7458692,left_hip,0.37251836,0.019832877,left_knee,-0.2810364,0.83927715,left_ankle,-0.9872889,1.7609267,0,0,0
Not_Fall__Not_Fall_Sleep_nf_raw_b_3_B_M_129_resized,3,C:\Users\ASUS\Downloads\3D_Human_Pose_NCKH\paper_baselines\lin2021_yolov8_lstm_gru\data\paper_skeleton_csv\Not_Fall\Not_Fall_Not_Fall_Sleep_nf_raw_b_3_B_M_129_resized.csv,0,Not_Fall,nose,-0.0897221,-1.3967175,neck,0.06604426,-0.9978166,right_shoulder,-0.5373424,-0.9775451,right_elbow,-0.9949083,-0.53886694,right_wrist,-0.32338145,-0.7564397,left_shoulder,0.6694309,-1.0180882,left_elbow,1.1368654,-0.6011833,left_wrist,0.6756464,-0.8153718,mid_hip,0.0,0.0,right_hip,-0.37207097,-0.019160409,right_knee,-0.8283009,0.8072568,right_ankle,-1.3127944,1.7298372,left_hip,0.37207097,0.019160183,left_knee,-0.27569136,0.8308323,left_ankle,-0.9720751,1.7395682,0,0,0
Not_Fall__Not_Fall_Sleep_nf_raw_b_3_B_M_129_resized,4,C:\Users\ASUS\Downloads\3D_Human_Pose_NCKH\paper_baselines\lin2021_yolov8_lstm_gru\data\paper_skeleton_csv\Not_Fall\Not_Fall_Not_Fall_Sleep_nf_raw_b_3_B_M_129_resized.csv,0,Not_Fall,nose,-0.09876983,-1.3737497,neck,0.06996207,-0.9975497,right_shoulder,-0.5157955,-0.9657493,right_elbow,-0.972657,-0.52523404,right_wrist,-0.32394674,-0.749007,left_shoulder,0.65571964,-1.02935,left_elbow,1.1705644,-0.60832465,left_wrist,0.6595455,-0.75926167,mid_hip,0.0,0.0,right_hip,-0.35322618,-0.014301715,right_knee,-0.7920682,0.79326594,right_ankle,-1.2316177,1.6873809,left_hip,0.3532264,0.014301715,left_knee,-0.3527699,0.8012164,left_ankle,-0.9807409,1.6938267,0,0,0
Not_Fall__Not_Fall_Sleep_nf_raw_b_3_B_M_129_resized,5,C:\Users\ASUS\Downloads\3D_Human_Pose_NCKH\paper_baselines\lin2021_yolov8_lstm_gru\data\paper_skeleton_csv\Not_Fall\Not_Fall_Not_Fall_Sleep_nf_raw_b_3_B_M_129_resized.csv,0,Not_Fall,nose,-0.10198253,-1.3733139,neck,0.06678854,-0.99776715,right_shoulder,-0.5194624,-0.9651168,right_elbow,-0.9758758,-0.52870107,right_wrist,-0.32931262,-0.746277,left_shoulder,0.6530395,-1.0304174,left_elbow,1.1674461,-0.61086607,left_wrist,0.65212,-0.7608612,mid_hip,0.0,0.0,right_hip,-0.3549197,-0.012976317,right_knee,-0.807108,0.7923855,right_ankle,-1.2358624,1.7036201,left_hip,0.3549197,0.012976317,left_knee,-0.340348,0.78602654,left_ankle,-0.94862515,1.6932387,0,0,0
Not_Fall__Not_Fall_Sleep_nf_raw_b_3_B_M_129_resized,6,C:\Users\ASUS\Downloads\3D_Human_Pose_NCKH\paper_baselines\lin2021_yolov8_lstm_gru\data\paper_skeleton_csv\Not_Fall\Not_Fall_Not_Fall_Sleep_nf_raw_b_3_B_M_129_resized.csv,0,Not_Fall,nose,-0.10481721,-1.3709394,neck,0.06705931,-0.9977491,right_shoulder,-0.5195183,-0.96317035,right_elbow,-0.97517055,-0.52287066,right_wrist,-0.33804363,-0.74402636,left_shoulder,0.6536372,-1.0323278,left_elbow,1.1577064,-0.61539125,left_wrist,0.6435313,-0.76060987,mid_hip,0.0,0.0,right_hip,-0.35577103,-0.012700049,right_knee,-0.81955916,0.78277415,right_ankle,-1.2239434,1.7027333,left_hip,0.35577103,0.012700273,left_knee,-0.3349277,0.77888244,left_ankle,-0.93818575,1.6976905,0,0,0
Not_Fall__Not_Fall_Sleep_nf_raw_b_3_B_M_129_resized,7,C:\Users\ASUS\Downloads\3D_Human_Pose_NCKH\paper_baselines\lin2021_yolov8_lstm_gru\data\paper_skeleton_csv\Not_Fall\Not_Fall_Not_Fall_Sleep_nf_raw_b_3_B_M_129_resized.csv,0,Not_Fall,nose,-0.093314946,-1.3927687,neck,0.076168254,-0.997095,right_shoulder,-0.53069633,-0.9733983,right_elbow,-0.9958947,-0.5341721,right_wrist,-0.33339244,-0.7504372,left_shoulder,0.68303263,-1.0207915,left_elbow,1.1382209,-0.60306346,left_wrist,0.6675811,-0.8099226,mid_hip,0.0,0.0,right_hip,-0.3743448,-0.018644974,right_knee,-0.83527386,0.7964003,right_ankle,-1.2957519,1.744755,left_hip,0.3743448,0.018644974,left_knee,-0.25829244,0.8190897,left_ankle,-0.9587773,1.7622801,0,0,0
Not_Fall__Not_Fall_Sleep_nf_raw_b_3_B_M_129_resized,8,C:\Users\ASUS\Downloads\3D_Human_Pose_NCKH\paper_baselines\lin2021_yolov8_lstm_gru\data\paper_skeleton_csv\Not_Fall\Not_Fall_Not_Fall_Sleep_nf_raw_b_3_B_M_129_resized.csv,0,Not_Fall,nose,-0.090138644,-1.3925282,neck,0.07651467,-0.9970684,right_shoulder,-0.5302989,-0.9738979,right_elbow,-0.99420905,-0.5296211,right_wrist,-0.33631846,-0.7469008,left_shoulder,0.6833282,-1.0202389,left_elbow,1.1435796,-0.599863,left_wrist,0.67148006,-0.80718064,mid_hip,0.0,0.0,right_hip,-0.3746395,-0.018957473,right_knee,-0.83511543,0.7945927,right_ankle,-1.294893,1.7404119,left_hip,0.3746395,0.018957248,left_knee,-0.24980661,0.8208101,left_ankle,-0.940641,1.7621301,0,0,0
Not_Fall__Not_Fall_Sleep_nf_raw_b_3_B_M_129_resized,9,C:\Users\ASUS\Downloads\3D_Human_Pose_NCKH\paper_baselines\lin2021_yolov8_lstm_gru\data\paper_skeleton_csv\Not_Fall\Not_Fall_Not_Fall_Sleep_nf_raw_b_3_B_M_129_resized.csv,0,Not_Fall,nose,-0.08932512,-1.3912044,neck,0.07392384,-0.9972639,right_shoulder,-0.5338669,-0.97419465,right_elbow,-0.99172926,-0.53301185,right_wrist,-0.3365424,-0.7461894,left_shoulder,0.68171453,-1.0203332,left_elbow,1.1404667,-0.6045676,left_wrist,0.6711657,-0.8088436,mid_hip,0.0,0.0,right_hip,-0.3748266,-0.01944065,right_knee,-0.83628,0.7908806,right_ankle,-1.2754171,1.731761,left_hip,0.37482685,0.019440876,left_knee,-0.25385728,0.82258195,left_ankle,-0.9495735,1.7607785,0,0,0
Not_Fall__Not_Fall_Sleep_nf_raw_b_3_B_M_129_resized,10,C:\Users\ASUS\Downloads\3D_Human_Pose_NCKH\paper_baselines\lin2021_yolov8_lstm_gru\data\paper_skeleton_csv\Not_Fall\Not_Fall_Not_Fall_Sleep_nf_raw_b_3_B_M_129_resized.csv,0,Not_Fall,nose,-0.094743565,-1.3943938,neck,0.07050144,-0.99751174,right_shoulder,-0.5388953,-0.9732409,right_elbow,-1.001099,-0.53053135,right_wrist,-0.33905235,-0.7479558,left_shoulder,0.6798982,-1.0217826,left_elbow,1.1403399,-0.5992536,left_wrist,0.6654081,-0.80824536,mid_hip,0.0,0.0,right_hip,-0.3758419,-0.018688159,right_knee,-0.8445753,0.79387516,right_ankle,-1.2880204,1.7472094,left_hip,0.3758419,0.018688159,left_knee,-0.26358077,0.81896496,left_ankle,-0.9609113,1.7733512,0,0,0
Not_Fall__Not_Fall_Sleep_nf_raw_b_3_B_M_129_resized,11,C:\Users\ASUS\Downloads\3D_Human_Pose_NCKH\paper_baselines\lin2021_yolov8_lstm_gru\data\paper_skeleton_csv\Not_Fall\Not_Fall_Not_Fall_Sleep_nf_raw_b_3_B_M_129_resized.csv,0,Not_Fall,nose,-0.0901739,-1.3854601,neck,0.07632413,-0.9970831,right_shoulder,-0.5267292,-0.9706519,right_elbow,-0.9838199,-0.53546613,right_wrist,-0.33122963,-0.7498566,left_shoulder,0.67937744,-1.0235143,left_elbow,1.1288824,-0.60593146,left_wrist,0.66337216,-0.81184757,mid_hip,0.0,0.0,right_hip,-0.37323955,-0.016359188,right_knee,-0.8534117,0.7868546,right_ankle,-1.2875662,1.7280997,left_hip,0.37323976,0.016358964,left_knee,-0.25289434,0.7861546,left_ankle,-0.94482934,1.7229582,0,0,0
Not_Fall__Not_Fall_Sleep_nf_raw_b_3_B_M_129_resized,12,C:\Users\ASUS\Downloads\3D_Human_Pose_NCKH\paper_baselines\lin2021_yolov8_lstm_gru\data\paper_skeleton_csv\Not_Fall\Not_Fall_Not_Fall_Sleep_nf_raw_b_3_B_M_129_resized.csv,0,Not_Fall,nose,-0.09649178,-1.3831174,neck,0.07155867,-0.99743646,right_shoulder,-0.5298006,-0.9733141,right_elbow,-0.9889044,-0.5383533,right_wrist,-0.33797026,-0.7502628,left_shoulder,0.67291796,-1.0215588,left_elbow,1.1228877,-0.6183275,left_wrist,0.66158414,-0.82157695,mid_hip,0.0,0.0,right_hip,-0.37152633,-0.01898048,right_knee,-0.8479824,0.7974448,right_ankle,-1.2736981,1.745141,left_hip,0.37152657,0.018980706,left_knee,-0.26877674,0.8293751,left_ankle,-0.94976413,1.7682754,0,0,0
Not_Fall__Not_Fall_Sleep_nf_raw_b_3_B_M_129_resized,13,C:\Users\ASUS\Downloads\3D_Human_Pose_NCKH\paper_baselines\lin2021_yolov8_lstm_gru\data\paper_skeleton_csv\Not_Fall\Not_Fall_Not_Fall_Sleep_nf_raw_b_3_B_M_129_resized.csv,0,Not_Fall,nose,-0.1001368,-1.3570036,neck,0.06966656,-0.99757034,right_shoulder,-0.5168238,-0.96352595,right_elbow,-0.9689362,-0.5200023,right_wrist,-0.33661413,-0.742534,left_shoulder,0.65615696,-1.0316147,left_elbow,1.1586457,-0.6229039,left_wrist,0.6411235,-0.7694401,mid_hip,0.0,0.0,right_hip,-0.35647652,-0.013675467,right_knee,-0.83409005,0.779372,right_ankle,-1.2022969,1.6800785,left_hip,0.35647652,0.0136752445,left_knee,-0.33376005,0.7859557,left_ankle,-0.91332006,1.6846898,0,0,0
Not_Fall__Not_Fall_Sleep_nf_raw_b_3_B_M_129_resized,14,C:\Users\ASUS\Downloads\3D_Human_Pose_NCKH\paper_baselines\lin2021_yolov8_lstm_gru\data\paper_skeleton_csv\Not_Fall\Not_Fall_Not_Fall_Sleep_nf_raw_b_3_B_M_129_resized.csv,0,Not_Fall,nose,-0.09766583,-1.3548474,neck,0.06876489,-0.99763286,right_shoulder,-0.5148193,-0.9639433,right_elbow,-0.9653833,-0.52044606,right_wrist,-0.3402327,-0.742009,left_shoulder,0.65234905,-1.0313222,left_elbow,1.1658432,-0.6165974,left_wrist,0.6443152,-0.76089275,mid_hip,0.0,0.0,right_hip,-0.35324305,-0.0146909505,right_knee,-0.8150463,0.781232,right_ankle,-1.2045206,1.6806504,left_hip,0.3532433,0.014690729,left_knee,-0.3412648,0.79666454,left_ankle,-0.933322,1.7008017,0,0,0
Not_Fall__Not_Fall_Sleep_nf_raw_b_3_B_M_129_resized,15,C:\Users\ASUS\Downloads\3D_Human_Pose_NCKH\paper_baselines\lin2021_yolov8_lstm_gru\data\paper_skeleton_csv\Not_Fall\Not_Fall_Not_Fall_Sleep_nf_raw_b_3_B_M_129_resized.csv,0,Not_Fall,nose,-0.09172132,-1.3583679,neck,0.07148726,-0.99744153,right_shoulder,-0.51196647,-0.9628739,right_elbow,-0.95730823,-0.521044,right_wrist,-0.33687288,-0.742691,left_shoulder,0.6549408,-1.0320091,left_elbow,1.1651103,-0.616595,left_wrist,0.6466104,-0.7634599,mid_hip,0.0,0.0,right_hip,-0.3536444,-0.013334976,right_knee,-0.8200481,0.7889508,right_ankle,-1.1786448,1.681905,left_hip,0.3536444,0.013334976,left_knee,-0.34296143,0.7907681,left_ankle,-0.9156971,1.694421,0,0,0
Not_Fall__Not_Fall_Sleep_nf_raw_b_3_B_M_129_resized,16,C:\Users\ASUS\Downloads\3D_Human_Pose_NCKH\paper_baselines\lin2021_yolov8_lstm_gru\data\paper_skeleton_csv\Not_Fall\Not_Fall_Not_Fall_Sleep_nf_raw_b_3_B_M_129_resized.csv,0,Not_Fall,nose,-0.0946849,-1.3549385,neck,0.06754784,-0.99771595,right_shoulder,-0.5156605,-0.96530074,right_elbow,-0.95881397,-0.52400076,right_wrist,-0.33739933,-0.742377,left_shoulder,0.65075624,-1.0301312,left_elbow,1.1622428,-0.6151948,left_wrist,0.64317507,-0.7607744,mid_hip,0.0,0.0,right_hip,-0.3536603,-0.01432939,right_knee,-0.819746,0.7819179,right_ankle,-1.1944183,1.6876627,left_hip,0.3536603,0.01432939,left_knee,-0.3382128,0.7904472,left_ankle,-0.9186756,1.6963055,0,0,0
Not_Fall__Not_Fall_Sleep_nf_raw_b_3_B_M_129_resized,17,C:\Users\ASUS\Downloads\3D_Human_Pose_NCKH\paper_baselines\lin2021_yolov8_lstm_gru\data\paper_skeleton_csv\Not_Fall\Not_Fall_Not_Fall_Sleep_nf_raw_b_3_B_M_129_resized.csv,0,Not_Fall,nose,-0.09910542,-1.3581722,neck,0.06519695,-0.9978724,right_shoulder,-0.5209886,-0.96277535,right_elbow,-0.96624535,-0.5180414,right_wrist,-0.34033555,-0.74249613,left_shoulder,0.6513827,-1.0329695,left_elbow,1.1629269,-0.61866814,left_wrist,0.64641196,-0.7609691,mid_hip,0.0,0.0,right_hip,-0.35577983,-0.012531772,right_knee,-0.82209975,0.7932533,right_ankle,-1.1970797,1.696602,left_hip,0.35578004,0.012531772,left_knee,-0.33461773,0.79241943,left_ankle,-0.91817105,1.6977403,0,0,0
Not_Fall__Not_Fall_Sleep_nf_raw_b_3_B_M_129_resized,18,C:\Users\ASUS\Downloads\3D_Human_Pose_NCKH\paper_baselines\lin2021_yolov8_lstm_gru\data\paper_skeleton_csv\Not_Fall\Not_Fall_Not_Fall_Sleep_nf_raw_b_3_B_M_129_resized.csv,0,Not_Fall,nose,-0.09744362,-1.356868,neck,0.065714665,-0.99783844,right_shoulder,-0.5205133,-0.9619392,right_elbow,-0.963678,-0.51886255,right_wrist,-0.33410215,-0.740573,left_shoulder,0.6519426,-1.0337375,left_elbow,1.1635057,-0.617322,left_wrist,0.64593667,-0.75914675,mid_hip,0.0,0.0,right_hip,-0.35592684,-0.011114875,right_knee,-0.81999177,0.79108286,right_ankle,-1.1967407,1.7093534,left_hip,0.35592705,0.011114875,left_knee,-0.31974733,0.7763445,left_ankle,-0.91226643,1.694596,0,0,0
Not_Fall__Not_Fall_Sleep_nf_raw_b_3_B_M_129_resized,19,C:\Users\ASUS\Downloads\3D_Human_Pose_NCKH\paper_baselines\lin2021_yolov8_lstm_gru\data\paper_skeleton_csv\Not_Fall\Not_Fall_Not_Fall_Sleep_nf_raw_b_3_B_M_129_resized.csv,0,Not_Fall,nose,-0.09936136,-1.3569176,neck,0.064622715,-0.9979097,right_shoulder,-0.5249081,-0.96225834,right_elbow,-0.9676604,-0.518811,right_wrist,-0.33887008,-0.73955363,left_shoulder,0.6541538,-1.0335612,left_elbow,1.1608852,-0.6181306,left_wrist,0.6444695,-0.7570354,mid_hip,0.0,0.0,right_hip,-0.35818604,-0.0111054545,right_knee,-0.82077,0.792583,right_ankle,-1.1923329,1.7056636,left_hip,0.35818604,0.011105677,left_knee,-0.313026,0.7787848,left_ankle,-0.9130576,1.6888262,0,0,0
Not_Fall__Not_Fall_Sleep_nf_raw_b_3_B_M_129_resized,20,C:\Users\ASUS\Downloads\3D_Human_Pose_NCKH\paper_baselines\lin2021_yolov8_lstm_gru\data\paper_skeleton_csv\Not_Fall\Not_Fall_Not_Fall_Sleep_nf_raw_b_3_B_M_129_resized.csv,0,Not_Fall,nose,-0.10173306,-1.3531443,neck,0.05946228,-0.9982305,right_shoulder,-0.52631724,-0.96178603,right_elbow,-0.96559775,-0.5208182,right_wrist,-0.33718902,-0.7391349,left_shoulder,0.64524156,-1.034675,left_elbow,1.1545541,-0.6158066,left_wrist,0.6377214,-0.7537419,mid_hip,0.0,0.0,right_hip,-0.35647145,-0.009470097,right_knee,-0.8258501,0.7875844,right_ankle,-1.1920584,1.7068236,left_hip,0.35647145,0.009469875,left_knee,-0.30921155,0.7569191,left_ankle,-0.89086676,1.6692381,0,0,0
Not_Fall__Not_Fall_Sleep_nf_raw_b_3_B_M_129_resized,21,C:\Users\ASUS\Downloads\3D_Human_Pose_NCKH\paper_baselines\lin2021_yolov8_lstm_gru\data\paper_skeleton_csv\Not_Fall\Not_Fall_Not_Fall_Sleep_nf_raw_b_3_B_M_129_resized.csv,0,Not_Fall,nose,-0.10349983,-1.3523446,neck,0.05634636,-0.9984113,right_shoulder,-0.5296039,-0.962571,right_elbow,-0.96746844,-0.518389,right_wrist,-0.34245545,-0.7392313,left_shoulder,0.6422964,-1.0342516,left_elbow,1.1501566,-0.619289,left_wrist,0.6368185,-0.75465465,mid_hip,0.0,0.0,right_hip,-0.3545056,-0.012283647,right_knee,-0.8146266,0.7800493,right_ankle,-1.2102334,1.705434,left_hip,0.3545058,0.012283427,left_knee,-0.33538544,0.7794171,left_ankle,-0.95982945,1.7014766,0,0,0
Not_Fall__Not_Fall_Sleep_nf_raw_b_3_B_M_129_resized,22,C:\Users\ASUS\Downloads\3D_Human_Pose_NCKH\paper_baselines\lin2021_yolov8_lstm_gru\data\paper_skeleton_csv\Not_Fall\Not_Fall_Not_Fall_Sleep_nf_raw_b_3_B_M_129_resized.csv,0,Not_Fall,nose,-0.09647506,-1.3530525,neck,0.06292949,-0.998018,right_shoulder,-0.5203051,-0.9621271,right_elbow,-0.9590293,-0.5188386,right_wrist,-0.33880278,-0.73527724,left_shoulder,0.6461639,-1.033909,left_elbow,1.1599833,-0.61614585,left_wrist,0.6423704,-0.7518876,mid_hip,0.0,0.0,right_hip,-0.3528868,-0.011276357,right_knee,-0.8024878,0.78390014,right_ankle,-1.1941035,1.6954616,left_hip,0.3528868,0.011276357,left_knee,-0.32347575,0.7710095,left_ankle,-0.92696613,1.6786991,0,0,0
Not_Fall__Not_Fall_Sleep_nf_raw_b_3_B_M_129_resized,23,C:\Users\ASUS\Downloads\3D_Human_Pose_NCKH\paper_baselines\lin2021_yolov8_lstm_gru\data\paper_skeleton_csv\Not_Fall\Not_Fall_Not_Fall_Sleep_nf_raw_b_3_B_M_129_resized.csv,0,Not_Fall,nose,-0.0989111,-1.354787,neck,0.061920997,-0.9980811,right_shoulder,-0.5208556,-0.960148,right_elbow,-0.9631898,-0.5197635,right_wrist,-0.34364134,-0.7366925,left_shoulder,0.64469784,-1.0360142,left_elbow,1.1579676,-0.6162601,left_wrist,0.6408286,-0.75421757,mid_hip,0.0,0.0,right_hip,-0.35428953,-0.008928203,right_knee,-0.82062775,0.80032754,right_ankle,-1.208306,1.7131864,left_hip,0.35428953,0.008927982,left_knee,-0.31857276,0.76372665,left_ankle,-0.90192735,1.6740053,0,0,0
Not_Fall__Not_Fall_Sleep_nf_raw_b_3_B_M_129_resized,24,C:\Users\ASUS\Downloads\3D_Human_Pose_NCKH\paper_baselines\lin2021_yolov8_lstm_gru\data\paper_skeleton_csv\Not_Fall\Not_Fall_Not_Fall_Sleep_nf_raw_b_3_B_M_129_resized.csv,0,Not_Fall,nose,-0.117259756,-1.355019,neck,0.051077276,-0.9986947,right_shoulder,-0.5297145,-0.9656347,right_elbow,-0.96427,-0.51903784,right_wrist,-0.34714693,-0.7319136,left_shoulder,0.6318691,-1.0317547,left_elbow,1.1432532,-0.62349635,left_wrist,0.6300765,-0.7587671,mid_hip,0.0,0.0,right_hip,-0.3528344,-0.014017502,right_knee,-0.8223082,0.7637053,right_ankle,-1.2042664,1.680194,left_hip,0.3528344,0.014017722,left_knee,-0.3269979,0.7801848,left_ankle,-0.9320822,1.6783209,0,0,0
Not_Fall__Not_Fall_Sleep_nf_raw_b_3_B_M_129_resized,25,C:\Users\ASUS\Downloads\3D_Human_Pose_NCKH\paper_baselines\lin2021_yolov8_lstm_gru\data\paper_skeleton_csv\Not_Fall\Not_Fall_Not_Fall_Sleep_nf_raw_b_3_B_M_129_resized.csv,0,Not_Fall,nose,-0.11165663,-1.3563181,neck,0.05634676,-0.9984113,right_shoulder,-0.52797586,-0.9659786,right_elbow,-0.9653865,-0.51963824,right_wrist,-0.34565395,-0.7316561,left_shoulder,0.64066917,-1.0308441,left_elbow,1.1529546,-0.6225808,left_wrist,0.636143,-0.75875413,mid_hip,0.0,0.0,right_hip,-0.35575333,-0.014033419,right_knee,-0.82601887,0.7776704,right_ankle,-1.2048914,1.6908324,left_hip,0.35575333,0.014033419,left_knee,-0.31828249,0.79163545,left_ankle,-0.9121461,1.6876024,0,0,0
Not_Fall__Not_Fall_Sleep_nf_raw_b_3_B_M_129_resized,26,C:\Users\ASUS\Downloads\3D_Human_Pose_NCKH\paper_baselines\lin2021_yolov8_lstm_gru\data\paper_skeleton_csv\Not_Fall\Not_Fall_Not_Fall_Sleep_nf_raw_b_3_B_M_129_resized.csv,0,Not_Fall,nose,-0.1102647,-1.3577632,neck,0.05639129,-0.9984088,right_shoulder,-0.5275978,-0.96552193,right_elbow,-0.9683624,-0.519268,right_wrist,-0.34897232,-0.73480874,left_shoulder,0.6403806,-1.0312955,left_elbow,1.1500816,-0.6206672,left_wrist,0.63964635,-0.7587026,mid_hip,0.0,0.0,right_hip,-0.35469326,-0.013904629,right_knee,-0.82005095,0.77743554,right_ankle,-1.2027327,1.7004392,left_hip,0.35469347,0.013904629,left_knee,-0.3278789,0.7915931,left_ankle,-0.92652416,1.7037601,0,0,0
Not_Fall__Not_Fall_Sleep_nf_raw_b_3_B_M_129_resized,27,C:\Users\ASUS\Downloads\3D_Human_Pose_NCKH\paper_baselines\lin2021_yolov8_lstm_gru\data\paper_skeleton_csv\Not_Fall\Not_Fall_Not_Fall_Sleep_nf_raw_b_3_B_M_129_resized.csv,0,Not_Fall,nose,-0.1042269,-1.3581171,neck,0.060580757,-0.99816334,right_shoulder,-0.5213779,-0.9646887,right_elbow,-0.9625013,-0.5218278,right_wrist,-0.34222987,-0.7349803,left_shoulder,0.6425396,-1.031638,left_elbow,1.1574458,-0.621973,left_wrist,0.64326495,-0.7587078,mid_hip,0.0,0.0,right_hip,-0.35274735,-0.013591408,right_knee,-0.81319135,0.78147036,right_ankle,-1.1879137,1.6933012,left_hip,0.35274735,0.013591629,left_knee,-0.33825478,0.79166543,left_ankle,-0.92492974,1.6990658,0,0,0
Not_Fall__Not_Fall_Sleep_nf_raw_b_3_B_M_129_resized,28,C:\Users\ASUS\Downloads\3D_Human_Pose_NCKH\paper_baselines\lin2021_yolov8_lstm_gru\data\paper_skeleton_csv\Not_Fall\Not_Fall_Not_Fall_Sleep_nf_raw_b_3_B_M_129_resized.csv,0,Not_Fall,nose,-0.10339455,-1.3586447,neck,0.06460023,-0.9979113,right_shoulder,-0.5154579,-0.96347606,right_elbow,-0.9589868,-0.5241807,right_wrist,-0.34385088,-0.73428625,left_shoulder,0.6446586,-1.0323465,left_elbow,1.1607441,-0.62238204,left_wrist,0.6420549,-0.7594827,mid_hip,0.0,0.0,right_hip,-0.35156414,-0.013435726,right_knee,-0.81352854,0.7918797,right_ankle,-1.1871129,1.70333,left_hip,0.35156414,0.013435948,left_knee,-0.3472973,0.7985077,left_ankle,-0.9192451,1.7134778,0,0,0
Not_Fall__Not_Fall_Sleep_nf_raw_b_3_B_M_129_resized,29,C:\Users\ASUS\Downloads\3D_Human_Pose_NCKH\paper_baselines\lin2021_yolov8_lstm_gru\data\paper_skeleton_csv\Not_Fall\Not_Fall_Not_Fall_Sleep_nf_raw_b_3_B_M_129_resized.csv,0,Not_Fall,nose,-0.10465547,-1.3651094,neck,0.062240712,-0.9980611,right_shoulder,-0.52202934,-0.9619592,right_elbow,-0.96797484,-0.52404946,right_wrist,-0.34425777,-0.74025446,left_shoulder,0.6465108,-1.0341631,left_elbow,1.1647032,-0.6311631,left_wrist,0.6468374,-0.7635665,mid_hip,0.0,0.0,right_hip,-0.35397112,-0.011984938,right_knee,-0.804869,0.788436,right_ankle,-1.1901233,1.7110147,left_hip,0.35397133,0.011984938,left_knee,-0.32884637,0.7901313,left_ankle,-0.9192498,1.7141166,0,0,0
Not_Fall__Not_Fall_Sleep_nf_raw_b_3_B_M_129_resized,30,C:\Users\ASUS\Downloads\3D_Human_Pose_NCKH\paper_baselines\lin2021_yolov8_lstm_gru\data\paper_skeleton_csv\Not_Fall\Not_Fall_Not_Fall_Sleep_nf_raw_b_3_B_M_129_resized.csv,0,Not_Fall,nose,-0.10246656,-1.3684305,neck,0.06609891,-0.99781305,right_shoulder,-0.5239487,-0.9645114,right_elbow,-0.9714614,-0.52189976,right_wrist,-0.34570533,-0.73951966,left_shoulder,0.65614635,-1.0311147,left_elbow,1.1777259,-0.6219804,left_wrist,0.6553188,-0.76158434,mid_hip,0.0,0.0,right_hip,-0.3580082,-0.014098511,right_knee,-0.81467324,0.8023023,right_ankle,-1.2083013,1.7207273,left_hip,0.35800844,0.014098511,left_knee,-0.32723653,0.8165589,left_ankle,-0.9251359,1.7361251,0,0,0
Not_Fall__Not_Fall_Sleep_nf_raw_b_3_B_M_129_resized,31,C:\Users\ASUS\Downloads\3D_Human_Pose_NCKH\paper_baselines\lin2021_yolov8_lstm_gru\data\paper_skeleton_csv\Not_Fall\Not_Fall_Not_Fall_Sleep_nf_raw_b_3_B_M_129_resized.csv,0,Not_Fall,nose,-0.10769161,-1.368146,neck,0.061322987,-0.9981179,right_shoulder,-0.5273975,-0.9651811,right_elbow,-0.9732027,-0.5239862,right_wrist,-0.3449964,-0.73946655,left_shoulder,0.6500435,-1.0310546,left_elbow,1.1718738,-0.6250261,left_wrist,0.64886695,-0.7607211,mid_hip,0.0,0.0,right_hip,-0.35704994,-0.014043302,right_knee,-0.8121707,0.800747,right_ankle,-1.2105215,1.7294104,left_hip,0.35704973,0.014043302,left_knee,-0.32783717,0.81624424,left_ankle,-0.9282948,1.7400311,0,0,0
Not_Fall__Not_Fall_Sleep_nf_raw_b_3_B_M_129_resized,32,C:\Users\ASUS\Downloads\3D_Human_Pose_NCKH\paper_baselines\lin2021_yolov8_lstm_gru\data\paper_skeleton_csv\Not_Fall\Not_Fall_Not_Fall_Sleep_nf_raw_b_3_B_M_129_resized.csv,0,Not_Fall,nose,-0.109529294,-1.3682054,neck,0.061991863,-0.99807674,right_shoulder,-0.527222,-0.96371454,right_elbow,-0.97482276,-0.5221918,right_wrist,-0.34504637,-0.7417015,left_shoulder,0.6512059,-1.0324389,left_elbow,1.1690092,-0.623235,left_wrist,0.6448603,-0.76253605,mid_hip,0.0,0.0,right_hip,-0.35689744,-0.012921014,right_knee,-0.80743814,0.7854831,right_ankle,-1.1937637,1.7169746,left_hip,0.35689744,0.012921014,left_knee,-0.3197902,0.7922772,left_ankle,-0.92325765,1.720284,0,0,0
Not_Fall__Not_Fall_Sleep_nf_raw_b_3_B_M_129_resized,33,C:\Users\ASUS\Downloads\3D_Human_Pose_NCKH\paper_baselines\lin2021_yolov8_lstm_gru\data\paper_skeleton_csv\Not_Fall\Not_Fall_Not_Fall_Sleep_nf_raw_b_3_B_M_129_resized.csv,0,Not_Fall,nose,-0.1038482,-1.363476,neck,0.06438143,-0.99792534,right_shoulder,-0.5247681,-0.9640957,right_elbow,-0.9743485,-0.5144446,right_wrist,-0.34037113,-0.73748016,left_shoulder,0.6535312,-1.031755,left_elbow,1.1713122,-0.61799437,left_wrist,0.64813864,-0.75595754,mid_hip,0.0,0.0,right_hip,-0.35651168,-0.013504883,right_knee,-0.8027366,0.7937578,right_ankle,-1.2025133,1.7201158,left_hip,0.35651168,0.013504883,left_knee,-0.32580632,0.8066297,left_ankle,-0.93357044,1.7283981,0,0,0
Not_Fall__Not_Fall_Sleep_nf_raw_b_3_B_M_129_resized,34,C:\Users\ASUS\Downloads\3D_Human_Pose_NCKH\paper_baselines\lin2021_yolov8_lstm_gru\data\paper_skeleton_csv\Not_Fall\Not_Fall_Not_Fall_Sleep_nf_raw_b_3_B_M_129_resized.csv,0,Not_Fall,nose,-0.10552344,-1.3913742,neck,0.0667557,-0.99776936,right_shoulder,-0.54152846,-0.9717732,right_elbow,-0.99921954,-0.53336143,right_wrist,-0.34938145,-0.7497403,left_shoulder,0.67503965,-1.0237654,left_elbow,1.1401138,-0.61028266,left_wrist,0.6515275,-0.8088951,mid_hip,0.0,0.0,right_hip,-0.3749887,-0.017710978,right_knee,-0.84297353,0.79602075,right_ankle,-1.3034589,1.7644117,left_hip,0.3749885,0.017710978,left_knee,-0.25512066,0.81529105,left_ankle,-0.9682157,1.7743417,0,0,0
Not_Fall__Not_Fall_Sleep_nf_raw_b_3_B_M_129_resized,35,C:\Users\ASUS\Downloads\3D_Human_Pose_NCKH\paper_baselines\lin2021_yolov8_lstm_gru\data\paper_skeleton_csv\Not_Fall\Not_Fall_Not_Fall_Sleep_nf_raw_b_3_B_M_129_resized.csv,0,Not_Fall,nose,-0.1052946,-1.3579596,neck,0.06403321,-0.9979478,right_shoulder,-0.5183298,-0.9603064,right_elbow,-0.96474594,-0.51879233,right_wrist,-0.34286565,-0.7385341,left_shoulder,0.64639616,-1.0355893,left_elbow,1.1670448,-0.61707896,left_wrist,0.6416457,-0.75674325,mid_hip,0.0,0.0,right_hip,-0.35228884,-0.010727758,right_knee,-0.80411625,0.7828023,right_ankle,-1.1921657,1.6940386,left_hip,0.35228884,0.010727979,left_knee,-0.3297206,0.767637,left_ankle,-0.923941,1.6823928,0,0,0
Not_Fall__Not_Fall_Sleep_nf_raw_b_3_B_M_129_resized,36,C:\Users\ASUS\Downloads\3D_Human_Pose_NCKH\paper_baselines\lin2021_yolov8_lstm_gru\data\paper_skeleton_csv\Not_Fall\Not_Fall_Not_Fall_Sleep_nf_raw_b_3_B_M_129_resized.csv,0,Not_Fall,nose,-0.09656849,-1.3564085,neck,0.074702136,-0.99720585,right_shoulder,-0.5088362,-0.96645325,right_elbow,-0.95489013,-0.5141723,right_wrist,-0.32683685,-0.7334451,left_shoulder,0.65824044,-1.0279585,left_elbow,1.1876771,-0.60466146,left_wrist,0.65263575,-0.75081617,mid_hip,0.0,0.0,right_hip,-0.35343605,-0.014785844,right_knee,-0.7866282,0.7863525,right_ankle,-1.1874592,1.699771,left_hip,0.35343605,0.014785844,left_knee,-0.30964956,0.8018628,left_ankle,-0.882521,1.7068298,0,0,0
Not_Fall__Not_Fall_Sleep_nf_raw_b_3_B_M_129_resized,37,C:\Users\ASUS\Downloads\3D_Human_Pose_NCKH\paper_baselines\lin2021_yolov8_lstm_gru\data\paper_skeleton_csv\Not_Fall\Not_Fall_Not_Fall_Sleep_nf_raw_b_3_B_M_129_resized.csv,0,Not_Fall,nose,-0.10573022,-1.358163,neck,0.06795929,-0.9976882,right_shoulder,-0.5207855,-0.9629327,right_elbow,-0.96962434,-0.511649,right_wrist,-0.34186512,-0.73766565,left_shoulder,0.6567041,-1.0324435,left_elbow,1.179961,-0.60291857,left_wrist,0.64714015,-0.75111955,mid_hip,0.0,0.0,right_hip,-0.35679463,-0.013424462,right_knee,-0.8128274,0.7874164,right_ankle,-1.2236804,1.7257006,left_hip,0.35679463,0.013424685,left_knee,-0.3231064,0.79150224,left_ankle,-0.9261384,1.7360662,0,0,0
Not_Fall__Not_Fall_Sleep_nf_raw_b_3_B_M_129_resized,38,C:\Users\ASUS\Downloads\3D_Human_Pose_NCKH\paper_baselines\lin2021_yolov8_lstm_gru\data\paper_skeleton_csv\Not_Fall\Not_Fall_Not_Fall_Sleep_nf_raw_b_3_B_M_129_resized.csv,0,Not_Fall,nose,-0.110027015,-1.3509068,neck,0.06357163,-0.99797726,right_shoulder,-0.52124536,-0.96316296,right_elbow,-0.9633662,-0.51748353,right_wrist,-0.34145847,-0.737786,left_shoulder,0.6483886,-1.0327917,left_elbow,1.1623898,-0.60462624,left_wrist,0.6356003,-0.74795526,mid_hip,0.0,0.0,right_hip,-0.35442832,-0.012622938,right_knee,-0.8119626,0.77416486,right_ankle,-1.2188083,1.7171191,left_hip,0.35442832,0.012622938,left_knee,-0.3220382,0.7689022,left_ankle,-0.93307734,1.7099627,0,0,0
Not_Fall__Not_Fall_Sleep_nf_raw_b_3_B_M_129_resized,39,C:\Users\ASUS\Downloads\3D_Human_Pose_NCKH\paper_baselines\lin2021_yolov8_lstm_gru\data\paper_skeleton_csv\Not_Fall\Not_Fall_Not_Fall_Sleep_nf_raw_b_3_B_M_129_resized.csv,0,Not_Fall,nose,-0.10335303,-1.3528229,neck,0.06907646,-0.99761134,right_shoulder,-0.51241326,-0.964542,right_elbow,-0.9464714,-0.5198883,right_wrist,-0.33058736,-0.7360154,left_shoulder,0.65056616,-1.0306807,left_elbow,1.1616966,-0.6050225,left_wrist,0.6381742,-0.74842477,mid_hip,0.0,0.0,right_hip,-0.35223314,-0.014165779,right_knee,-0.80656075,0.77815986,right_ankle,-1.2052478,1.6937215,left_hip,0.35223314,0.014165998,left_knee,-0.33258185,0.7828575,left_ankle,-0.94078726,1.69636,0,0,0
Not_Fall__Not_Fall_Sleep_nf_raw_b_3_B_M_129_resized,40,C:\Users\ASUS\Downloads\3D_Human_Pose_NCKH\paper_baselines\lin2021_yolov8_lstm_gru\data\paper_skeleton_csv\Not_Fall\Not_Fall_Not_Fall_Sleep_nf_raw_b_3_B_M_129_resized.csv,0,Not_Fall,nose,-0.10422995,-1.3572298,neck,0.068863615,-0.99762607,right_shoulder,-0.5181743,-0.96545506,right_elbow,-0.95988613,-0.51762825,right_wrist,-0.33658585,-0.7352876,left_shoulder,0.6559015,-1.0297971,left_elbow,1.1761198,-0.60350627,left_wrist,0.64484125,-0.7475419,mid_hip,0.0,0.0,right_hip,-0.3546151,-0.015024401,right_knee,-0.79617304,0.7791522,right_ankle,-1.1972857,1.7126691,left_hip,0.3546153,0.01502418,left_knee,-0.32933813,0.7950973,left_ankle,-0.9377918,1.7271427,0,0,0
Not_Fall__Not_Fall_Sleep_nf_raw_b_3_B_M_129_resized,41,C:\Users\ASUS\Downloads\3D_Human_Pose_NCKH\paper_baselines\lin2021_yolov8_lstm_gru\data\paper_skeleton_csv\Not_Fall\Not_Fall_Not_Fall_Sleep_nf_raw_b_3_B_M_129_resized.csv,0,Not_Fall,nose,-0.10572452,-1.3542113,neck,0.06315951,-0.99800336,right_shoulder,-0.52393645,-0.96611047,right_elbow,-0.96085304,-0.5204149,right_wrist,-0.33995113,-0.73451596,left_shoulder,0.65025574,-1.0298964,left_elbow,1.168678,-0.60119075,left_wrist,0.6397426,-0.74537456,mid_hip,0.0,0.0,right_hip,-0.35526383,-0.014724149,right_knee,-0.8055631,0.7839101,right_ankle,-1.2115458,1.7199768,left_hip,0.35526407,0.014724149,left_knee,-0.3246489,0.79440737,left_ankle,-0.9463955,1.7287769,0,0,0
Not_Fall__Not_Fall_Sleep_nf_raw_b_3_B_M_129_resized,42,C:\Users\ASUS\Downloads\3D_Human_Pose_NCKH\paper_baselines\lin2021_yolov8_lstm_gru\data\paper_skeleton_csv\Not_Fall\Not_Fall_Not_Fall_Sleep_nf_raw_b_3_B_M_129_resized.csv,0,Not_Fall,nose,-0.10514739,-1.3559997,neck,0.066187374,-0.99780715,right_shoulder,-0.5204686,-0.9644828,right_elbow,-0.96225595,-0.5169483,right_wrist,-0.3393103,-0.7360589,left_shoulder,0.65284336,-1.0311316,left_elbow,1.1748376,-0.60212976,left_wrist,0.64330786,-0.74964386,mid_hip,0.0,0.0,right_hip,-0.35475686,-0.014077533,right_knee,-0.8010762,0.7886442,right_ankle,-1.2114425,1.7176965,left_hip,0.35475686,0.014077533,left_knee,-0.32706764,0.79580605,left_ankle,-0.94118994,1.7273488,0,0,0
Not_Fall__Not_Fall_Sleep_nf_raw_b_3_B_M_129_resized,43,C:\Users\ASUS\Downloads\3D_Human_Pose_NCKH\paper_baselines\lin2021_yolov8_lstm_gru\data\paper_skeleton_csv\Not_Fall\Not_Fall_Not_Fall_Sleep_nf_raw_b_3_B_M_129_resized.csv,0,Not_Fall,nose,-0.10963788,-1.3573328,neck,0.06360559,-0.9979751,right_shoulder,-0.52482694,-0.9620685,right_elbow,-0.96828467,-0.5187286,right_wrist,-0.345209,-0.7377417,left_shoulder,0.6520384,-1.0338818,left_elbow,1.1690739,-0.60340285,left_wrist,0.63820505,-0.74731386,mid_hip,0.0,0.0,right_hip,-0.35616258,-0.011949442,right_knee,-0.8082691,0.7909357,right_ankle,-1.2149642,1.7388188,left_hip,0.35616282,0.01194922,left_knee,-0.3213809,0.7791964,left_ankle,-0.9388244,1.7337979,0,0,0
Not_Fall__Not_Fall_Sleep_nf_raw_b_3_B_M_129_resized,44,C:\Users\ASUS\Downloads\3D_Human_Pose_NCKH\paper_baselines\lin2021_yolov8_lstm_gru\data\paper_skeleton_csv\Not_Fall\Not_Fall_Not_Fall_Sleep_nf_raw_b_3_B_M_129_resized.csv,0,Not_Fall,nose,-0.10307076,-1.3556879,neck,0.06465944,-0.99790734,right_shoulder,-0.5223954,-0.9626482,right_elbow,-0.9630331,-0.51717806,right_wrist,-0.34411508,-0.736864,left_shoulder,0.65171427,-1.0331666,left_elbow,1.168395,-0.6095637,left_wrist,0.6465536,-0.75068355,mid_hip,0.0,0.0,right_hip,-0.3549925,-0.012241244,right_knee,-0.8037076,0.7932349,right_ankle,-1.1981311,1.7329948,left_hip,0.3549925,0.012241244,left_knee,-0.32602704,0.7881833,left_ankle,-0.9397356,1.7291096,0,0,0
Not_Fall__Not_Fall_Sleep_nf_raw_b_3_B_M_129_resized,45,C:\Users\ASUS\Downloads\3D_Human_Pose_NCKH\paper_baselines\lin2021_yolov8_lstm_gru\data\paper_skeleton_csv\Not_Fall\Not_Fall_Not_Fall_Sleep_nf_raw_b_3_B_M_129_resized.csv,0,Not_Fall,nose,-0.100947686,-1.3546648,neck,0.06418153,-0.9979383,right_shoulder,-0.5205073,-0.963749,right_elbow,-0.9576592,-0.5223948,right_wrist,-0.34350225,-0.7360511,left_shoulder,0.64887035,-1.0321275,left_elbow,1.1657387,-0.6141281,left_wrist,0.6498652,-0.75205314,mid_hip,0.0,0.0,right_hip,-0.35365158,-0.012864711,right_knee,-0.79772484,0.78259635,right_ankle,-1.1877526,1.7120701,left_hip,0.35365182,0.012864932,left_knee,-0.3185051,0.7835294,left_ankle,-0.93146014,1.7159948,0,0,0
Not_Fall__Not_Fall_Sleep_nf_raw_b_3_B_M_129_resized,46,C:\Users\ASUS\Downloads\3D_Human_Pose_NCKH\paper_baselines\lin2021_yolov8_lstm_gru\data\paper_skeleton_csv\Not_Fall\Not_Fall_Not_Fall_Sleep_nf_raw_b_3_B_M_129_resized.csv,0,Not_Fall,nose,-0.102945454,-1.3543916,neck,0.062975034,-0.9980151,right_shoulder,-0.5231843,-0.96202976,right_elbow,-0.9618958,-0.52484727,right_wrist,-0.33712772,-0.736275,left_shoulder,0.64913434,-1.0340005,left_elbow,1.163289,-0.61658627,left_wrist,0.64599156,-0.7496522,mid_hip,0.0,0.0,right_hip,-0.3551245,-0.010276823,right_knee,-0.8015858,0.79013336,right_ankle,-1.1886528,1.7282679,left_hip,0.3551245,0.010276823,left_knee,-0.30847993,0.76791847,left_ankle,-0.91942614,1.7042816,0,0,0
Not_Fall__Not_Fall_Sleep_nf_raw_b_3_B_M_129_resized,47,C:\Users\ASUS\Downloads\3D_Human_Pose_NCKH\paper_baselines\lin2021_yolov8_lstm_gru\data\paper_skeleton_csv\Not_Fall\Not_Fall_Not_Fall_Sleep_nf_raw_b_3_B_M_129_resized.csv,0,Not_Fall,nose,-0.10588324,-1.3500929,neck,0.06013619,-0.9981901,right_shoulder,-0.52789485,-0.96316487,right_elbow,-0.9664757,-0.5181507,right_wrist,-0.3405642,-0.73310614,left_shoulder,0.64816725,-1.0332154,left_elbow,1.16338,-0.6134422,left_wrist,0.6393588,-0.74876076,mid_hip,0.0,0.0,right_hip,-0.3551311,-0.011922849,right_knee,-0.79742,0.77436167,right_ankle,-1.1759235,1.7166528,left_hip,0.3551311,0.011923071,left_knee,-0.31650135,0.7699986,left_ankle,-0.93502396,1.7089974,0,0,0
Not_Fall__Not_Fall_Sleep_nf_raw_b_3_B_M_129_resized,48,C:\Users\ASUS\Downloads\3D_Human_Pose_NCKH\paper_baselines\lin2021_yolov8_lstm_gru\data\paper_skeleton_csv\Not_Fall\Not_Fall_Not_Fall_Sleep_nf_raw_b_3_B_M_129_resized.csv,0,Not_Fall,nose,-0.11476437,-1.3652582,neck,0.05485795,-0.9984942,right_shoulder,-0.53794295,-0.96402836,right_elbow,-0.97877127,-0.5134328,right_wrist,-0.35576656,-0.72938234,left_shoulder,0.6476588,-1.0329599,left_elbow,1.1778008,-0.6056069,left_wrist,0.64298743,-0.74096245,mid_hip,0.0,0.0,right_hip,-0.35970047,-0.011877945,right_knee,-0.80257446,0.8072391,right_ankle,-1.1964675,1.7287879,left_hip,0.35970026,0.011877945,left_knee,-0.3074973,0.8025571,left_ankle,-0.90268826,1.7169468,0,0,0
Not_Fall__Not_Fall_Sleep_nf_raw_b_3_B_M_129_resized,49,C:\Users\ASUS\Downloads\3D_Human_Pose_NCKH\paper_baselines\lin2021_yolov8_lstm_gru\data\paper_skeleton_csv\Not_Fall\Not_Fall_Not_Fall_Sleep_nf_raw_b_3_B_M_129_resized.csv,0,Not_Fall,nose,-0.11801182,-1.3706115,neck,0.054683443,-0.9985037,right_shoulder,-0.54060304,-0.96290463,right_elbow,-0.99073833,-0.5114242,right_wrist,-0.35793322,-0.72998947,left_shoulder,0.64996994,-1.0341028,left_elbow,1.1768895,-0.60597134,left_wrist,0.6446949,-0.7432242,mid_hip,0.0,0.0,right_hip,-0.361281,-0.010749519,right_knee,-0.8052713,0.80890006,right_ankle,-1.2197309,1.756205,left_hip,0.3612808,0.010749745,left_knee,-0.3029451,0.7959311,left_ankle,-0.9143925,1.7357316,0,0,0
Not_Fall__Not_Fall_Sleep_nf_raw_b_3_B_M_129_resized,50,C:\Users\ASUS\Downloads\3D_Human_Pose_NCKH\paper_baselines\lin2021_yolov8_lstm_gru\data\paper_skeleton_csv\Not_Fall\Not_Fall_Not_Fall_Sleep_nf_raw_b_3_B_M_129_resized.csv,0,Not_Fall,nose,-0.12228805,-1.3669297,neck,0.051402397,-0.998678,right_shoulder,-0.5444866,-0.963616,right_elbow,-0.9875642,-0.5125008,right_wrist,-0.35771284,-0.72741336,left_shoulder,0.64729136,-1.0337402,left_elbow,1.1728911,-0.60214007,left_wrist,0.6344142,-0.7381104,mid_hip,0.0,0.0,right_hip,-0.36127242,-0.0112500405,right_knee,-0.79813385,0.801082,right_ankle,-1.2104982,1.7432518,left_hip,0.36127242,0.011249815,left_knee,-0.29666185,0.79177636,left_ankle,-0.9247949,1.7259334,0,0,0
Not_Fall__Not_Fall_Sleep_nf_raw_b_3_B_M_129_resized,51,C:\Users\ASUS\Downloads\3D_Human_Pose_NCKH\paper_baselines\lin2021_yolov8_lstm_gru\data\paper_skeleton_csv\Not_Fall\Not_Fall_Not_Fall_Sleep_nf_raw_b_3_B_M_129_resized.csv,0,Not_Fall,nose,-0.123681165,-1.3724208,neck,0.050783042,-0.99870974,right_shoulder,-0.546036,-0.9625877,right_elbow,-0.99069345,-0.50960106,right_wrist,-0.3628098,-0.72595227,left_shoulder,0.6476021,-1.0348318,left_elbow,1.1783553,-0.60227746,left_wrist,0.6384755,-0.7387798,mid_hip,0.0,0.0,right_hip,-0.36212078,-0.011136095,right_knee,-0.8012832,0.8144358,right_ankle,-1.2219962,1.7386512,left_hip,0.36212054,0.011136095,left_knee,-0.30199793,0.8055006,left_ankle,-0.92863506,1.7272221,0,0,0
Not_Fall__Not_Fall_Sleep_nf_raw_b_3_B_M_129_resized,52,C:\Users\ASUS\Downloads\3D_Human_Pose_NCKH\paper_baselines\lin2021_yolov8_lstm_gru\data\paper_skeleton_csv\Not_Fall\Not_Fall_Not_Fall_Sleep_nf_raw_b_3_B_M_129_resized.csv,0,Not_Fall,nose,-0.12654668,-1.3717076,neck,0.048480656,-0.9988242,right_shoulder,-0.55410516,-0.963043,right_elbow,-0.99767053,-0.5065885,right_wrist,-0.36794034,-0.72300917,left_shoulder,0.6510665,-1.0346054,left_elbow,1.1810286,-0.60095644,left_wrist,0.6394889,-0.73823506,mid_hip,0.0,0.0,right_hip,-0.3657806,-0.01143166,right_knee,-0.80453724,0.8129689,right_ankle,-1.2126511,1.7552626,left_hip,0.36578083,0.011431887,left_knee,-0.2900896,0.80932504,left_ankle,-0.9253922,1.7500741,0,0,0
Not_Fall__Not_Fall_Sleep_nf_raw_b_3_B_M_129_resized,53,C:\Users\ASUS\Downloads\3D_Human_Pose_NCKH\paper_baselines\lin2021_yolov8_lstm_gru\data\paper_skeleton_csv\Not_Fall\Not_Fall_Not_Fall_Sleep_nf_raw_b_3_B_M_129_resized.csv,0,Not_Fall,nose,-0.12827238,-1.366111,neck,0.04971811,-0.9987633,right_shoulder,-0.5515986,-0.9631968,right_elbow,-0.9957323,-0.50669914,right_wrist,-0.37001607,-0.7221406,left_shoulder,0.65103483,-1.0343297,left_elbow,1.17453,-0.59589416,left_wrist,0.63663465,-0.7379367,mid_hip,0.0,0.0,right_hip,-0.36526045,-0.012184616,right_knee,-0.81673956,0.8142485,right_ankle,-1.2267826,1.7621531,left_hip,0.36526045,0.0121848425,left_knee,-0.29960513,0.8118368,left_ankle,-0.93607914,1.7612886,0,0,0
Not_Fall__Not_Fall_Sleep_nf_raw_b_3_B_M_129_resized,54,C:\Users\ASUS\Downloads\3D_Human_Pose_NCKH\paper_baselines\lin2021_yolov8_lstm_gru\data\paper_skeleton_csv\Not_Fall\Not_Fall_Not_Fall_Sleep_nf_raw_b_3_B_M_129_resized.csv,0,Not_Fall,nose,-0.12577493,-1.3637549,neck,0.052457742,-0.99862313,right_shoulder,-0.5474367,-0.9640774,right_elbow,-0.99007493,-0.51267225,right_wrist,-0.36817646,-0.72443354,left_shoulder,0.6523522,-1.0331688,left_elbow,1.1703024,-0.60251343,left_wrist,0.6332825,-0.74157006,mid_hip,0.0,0.0,right_hip,-0.36427674,-0.012813602,right_knee,-0.81397825,0.8063374,right_ankle,-1.2210983,1.7580118,left_hip,0.36427674,0.012813602,left_knee,-0.29831135,0.80787385,left_ankle,-0.93963426,1.7556518,0,0,0
Not_Fall__Not_Fall_Sleep_nf_raw_b_3_B_M_129_resized,55,C:\Users\ASUS\Downloads\3D_Human_Pose_NCKH\paper_baselines\lin2021_yolov8_lstm_gru\data\paper_skeleton_csv\Not_Fall\Not_Fall_Not_Fall_Sleep_nf_raw_b_3_B_M_129_resized.csv,0,Not_Fall,nose,-0.1314413,-1.3635372,neck,0.045564257,-0.9989614,right_shoulder,-0.5561991,-0.96402645,right_elbow,-0.99852496,-0.510326,right_wrist,-0.37505892,-0.72270685,left_shoulder,0.6473276,-1.0338963,left_elbow,1.1649803,-0.5961748,left_wrist,0.6321128,-0.7395826,mid_hip,0.0,0.0,right_hip,-0.36506277,-0.012253234,right_knee,-0.8165927,0.8157589,right_ankle,-1.2206544,1.7671,left_hip,0.36506277,0.012253007,left_knee,-0.30975303,0.8128732,left_ankle,-0.9579586,1.7625952,0,0,0
Not_Fall__Not_Fall_Sleep_nf_raw_b_3_B_M_129_resized,56,C:\Users\ASUS\Downloads\3D_Human_Pose_NCKH\paper_baselines\lin2021_yolov8_lstm_gru\data\paper_skeleton_csv\Not_Fall\Not_Fall_Not_Fall_Sleep_nf_raw_b_3_B_M_129_resized.csv,0,Not_Fall,nose,-0.12132247,-1.3621527,neck,0.04949913,-0.99877423,right_shoulder,-0.5517899,-0.9647167,right_elbow,-0.9907702,-0.5097244,right_wrist,-0.3707953,-0.72035265,left_shoulder,0.6507879,-1.0328319,left_elbow,1.1698403,-0.60280734,left_wrist,0.6399796,-0.7431246,mid_hip,0.0,0.0,right_hip,-0.36572942,-0.01250203,right_knee,-0.82098365,0.81737715,right_ankle,-1.205578,1.7557111,left_hip,0.36572963,0.012502256,left_knee,-0.29669467,0.8184658,left_ankle,-0.92254835,1.7545457,0,0,0
Not_Fall__Not_Fall_Sleep_nf_raw_b_3_B_M_129_resized,57,C:\Users\ASUS\Downloads\3D_Human_Pose_NCKH\paper_baselines\lin2021_yolov8_lstm_gru\data\paper_skeleton_csv\Not_Fall\Not_Fall_Not_Fall_Sleep_nf_raw_b_3_B_M_129_resized.csv,0,Not_Fall,nose,-0.12365626,-1.3679312,neck,0.045352876,-0.99897105,right_shoulder,-0.5546799,-0.96137285,right_elbow,-0.9943681,-0.51587886,right_wrist,-0.37310916,-0.72474265,left_shoulder,0.64538544,-1.0365691,left_elbow,1.1630535,-0.6109189,left_wrist,0.6326025,-0.74822605,mid_hip,0.0,0.0,right_hip,-0.3650097,-0.009811185,right_knee,-0.82011515,0.8133615,right_ankle,-1.1846842,1.7363867,left_hip,0.3650095,0.009811185,left_knee,-0.29670835,0.79494697,left_ankle,-0.9078392,1.7286714,0,0,0
Not_Fall__Not_Fall_Sleep_nf_raw_b_3_B_M_129_resized,58,C:\Users\ASUS\Downloads\3D_Human_Pose_NCKH\paper_baselines\lin2021_yolov8_lstm_gru\data\paper_skeleton_csv\Not_Fall\Not_Fall_Not_Fall_Sleep_nf_raw_b_3_B_M_129_resized.csv,0,Not_Fall,nose,-0.12699266,-1.3687404,neck,0.04498505,-0.9989877,right_shoulder,-0.55883455,-0.96252286,right_elbow,-1.002791,-0.51467746,right_wrist,-0.3711438,-0.72366387,left_shoulder,0.64880466,-1.0354525,left_elbow,1.1674646,-0.61295956,left_wrist,0.6333691,-0.75130093,mid_hip,0.0,0.0,right_hip,-0.3673791,-0.010951864,right_knee,-0.82125384,0.8172062,right_ankle,-1.2060314,1.7466058,left_hip,0.36737934,0.01095209,left_knee,-0.29349282,0.80977243,left_ankle,-0.91757137,1.7441086,0,0,0
Not_Fall__Not_Fall_Sleep_nf_raw_b_3_B_M_129_resized,59,C:\Users\ASUS\Downloads\3D_Human_Pose_NCKH\paper_baselines\lin2021_yolov8_lstm_gru\data\paper_skeleton_csv\Not_Fall\Not_Fall_Not_Fall_Sleep_nf_raw_b_3_B_M_129_resized.csv,0,Not_Fall,nose,-0.12842642,-1.3653215,neck,0.043661464,-0.9990464,right_shoulder,-0.56127304,-0.96147466,right_elbow,-1.0035949,-0.512923,right_wrist,-0.36966503,-0.7252885,left_shoulder,0.64859575,-1.0366182,left_elbow,1.1645666,-0.6133894,left_wrist,0.63494635,-0.75183886,mid_hip,0.0,0.0,right_hip,-0.36761242,-0.010118295,right_knee,-0.81664217,0.81369853,right_ankle,-1.2025965,1.7512505,left_hip,0.3676122,0.010118522,left_knee,-0.29199854,0.8006257,left_ankle,-0.9291659,1.7410531,0,0,0
Not_Fall__Not_Fall_Sleep_nf_raw_b_3_B_M_129_resized,60,C:\Users\ASUS\Downloads\3D_Human_Pose_NCKH\paper_baselines\lin2021_yolov8_lstm_gru\data\paper_skeleton_csv\Not_Fall\Not_Fall_Not_Fall_Sleep_nf_raw_b_3_B_M_129_resized.csv,0,Not_Fall,nose,-0.117706686,-1.3666754,neck,0.044689637,-0.9990009,right_shoulder,-0.55590206,-0.9611847,right_elbow,-0.99626994,-0.5177181,right_wrist,-0.3671643,-0.73202544,left_shoulder,0.64528155,-1.0368171,left_elbow,1.1616008,-0.62496316,left_wrist,0.6407555,-0.75509673,mid_hip,0.0,0.0,right_hip,-0.36419928,-0.00935256,right_knee,-0.8062613,0.80156076,right_ankle,-1.1674527,1.7573043,left_hip,0.36419928,0.0093527865,left_knee,-0.29218665,0.7881946,left_ankle,-0.9100721,1.7496388,0,0,0
Not_Fall__Not_Fall_Sleep_nf_raw_b_3_B_M_129_resized,61,C:\Users\ASUS\Downloads\3D_Human_Pose_NCKH\paper_baselines\lin2021_yolov8_lstm_gru\data\paper_skeleton_csv\Not_Fall\Not_Fall_Not_Fall_Sleep_nf_raw_b_3_B_M_129_resized.csv,0,Not_Fall,nose,-0.112653755,-1.3611386,neck,0.04623173,-0.9989307,right_shoulder,-0.54994106,-0.9612929,right_elbow,-0.97968674,-0.52113026,right_wrist,-0.35518032,-0.7337781,left_shoulder,0.6424043,-1.0365685,left_elbow,1.1461223,-0.6239754,left_wrist,0.6327876,-0.75915444,mid_hip,0.0,0.0,right_hip,-0.36234507,-0.0088391695,right_knee,-0.8142267,0.80939794,right_ankle,-1.1480292,1.7220577,left_hip,0.3623453,0.008838946,left_knee,-0.30025402,0.78596944,left_ankle,-0.9079081,1.7056016,0,0,0
Not_Fall__Not_Fall_Sleep_nf_raw_b_3_B_M_129_resized,62,C:\Users\ASUS\Downloads\3D_Human_Pose_NCKH\paper_baselines\lin2021_yolov8_lstm_gru\data\paper_skeleton_csv\Not_Fall\Not_Fall_Not_Fall_Sleep_nf_raw_b_3_B_M_129_resized.csv,0,Not_Fall,nose,-0.11463579,-1.36491,neck,0.04787386,-0.9988533,right_shoulder,-0.5541058,-0.95999867,right_elbow,-0.983713,-0.5187147,right_wrist,-0.35978693,-0.7324912,left_shoulder,0.64985377,-1.0377079,left_elbow,1.1594555,-0.6168261,left_wrist,0.6358394,-0.7514997,mid_hip,0.0,0.0,right_hip,-0.36626118,-0.008730558,right_knee,-0.82684267,0.82346696,right_ankle,-1.1852307,1.746154,left_hip,0.36626118,0.008730558,left_knee,-0.29824674,0.79388857,left_ankle,-0.93253404,1.7272722,0,0,0
Not_Fall__Not_Fall_Sleep_nf_raw_b_3_B_M_129_resized,63,C:\Users\ASUS\Downloads\3D_Human_Pose_NCKH\paper_baselines\lin2021_yolov8_lstm_gru\data\paper_skeleton_csv\Not_Fall\Not_Fall_Not_Fall_Sleep_nf_raw_b_3_B_M_129_resized.csv,0,Not_Fall,nose,-0.11036807,-1.3620275,neck,0.05127052,-0.9986849,right_shoulder,-0.54796,-0.9610908,right_elbow,-0.97568226,-0.52103686,right_wrist,-0.35438728,-0.732279,left_shoulder,0.650501,-1.036279,left_elbow,1.1590478,-0.61879265,left_wrist,0.6380684,-0.7528959,mid_hip,0.0,0.0,right_hip,-0.3658062,-0.008615998,right_knee,-0.82933676,0.82882845,right_ankle,-1.1744568,1.7426149,left_hip,0.3658062,0.008615773,left_knee,-0.2853567,0.7967684,left_ankle,-0.89384013,1.7170553,0,0,0
Not_Fall__Not_Fall_Sleep_nf_raw_b_3_B_M_129_resized,64,C:\Users\ASUS\Downloads\3D_Human_Pose_NCKH\paper_baselines\lin2021_yolov8_lstm_gru\data\paper_skeleton_csv\Not_Fall\Not_Fall_Not_Fall_Sleep_nf_raw_b_3_B_M_129_resized.csv,0,Not_Fall,nose,-0.12028138,-1.3647904,neck,0.04314818,-0.99906874,right_shoulder,-0.56068623,-0.9577242,right_elbow,-0.9953673,-0.5150593,right_wrist,-0.36846432,-0.7292571,left_shoulder,0.6469824,-1.0404134,left_elbow,1.1562226,-0.61463076,left_wrist,0.63312596,-0.7464295,mid_hip,0.0,0.0,right_hip,-0.36929882,-0.0060979845,right_knee,-0.849164,0.82851875,right_ankle,-1.198916,1.7736425,left_hip,0.36929882,0.006098211,left_knee,-0.27863076,0.77742547,left_ankle,-0.8910714,1.7380517,0,0,0
Not_Fall__Not_Fall_Sleep_nf_raw_b_3_B_M_129_resized,65,C:\Users\ASUS\Downloads\3D_Human_Pose_NCKH\paper_baselines\lin2021_yolov8_lstm_gru\data\paper_skeleton_csv\Not_Fall\Not_Fall_Not_Fall_Sleep_nf_raw_b_3_B_M_129_resized.csv,0,Not_Fall,nose,-0.12002238,-1.3614674,neck,0.043482672,-0.99905413,right_shoulder,-0.55887944,-0.9588,right_elbow,-0.98940086,-0.51244247,right_wrist,-0.3693288,-0.7271161,left_shoulder,0.64584476,-1.0393083,left_elbow,1.1568537,-0.61561227,left_wrist,0.6310303,-0.7452914,mid_hip,0.0,0.0,right_hip,-0.36790305,-0.007828017,right_knee,-0.84223056,0.8275661,right_ankle,-1.1853634,1.7489606,left_hip,0.36790282,0.007828017,left_knee,-0.28751585,0.79380226,left_ankle,-0.89708126,1.7288802,0,0,0
Not_Fall__Not_Fall_Sleep_nf_raw_b_3_B_M_129_resized,66,C:\Users\ASUS\Downloads\3D_Human_Pose_NCKH\paper_baselines\lin2021_yolov8_lstm_gru\data\paper_skeleton_csv\Not_Fall\Not_Fall_Not_Fall_Sleep_nf_raw_b_3_B_M_129_resized.csv,0,Not_Fall,nose,-0.11956569,-1.365181,neck,0.04537209,-0.9989702,right_shoulder,-0.5557071,-0.9581005,right_elbow,-0.99347234,-0.51436085,right_wrist,-0.36518326,-0.7313933,left_shoulder,0.6464513,-1.0398399,left_elbow,1.1515115,-0.6261713,left_wrist,0.6338478,-0.7527951,mid_hip,0.0,0.0,right_hip,-0.3666106,-0.0077587,right_knee,-0.8332347,0.81086695,right_ankle,-1.196491,1.7581121,left_hip,0.3666108,0.0077587,left_knee,-0.28480655,0.7820335,left_ankle,-0.9052815,1.7393211,0,0,0
Not_Fall__Not_Fall_Sleep_nf_raw_b_3_B_M_129_resized,67,C:\Users\ASUS\Downloads\3D_Human_Pose_NCKH\paper_baselines\lin2021_yolov8_lstm_gru\data\paper_skeleton_csv\Not_Fall\Not_Fall_Not_Fall_Sleep_nf_raw_b_3_B_M_129_resized.csv,0,Not_Fall,nose,-0.11924527,-1.3610109,neck,0.04740801,-0.99887556,right_shoulder,-0.55161095,-0.96059006,right_elbow,-0.9851223,-0.513427,right_wrist,-0.36136696,-0.7325921,left_shoulder,0.6464268,-1.0371611,left_elbow,1.1554418,-0.6167713,left_wrist,0.6299406,-0.7476299,mid_hip,0.0,0.0,right_hip,-0.36510333,-0.009587888,right_knee,-0.8241828,0.8064752,right_ankle,-1.1934454,1.7358016,left_hip,0.3651031,0.009588112,left_knee,-0.28503737,0.789702,left_ankle,-0.90469027,1.7252796,0,0,0
Not_Fall__Not_Fall_Sleep_nf_raw_b_3_B_M_129_resized,68,C:\Users\ASUS\Downloads\3D_Human_Pose_NCKH\paper_baselines\lin2021_yolov8_lstm_gru\data\paper_skeleton_csv\Not_Fall\Not_Fall_Not_Fall_Sleep_nf_raw_b_3_B_M_129_resized.csv,0,Not_Fall,nose,-0.122209996,-1.3622333,neck,0.048589796,-0.9988188,right_shoulder,-0.54964817,-0.95845485,right_elbow,-0.9891913,-0.51233524,right_wrist,-0.36484304,-0.73185635,left_shoulder,0.6468275,-1.0391829,left_elbow,1.1529036,-0.6189933,left_wrist,0.62980545,-0.74439216,mid_hip,0.0,0.0,right_hip,-0.36433154,-0.008858709,right_knee,-0.8214467,0.80918425,right_ankle,-1.1929957,1.7418236,left_hip,0.36433154,0.008858709,left_knee,-0.28744933,0.7901659,left_ankle,-0.90971476,1.7365642,0,0,0
Not_Fall__Not_Fall_Sleep_nf_raw_b_3_B_M_129_resized,69,C:\Users\ASUS\Downloads\3D_Human_Pose_NCKH\paper_baselines\lin2021_yolov8_lstm_gru\data\paper_skeleton_csv\Not_Fall\Not_Fall_Not_Fall_Sleep_nf_raw_b_3_B_M_129_resized.csv,0,Not_Fall,nose,-0.12498917,-1.3577994,neck,0.045725018,-0.998954,right_shoulder,-0.5515242,-0.9579228,right_elbow,-0.98477936,-0.5148757,right_wrist,-0.3703874,-0.730692,left_shoulder,0.64297444,-1.0399851,left_elbow,1.151098,-0.6206111,left_wrist,0.6231129,-0.74252,mid_hip,0.0,0.0,right_hip,-0.36287433,-0.008697138,right_knee,-0.8218067,0.797804,right_ankle,-1.1755548,1.7376033,left_hip,0.36287433,0.008696914,left_knee,-0.29783097,0.7763654,left_ankle,-0.9209771,1.7267169,0,0,0
Not_Fall__Not_Fall_Sleep_nf_raw_b_3_B_M_129_resized,70,C:\Users\ASUS\Downloads\3D_Human_Pose_NCKH\paper_baselines\lin2021_yolov8_lstm_gru\data\paper_skeleton_csv\Not_Fall\Not_Fall_Not_Fall_Sleep_nf_raw_b_3_B_M_129_resized.csv,0,Not_Fall,nose,-0.12232425,-1.3628354,neck,0.050288048,-0.9987348,right_shoulder,-0.54458797,-0.95748526,right_elbow,-0.9771043,-0.5164274,right_wrist,-0.36410296,-0.7343841,left_shoulder,0.6451643,-1.0399843,left_elbow,1.1540376,-0.6244126,left_wrist,0.6237208,-0.7436286,mid_hip,0.0,0.0,right_hip,-0.3616338,-0.00903179,right_knee,-0.81761533,0.8080338,right_ankle,-1.1932235,1.7347839,left_hip,0.36163405,0.009032014,left_knee,-0.30259967,0.7883177,left_ankle,-0.92681825,1.7242494,0,0,0
Not_Fall__Not_Fall_Sleep_nf_raw_b_3_B_M_129_resized,71,C:\Users\ASUS\Downloads\3D_Human_Pose_NCKH\paper_baselines\lin2021_yolov8_lstm_gru\data\paper_skeleton_csv\Not_Fall\Not_Fall_Not_Fall_Sleep_nf_raw_b_3_B_M_129_resized.csv,0,Not_Fall,nose,-0.121228054,-1.3688024,neck,0.0517921,-0.9986579,right_shoulder,-0.54778206,-0.95825326,right_elbow,-0.985472,-0.51812243,right_wrist,-0.36694455,-0.73429614,left_shoulder,0.6513663,-1.0390625,left_elbow,1.164309,-0.62414515,left_wrist,0.63258207,-0.7490124,mid_hip,0.0,0.0,right_hip,-0.3647098,-0.009173462,right_knee,-0.82105166,0.8150218,right_ankle,-1.2076373,1.7561132,left_hip,0.36471003,0.009173688,left_knee,-0.29409426,0.7935942,left_ankle,-0.9299252,1.7427069,0,0,0
Not_Fall__Not_Fall_Sleep_nf_raw_b_3_B_M_129_resized,72,C:\Users\ASUS\Downloads\3D_Human_Pose_NCKH\paper_baselines\lin2021_yolov8_lstm_gru\data\paper_skeleton_csv\Not_Fall\Not_Fall_Not_Fall_Sleep_nf_raw_b_3_B_M_129_resized.csv,0,Not_Fall,nose,-0.116597235,-1.3638031,neck,0.04886905,-0.9988052,right_shoulder,-0.54424965,-0.95729107,right_elbow,-0.9849612,-0.51211476,right_wrist,-0.3586194,-0.728489,left_shoulder,0.6419878,-1.0403192,left_elbow,1.1560892,-0.62071246,left_wrist,0.6356402,-0.7451711,mid_hip,0.0,0.0,right_hip,-0.36018416,-0.0074246456,right_knee,-0.8070297,0.78783345,right_ankle,-1.1751096,1.7402501,left_hip,0.36018416,0.007424421,left_knee,-0.28055784,0.75927395,left_ankle,-0.8859914,1.7283235,0,0,0
Not_Fall__Not_Fall_Sleep_nf_raw_b_3_B_M_129_resized,73,C:\Users\ASUS\Downloads\3D_Human_Pose_NCKH\paper_baselines\lin2021_yolov8_lstm_gru\data\paper_skeleton_csv\Not_Fall\Not_Fall_Not_Fall_Sleep_nf_raw_b_3_B_M_129_resized.csv,0,Not_Fall,nose,-0.119661,-1.3647448,neck,0.043822482,-0.99903935,right_shoulder,-0.5486641,-0.9555237,right_elbow,-0.9845115,-0.50838435,right_wrist,-0.36050764,-0.732102,left_shoulder,0.636309,-1.042555,left_elbow,1.1512322,-0.6243882,left_wrist,0.63323,-0.7477462,mid_hip,0.0,0.0,right_hip,-0.35987446,-0.005827213,right_knee,-0.8022965,0.79058015,right_ankle,-1.1727602,1.7221005,left_hip,0.35987446,0.0058269887,left_knee,-0.2799762,0.7529849,left_ankle,-0.88896143,1.6957457,0,0,0
Not_Fall__Not_Fall_Sleep_nf_raw_b_3_B_M_129_resized,74,C:\Users\ASUS\Downloads\3D_Human_Pose_NCKH\paper_baselines\lin2021_yolov8_lstm_gru\data\paper_skeleton_csv\Not_Fall\Not_Fall_Not_Fall_Sleep_nf_raw_b_3_B_M_129_resized.csv,0,Not_Fall,nose,-0.11610309,-1.3619719,neck,0.04792894,-0.9988508,right_shoulder,-0.54485303,-0.95678645,right_elbow,-0.98044854,-0.51021945,right_wrist,-0.35861483,-0.7323198,left_shoulder,0.6407109,-1.040915,left_elbow,1.1563969,-0.62192094,left_wrist,0.6368431,-0.7487635,mid_hip,0.0,0.0,right_hip,-0.3591095,-0.007209802,right_knee,-0.79849505,0.7876426,right_ankle,-1.175452,1.7303406,left_hip,0.35910928,0.007209578,left_knee,-0.28865826,0.7577658,left_ankle,-0.91098213,1.7107621,0,0,0
Not_Fall__Not_Fall_Sleep_nf_raw_b_3_B_M_129_resized,75,C:\Users\ASUS\Downloads\3D_Human_Pose_NCKH\paper_baselines\lin2021_yolov8_lstm_gru\data\paper_skeleton_csv\Not_Fall\Not_Fall_Not_Fall_Sleep_nf_raw_b_3_B_M_129_resized.csv,0,Not_Fall,nose,-0.11627945,-1.36062,neck,0.051333744,-0.99868155,right_shoulder,-0.54059565,-0.9572325,right_elbow,-0.9770589,-0.51033765,right_wrist,-0.35499108,-0.7313316,left_shoulder,0.6432631,-1.0401305,left_elbow,1.1597449,-0.6194623,left_wrist,0.63641614,-0.75022095,mid_hip,0.0,0.0,right_hip,-0.35930932,-0.007993965,right_knee,-0.8056338,0.7975274,right_ankle,-1.1851455,1.7322998,left_hip,0.35930955,0.00799419,left_knee,-0.29211915,0.7708119,left_ankle,-0.9029341,1.7190123,0,0,0
Not_Fall__Not_Fall_Sleep_nf_raw_b_3_B_M_129_resized,76,C:\Users\ASUS\Downloads\3D_Human_Pose_NCKH\paper_baselines\lin2021_yolov8_lstm_gru\data\paper_skeleton_csv\Not_Fall\Not_Fall_Not_Fall_Sleep_nf_raw_b_3_B_M_129_resized.csv,0,Not_Fall,nose,-0.11517848,-1.3623894,neck,0.05148893,-0.9986736,right_shoulder,-0.536603,-0.9564393,right_elbow,-0.97295487,-0.5136973,right_wrist,-0.35239726,-0.7337983,left_shoulder,0.63958085,-1.0409077,left_elbow,1.1525681,-0.62440246,left_wrist,0.6349813,-0.7524499,mid_hip,0.0,0.0,right_hip,-0.3564434,-0.007306738,right_knee,-0.8002754,0.7889354,right_ankle,-1.1810046,1.7169782,left_hip,0.35644364,0.007306515,left_knee,-0.29821497,0.7569926,left_ankle,-0.9143053,1.6959387,0,0,0
Not_Fall__Not_Fall_Sleep_nf_raw_b_3_B_M_129_resized,77,C:\Users\ASUS\Downloads\3D_Human_Pose_NCKH\paper_baselines\lin2021_yolov8_lstm_gru\data\paper_skeleton_csv\Not_Fall\Not_Fall_Not_Fall_Sleep_nf_raw_b_3_B_M_129_resized.csv,0,Not_Fall,nose,-0.11427916,-1.3648645,neck,0.048899908,-0.99880373,right_shoulder,-0.5411416,-0.9568148,right_elbow,-0.9766477,-0.51540697,right_wrist,-0.3516451,-0.7355409,left_shoulder,0.63894117,-1.0407926,left_elbow,1.1570406,-0.6258772,left_wrist,0.63320476,-0.75279754,mid_hip,0.0,0.0,right_hip,-0.35736543,-0.007990832,right_knee,-0.7980657,0.7893495,right_ankle,-1.1751126,1.7180989,left_hip,0.3573652,0.007990609,left_knee,-0.30067313,0.76582664,left_ankle,-0.91337365,1.7142506,0,0,0
Not_Fall__Not_Fall_Sleep_nf_raw_b_3_B_M_129_resized,78,C:\Users\ASUS\Downloads\3D_Human_Pose_NCKH\paper_baselines\lin2021_yolov8_lstm_gru\data\paper_skeleton_csv\Not_Fall\Not_Fall_Not_Fall_Sleep_nf_raw_b_3_B_M_129_resized.csv,0,Not_Fall,nose,-0.11162077,-1.3634654,neck,0.0522696,-0.998633,right_shoulder,-0.54106545,-0.95746905,right_elbow,-0.9759612,-0.51314795,right_wrist,-0.35137358,-0.73544693,left_shoulder,0.64560467,-1.039797,left_elbow,1.1615864,-0.62196153,left_wrist,0.63829356,-0.7538549,mid_hip,0.0,0.0,right_hip,-0.35932422,-0.008236977,right_knee,-0.8037725,0.78989327,right_ankle,-1.1819828,1.7409072,left_hip,0.359324,0.008236977,left_knee,-0.29695454,0.7642395,left_ankle,-0.9240658,1.7276527,0,0,0
Not_Fall__Not_Fall_Sleep_nf_raw_b_3_B_M_129_resized,79,C:\Users\ASUS\Downloads\3D_Human_Pose_NCKH\paper_baselines\lin2021_yolov8_lstm_gru\data\paper_skeleton_csv\Not_Fall\Not_Fall_Not_Fall_Sleep_nf_raw_b_3_B_M_129_resized.csv,0,Not_Fall,nose,-0.11851083,-1.3657488,neck,0.048714094,-0.9988128,right_shoulder,-0.54188454,-0.958842,right_elbow,-0.9809883,-0.5175997,right_wrist,-0.36034602,-0.73748136,left_shoulder,0.6393125,-1.0387836,left_elbow,1.155672,-0.6258456,left_wrist,0.63390744,-0.7568438,mid_hip,0.0,0.0,right_hip,-0.35707438,-0.009718719,right_knee,-0.79750663,0.78275615,right_ankle,-1.1853528,1.7233531,left_hip,0.35707417,0.009718495,left_knee,-0.3083205,0.77218634,left_ankle,-0.93722004,1.7242919,0,0,0
Not_Fall__Not_Fall_Sleep_nf_raw_b_3_B_M_129_resized,80,C:\Users\ASUS\Downloads\3D_Human_Pose_NCKH\paper_baselines\lin2021_yolov8_lstm_gru\data\paper_skeleton_csv\Not_Fall\Not_Fall_Not_Fall_Sleep_nf_raw_b_3_B_M_129_resized.csv,0,Not_Fall,nose,-0.11532499,-1.3651507,neck,0.051612873,-0.9986671,right_shoulder,-0.5397163,-0.9593944,right_elbow,-0.97757757,-0.5155443,right_wrist,-0.35810816,-0.73857945,left_shoulder,0.642942,-1.0379399,left_elbow,1.1599199,-0.62037486,left_wrist,0.6357282,-0.7545684,mid_hip,0.0,0.0,right_hip,-0.35736096,-0.010669205,right_knee,-0.8014087,0.7832093,right_ankle,-1.1662817,1.7215884,left_hip,0.35736075,0.010669205,left_knee,-0.31854004,0.77983975,left_ankle,-0.92883503,1.7379351,0,0,0
Not_Fall__Not_Fall_Sleep_nf_raw_b_3_B_M_129_resized,81,C:\Users\ASUS\Downloads\3D_Human_Pose_NCKH\paper_baselines\lin2021_yolov8_lstm_gru\data\paper_skeleton_csv\Not_Fall\Not_Fall_Not_Fall_Sleep_nf_raw_b_3_B_M_129_resized.csv,0,Not_Fall,nose,-0.11944597,-1.3748525,neck,0.048872713,-0.99880505,right_shoulder,-0.5474785,-0.9606084,right_elbow,-0.9867028,-0.5147644,right_wrist,-0.36675966,-0.7379022,left_shoulder,0.64522415,-1.0370016,left_elbow,1.170534,-0.625555,left_wrist,0.64024806,-0.7596787,mid_hip,0.0,0.0,right_hip,-0.36004025,-0.0118746245,right_knee,-0.79726994,0.78276724,right_ankle,-1.1839392,1.7384934,left_hip,0.36004025,0.01187485,left_knee,-0.31489447,0.7925269,left_ankle,-0.9431539,1.7608509,0,0,0
Not_Fall__Not_Fall_Sleep_nf_raw_b_3_B_M_129_resized,82,C:\Users\ASUS\Downloads\3D_Human_Pose_NCKH\paper_baselines\lin2021_yolov8_lstm_gru\data\paper_skeleton_csv\Not_Fall\Not_Fall_Not_Fall_Sleep_nf_raw_b_3_B_M_129_resized.csv,0,Not_Fall,nose,-0.1176465,-1.3699646,neck,0.05140485,-0.9986779,right_shoulder,-0.5465943,-0.9605883,right_elbow,-0.9810783,-0.51478755,right_wrist,-0.36722374,-0.7346958,left_shoulder,0.649404,-1.0367676,left_elbow,1.1760427,-0.6220354,left_wrist,0.64281154,-0.7540621,mid_hip,0.0,0.0,right_hip,-0.3623893,-0.011627001,right_knee,-0.8144336,0.79366714,right_ankle,-1.1665307,1.723634,left_hip,0.3623893,0.011626775,left_knee,-0.31431323,0.79676354,left_ankle,-0.91246575,1.7428493,0,0,0
Not_Fall__Not_Fall_Sleep_nf_raw_b_3_B_M_129_resized,83,C:\Users\ASUS\Downloads\3D_Human_Pose_NCKH\paper_baselines\lin2021_yolov8_lstm_gru\data\paper_skeleton_csv\Not_Fall\Not_Fall_Not_Fall_Sleep_nf_raw_b_3_B_M_129_resized.csv,0,Not_Fall,nose,-0.1201274,-1.366529,neck,0.052770417,-0.99860674,right_shoulder,-0.54456663,-0.9587582,right_elbow,-0.9825233,-0.5116876,right_wrist,-0.36721146,-0.734769,left_shoulder,0.65010726,-1.0384551,left_elbow,1.1698927,-0.6219618,left_wrist,0.6404388,-0.7550949,mid_hip,0.0,0.0,right_hip,-0.3616869,-0.010642592,right_knee,-0.81800556,0.7866476,right_ankle,-1.1705521,1.732887,left_hip,0.3616869,0.010642817,left_knee,-0.3186463,0.78138095,left_ankle,-0.9233483,1.741995,0,0,0
Not_Fall__Not_Fall_Sleep_nf_raw_b_3_B_M_129_resized,84,C:\Users\ASUS\Downloads\3D_Human_Pose_NCKH\paper_baselines\lin2021_yolov8_lstm_gru\data\paper_skeleton_csv\Not_Fall\Not_Fall_Not_Fall_Sleep_nf_raw_b_3_B_M_129_resized.csv,0,Not_Fall,nose,-0.12748995,-1.3608084,neck,0.04678761,-0.9989048,right_shoulder,-0.5432639,-0.9559892,right_elbow,-0.98610604,-0.51426166,right_wrist,-0.36155143,-0.7371201,left_shoulder,0.63683915,-1.0418204,left_elbow,1.1529284,-0.62553066,left_wrist,0.6326373,-0.75260323,mid_hip,0.0,0.0,right_hip,-0.3571301,-0.006832107,right_knee,-0.79374915,0.78276426,right_ankle,-1.162653,1.7090168,left_hip,0.3571301,0.0068323296,left_knee,-0.30363053,0.75171494,left_ankle,-0.9044668,1.6861476,0,0,0
Not_Fall__Not_Fall_Sleep_nf_raw_b_3_B_M_129_resized,85,C:\Users\ASUS\Downloads\3D_Human_Pose_NCKH\paper_baselines\lin2021_yolov8_lstm_gru\data\paper_skeleton_csv\Not_Fall\Not_Fall_Not_Fall_Sleep_nf_raw_b_3_B_M_129_resized.csv,0,Not_Fall,nose,-0.12626857,-1.3630307,neck,0.048814584,-0.9988079,right_shoulder,-0.540823,-0.95707273,right_elbow,-0.9823033,-0.5177291,right_wrist,-0.36009738,-0.73833364,left_shoulder,0.6384521,-1.0405432,left_elbow,1.1583133,-0.62104446,left_wrist,0.6337395,-0.75490886,mid_hip,0.0,0.0,right_hip,-0.3570393,-0.007774077,right_knee,-0.7978147,0.78799176,right_ankle,-1.1693901,1.7007308,left_hip,0.3570393,0.007774077,left_knee,-0.30979526,0.7585536,left_ankle,-0.9076584,1.6836828,0,0,0
Not_Fall__Not_Fall_Sleep_nf_raw_b_3_B_M_129_resized,86,C:\Users\ASUS\Downloads\3D_Human_Pose_NCKH\paper_baselines\lin2021_yolov8_lstm_gru\data\paper_skeleton_csv\Not_Fall\Not_Fall_Not_Fall_Sleep_nf_raw_b_3_B_M_129_resized.csv,0,Not_Fall,nose,-0.13242029,-1.36073,neck,0.0461874,-0.99893284,right_shoulder,-0.54530686,-0.95842427,right_elbow,-0.99263847,-0.51987773,right_wrist,-0.36365968,-0.73462856,left_shoulder,0.6376819,-1.0394415,left_elbow,1.1528286,-0.6239998,left_wrist,0.63112843,-0.75220877,mid_hip,0.0,0.0,right_hip,-0.35736978,-0.009246362,right_knee,-0.7992516,0.7699785,right_ankle,-1.1709874,1.7138191,left_hip,0.35736978,0.009246362,left_knee,-0.31449014,0.75559336,left_ankle,-0.9270871,1.7091916,0,0,0
Not_Fall__Not_Fall_Sleep_nf_raw_b_3_B_M_129_resized,87,C:\Users\ASUS\Downloads\3D_Human_Pose_NCKH\paper_baselines\lin2021_yolov8_lstm_gru\data\paper_skeleton_csv\Not_Fall\Not_Fall_Not_Fall_Sleep_nf_raw_b_3_B_M_129_resized.csv,0,Not_Fall,nose,-0.13766807,-1.3689679,neck,0.042031173,-0.9991163,right_shoulder,-0.55225086,-0.96013266,right_elbow,-0.995034,-0.519574,right_wrist,-0.37099415,-0.7352003,left_shoulder,0.636313,-1.0381001,left_elbow,1.1638765,-0.61933273,left_wrist,0.63216513,-0.7512711,mid_hip,0.0,0.0,right_hip,-0.35990757,-0.010177343,right_knee,-0.8016769,0.78880525,right_ankle,-1.192436,1.7188804,left_hip,0.35990778,0.010177119,left_knee,-0.3122727,0.77988756,left_ankle,-0.92766273,1.7156923,0,0,0
Not_Fall__Not_Fall_Sleep_nf_raw_b_3_B_M_129_resized,88,C:\Users\ASUS\Downloads\3D_Human_Pose_NCKH\paper_baselines\lin2021_yolov8_lstm_gru\data\paper_skeleton_csv\Not_Fall\Not_Fall_Not_Fall_Sleep_nf_raw_b_3_B_M_129_resized.csv,0,Not_Fall,nose,-0.14258493,-1.3682292,neck,0.039616756,-0.99921495,right_shoulder,-0.5541101,-0.9571596,right_elbow,-1.0050808,-0.51572216,right_wrist,-0.38035083,-0.73573244,left_shoulder,0.6333434,-1.0412705,left_elbow,1.1589476,-0.6230634,left_wrist,0.62955076,-0.7552156,mid_hip,0.0,0.0,right_hip,-0.3584932,-0.008851957,right_knee,-0.8020127,0.77543426,right_ankle,-1.20443,1.7283522,left_hip,0.358493,0.008851957,left_knee,-0.32323143,0.75871533,left_ankle,-0.9493694,1.7188402,0,0,0
Not_Fall__Not_Fall_Sleep_nf_raw_b_3_B_M_129_resized,89,C:\Users\ASUS\Downloads\3D_Human_Pose_NCKH\paper_baselines\lin2021_yolov8_lstm_gru\data\paper_skeleton_csv\Not_Fall\Not_Fall_Not_Fall_Sleep_nf_raw_b_3_B_M_129_resized.csv,0,Not_Fall,nose,-0.13767579,-1.367874,neck,0.046260018,-0.9989295,right_shoulder,-0.55079556,-0.95902646,right_elbow,-1.0004517,-0.5165217,right_wrist,-0.36975834,-0.73475796,left_shoulder,0.6433156,-1.0388323,left_elbow,1.1708263,-0.6166926,left_wrist,0.6328721,-0.75306,mid_hip,0.0,0.0,right_hip,-0.3611606,-0.010311433,right_knee,-0.8066437,0.79798526,right_ankle,-1.2389175,1.7687178,left_hip,0.3611606,0.010311433,left_knee,-0.31836107,0.78587884,left_ankle,-0.9619878,1.7613684,0,0,0
Not_Fall__Not_Fall_Sleep_nf_raw_b_3_B_M_129_resized,90,C:\Users\ASUS\Downloads\3D_Human_Pose_NCKH\paper_baselines\lin2021_yolov8_lstm_gru\data\paper_skeleton_csv\Not_Fall\Not_Fall_Not_Fall_Sleep_nf_raw_b_3_B_M_129_resized.csv,0,Not_Fall,nose,-0.14239486,-1.3732753,neck,0.038051285,-0.99927574,right_shoulder,-0.5613043,-0.9572565,right_elbow,-1.0112784,-0.5099774,right_wrist,-0.377925,-0.72960305,left_shoulder,0.63740665,-1.041295,left_elbow,1.1714442,-0.6177788,left_wrist,0.6299606,-0.7527998,mid_hip,0.0,0.0,right_hip,-0.3625316,-0.00856424,right_knee,-0.8057135,0.7914256,right_ankle,-1.2109423,1.758034,left_hip,0.3625314,0.008564468,left_knee,-0.31136385,0.7728313,left_ankle,-0.93652415,1.7503607,0,0,0
Not_Fall__Not_Fall_Sleep_nf_raw_b_3_B_M_129_resized,91,C:\Users\ASUS\Downloads\3D_Human_Pose_NCKH\paper_baselines\lin2021_yolov8_lstm_gru\data\paper_skeleton_csv\Not_Fall\Not_Fall_Not_Fall_Sleep_nf_raw_b_3_B_M_129_resized.csv,0,Not_Fall,nose,-0.1439889,-1.3722587,neck,0.03802595,-0.99927676,right_shoulder,-0.5607167,-0.9558754,right_elbow,-1.0113093,-0.5081259,right_wrist,-0.37493655,-0.73100036,left_shoulder,0.6367686,-1.0426781,left_elbow,1.1633877,-0.61780757,left_wrist,0.62616855,-0.75559324,mid_hip,0.0,0.0,right_hip,-0.3620778,-0.007025669,right_knee,-0.8057406,0.7910215,right_ankle,-1.1966717,1.758301,left_hip,0.3620778,0.007025669,left_knee,-0.3092539,0.759654,left_ankle,-0.9348308,1.7358063,0,0,0
Not_Fall__Not_Fall_Sleep_nf_raw_b_3_B_M_129_resized,92,C:\Users\ASUS\Downloads\3D_Human_Pose_NCKH\paper_baselines\lin2021_yolov8_lstm_gru\data\paper_skeleton_csv\Not_Fall\Not_Fall_Not_Fall_Sleep_nf_raw_b_3_B_M_129_resized.csv,0,Not_Fall,nose,-0.14053741,-1.3715723,neck,0.04206745,-0.99911475,right_shoulder,-0.5568443,-0.9558317,right_elbow,-1.0092992,-0.5043724,right_wrist,-0.37562913,-0.73070127,left_shoulder,0.6409792,-1.0423977,left_elbow,1.1659397,-0.61916405,left_wrist,0.6300901,-0.75406766,mid_hip,0.0,0.0,right_hip,-0.36254367,-0.008278986,right_knee,-0.813426,0.78779775,right_ankle,-1.2048025,1.7515436,left_hip,0.36254367,0.008278986,left_knee,-0.30988795,0.76864034,left_ankle,-0.93034726,1.746165,0,0,0
Not_Fall__Not_Fall_Sleep_nf_raw_b_3_B_M_129_resized,93,C:\Users\ASUS\Downloads\3D_Human_Pose_NCKH\paper_baselines\lin2021_yolov8_lstm_gru\data\paper_skeleton_csv\Not_Fall\Not_Fall_Not_Fall_Sleep_nf_raw_b_3_B_M_129_resized.csv,0,Not_Fall,nose,-0.14002591,-1.3645731,neck,0.039473575,-0.99922067,right_shoulder,-0.55420065,-0.9539845,right_elbow,-1.0050536,-0.50868756,right_wrist,-0.3758657,-0.7313163,left_shoulder,0.6331476,-1.0444567,left_elbow,1.1511548,-0.61984944,left_wrist,0.61969775,-0.7552994,mid_hip,0.0,0.0,right_hip,-0.35939112,-0.0062303436,right_knee,-0.817672,0.77897805,right_ankle,-1.1927935,1.747576,left_hip,0.3593909,0.0062303436,left_knee,-0.3140715,0.7392779,left_ankle,-0.92256916,1.724611,0,0,0
Not_Fall__Not_Fall_Sleep_nf_raw_b_3_B_M_129_resized,94,C:\Users\ASUS\Downloads\3D_Human_Pose_NCKH\paper_baselines\lin2021_yolov8_lstm_gru\data\paper_skeleton_csv\Not_Fall\Not_Fall_Not_Fall_Sleep_nf_raw_b_3_B_M_129_resized.csv,0,Not_Fall,nose,-0.13725738,-1.3650782,neck,0.040736046,-0.9991699,right_shoulder,-0.5568588,-0.9552722,right_elbow,-1.0074774,-0.5072466,right_wrist,-0.37358028,-0.73284674,left_shoulder,0.63833106,-1.0430677,left_elbow,1.1584924,-0.618492,left_wrist,0.624719,-0.75431705,mid_hip,0.0,0.0,right_hip,-0.36192656,-0.007112318,right_knee,-0.8180079,0.7826174,right_ankle,-1.1843259,1.743513,left_hip,0.3619268,0.007112543,left_knee,-0.30813265,0.75218886,left_ankle,-0.91688126,1.7301759,0,0,0
Not_Fall__Not_Fall_Sleep_nf_raw_b_3_B_M_129_resized,95,C:\Users\ASUS\Downloads\3D_Human_Pose_NCKH\paper_baselines\lin2021_yolov8_lstm_gru\data\paper_skeleton_csv\Not_Fall\Not_Fall_Not_Fall_Sleep_nf_raw_b_3_B_M_129_resized.csv,0,Not_Fall,nose,-0.13382445,-1.36452,neck,0.043971047,-0.9990328,right_shoulder,-0.5501409,-0.95625556,right_elbow,-0.9989629,-0.5085934,right_wrist,-0.37213776,-0.7322294,left_shoulder,0.6380828,-1.04181,left_elbow,1.1584432,-0.6202893,left_wrist,0.62573886,-0.75723565,mid_hip,0.0,0.0,right_hip,-0.35892072,-0.008670044,right_knee,-0.8099178,0.77376705,right_ankle,-1.1760894,1.7276809,left_hip,0.35892096,0.008670044,left_knee,-0.31911376,0.75603735,left_ankle,-0.93020076,1.7273928,0,0,0
Not_Fall__Not_Fall_Sleep_nf_raw_b_3_B_M_129_resized,96,C:\Users\ASUS\Downloads\3D_Human_Pose_NCKH\paper_baselines\lin2021_yolov8_lstm_gru\data\paper_skeleton_csv\Not_Fall\Not_Fall_Not_Fall_Sleep_nf_raw_b_3_B_M_129_resized.csv,0,Not_Fall,nose,-0.14475265,-1.3674126,neck,0.034670934,-0.9993988,right_shoulder,-0.56695783,-0.9617527,right_elbow,-1.0038762,-0.5076455,right_wrist,-0.38061005,-0.7288785,left_shoulder,0.63629967,-1.037045,left_elbow,1.1569053,-0.61860925,left_wrist,0.6313808,-0.75745726,mid_hip,0.0,0.0,right_hip,-0.36391717,-0.012180003,right_knee,-0.8082725,0.784463,right_ankle,-1.1734192,1.7169403,left_hip,0.36391693,0.012180003,left_knee,-0.31844497,0.80078983,left_ankle,-0.9473952,1.735908,0,0,0
Not_Fall__Not_Fall_Sleep_nf_raw_b_3_B_M_129_resized,97,C:\Users\ASUS\Downloads\3D_Human_Pose_NCKH\paper_baselines\lin2021_yolov8_lstm_gru\data\paper_skeleton_csv\Not_Fall\Not_Fall_Not_Fall_Sleep_nf_raw_b_3_B_M_129_resized.csv,0,Not_Fall,nose,-0.14368415,-1.3633739,neck,0.032729704,-0.9994642,right_shoulder,-0.56752455,-0.9627949,right_elbow,-1.0029348,-0.5068511,right_wrist,-0.37615192,-0.7253162,left_shoulder,0.632984,-1.0361336,left_elbow,1.1529299,-0.6176906,left_wrist,0.62593025,-0.75351816,mid_hip,0.0,0.0,right_hip,-0.3623906,-0.012378571,right_knee,-0.7999114,0.75968224,right_ankle,-1.1473824,1.7034291,left_hip,0.3623904,0.012378795,left_knee,-0.31009743,0.7804201,left_ankle,-0.9364588,1.7223035,0,0,0
Not_Fall__Not_Fall_Sleep_nf_raw_b_3_B_M_129_resized,98,C:\Users\ASUS\Downloads\3D_Human_Pose_NCKH\paper_baselines\lin2021_yolov8_lstm_gru\data\paper_skeleton_csv\Not_Fall\Not_Fall_Not_Fall_Sleep_nf_raw_b_3_B_M_129_resized.csv,0,Not_Fall,nose,-0.1326183,-1.3651485,neck,0.03929965,-0.9992274,right_shoulder,-0.5619907,-0.96144855,right_elbow,-1.0002986,-0.50127894,right_wrist,-0.3682102,-0.72668445,left_shoulder,0.64059,-1.0370063,left_elbow,1.1605599,-0.6140793,left_wrist,0.6397483,-0.7529064,mid_hip,0.0,0.0,right_hip,-0.36336708,-0.011607401,right_knee,-0.80005854,0.7778346,right_ankle,-1.1612059,1.7189683,left_hip,0.36336708,0.011607401,left_knee,-0.3053303,0.7922162,left_ankle,-0.93628603,1.7412324,0,0,0
Not_Fall__Not_Fall_Sleep_nf_raw_b_3_B_M_129_resized,99,C:\Users\ASUS\Downloads\3D_Human_Pose_NCKH\paper_baselines\lin2021_yolov8_lstm_gru\data\paper_skeleton_csv\Not_Fall\Not_Fall_Not_Fall_Sleep_nf_raw_b_3_B_M_129_resized.csv,0,Not_Fall,nose,-0.14427361,-1.369333,neck,0.028711097,-0.9995878,right_shoulder,-0.5770012,-0.9607766,right_elbow,-1.0181863,-0.500983,right_wrist,-0.38101205,-0.72653323,left_shoulder,0.6344234,-1.0383989,left_elbow,1.1608142,-0.608184,left_wrist,0.6324455,-0.7507655,mid_hip,0.0,0.0,right_hip,-0.36622635,-0.01076754,right_knee,-0.81099963,0.78350973,right_ankle,-1.1851275,1.7231944,left_hip,0.36622655,0.01076754,left_knee,-0.31272367,0.7890669,left_ankle,-0.95475346,1.736741,0,0,0
Not_Fall__Not_Fall_Sleep_nf_raw_b_3_B_M_129_resized,100,C:\Users\ASUS\Downloads\3D_Human_Pose_NCKH\paper_baselines\lin2021_yolov8_lstm_gru\data\paper_skeleton_csv\Not_Fall\Not_Fall_Not_Fall_Sleep_nf_raw_b_3_B_M_129_resized.csv,0,Not_Fall,nose,-0.14123902,-1.3730308,neck,0.032406043,-0.9994748,right_shoulder,-0.570789,-0.96052915,right_elbow,-1.0156398,-0.5033704,right_wrist,-0.37465936,-0.7299518,left_shoulder,0.6356013,-1.0384204,left_elbow,1.1630113,-0.6133141,left_wrist,0.6338457,-0.7538856,mid_hip,0.0,0.0,right_hip,-0.36490586,-0.010909336,right_knee,-0.8123496,0.78251,right_ankle,-1.2082682,1.727549,left_hip,0.36490586,0.010909336,left_knee,-0.31269488,0.7881561,left_ankle,-0.95387095,1.7394849,0,0,0
Not_Fall__Not_Fall_Sleep_nf_raw_b_3_B_M_129_resized,101,C:\Users\ASUS\Downloads\3D_Human_Pose_NCKH\paper_baselines\lin2021_yolov8_lstm_gru\data\paper_skeleton_csv\Not_Fall\Not_Fall_Not_Fall_Sleep_nf_raw_b_3_B_M_129_resized.csv,0,Not_Fall,nose,-0.141029,-1.3743377,neck,0.03584035,-0.9993575,right_shoulder,-0.5668459,-0.9602151,right_elbow,-1.0133824,-0.5024627,right_wrist,-0.3700472,-0.73496795,left_shoulder,0.6385268,-1.0385,left_elbow,1.1630654,-0.61723155,left_wrist,0.6339605,-0.75786626,mid_hip,0.0,0.0,right_hip,-0.36470708,-0.011299007,right_knee,-0.81241286,0.79427135,right_ankle,-1.2177273,1.7315032,left_hip,0.3647073,0.011299233,left_knee,-0.32335898,0.8041683,left_ankle,-0.96278805,1.7473271,0,0,0
Not_Fall__Not_Fall_Sleep_nf_raw_b_3_B_M_129_resized,102,C:\Users\ASUS\Downloads\3D_Human_Pose_NCKH\paper_baselines\lin2021_yolov8_lstm_gru\data\paper_skeleton_csv\Not_Fall\Not_Fall_Not_Fall_Sleep_nf_raw_b_3_B_M_129_resized.csv,0,Not_Fall,nose,-0.13704523,-1.3682953,neck,0.042846244,-0.99908173,right_shoulder,-0.55929965,-0.95930225,right_elbow,-1.0060403,-0.4949008,right_wrist,-0.36558333,-0.7335407,left_shoulder,0.64499193,-1.038861,left_elbow,1.1670724,-0.6116495,left_wrist,0.63694507,-0.75538015,mid_hip,0.0,0.0,right_hip,-0.36448014,-0.011451935,right_knee,-0.8093724,0.7994422,right_ankle,-1.2254436,1.7395439,left_hip,0.36448035,0.011451935,left_knee,-0.31679803,0.80977666,left_ankle,-0.96226263,1.7580644,0,0,0
Not_Fall__Not_Fall_Sleep_nf_raw_b_3_B_M_129_resized,103,C:\Users\ASUS\Downloads\3D_Human_Pose_NCKH\paper_baselines\lin2021_yolov8_lstm_gru\data\paper_skeleton_csv\Not_Fall\Not_Fall_Not_Fall_Sleep_nf_raw_b_3_B_M_129_resized.csv,0,Not_Fall,nose,-0.12854372,-1.367912,neck,0.0486132,-0.9988177,right_shoulder,-0.55097806,-0.95864475,right_elbow,-0.99838203,-0.49791697,right_wrist,-0.3571458,-0.7337064,left_shoulder,0.6482042,-1.0389906,left_elbow,1.1665817,-0.61794657,left_wrist,0.6422113,-0.757933,mid_hip,0.0,0.0,right_hip,-0.36313283,-0.0108129615,right_knee,-0.81155103,0.7970808,right_ankle,-1.2079043,1.7323037,left_hip,0.36313283,0.010813187,left_knee,-0.31485343,0.8016875,left_ankle,-0.94277835,1.7464982,0,0,0
Not_Fall__Not_Fall_Sleep_nf_raw_b_3_B_M_129_resized,104,C:\Users\ASUS\Downloads\3D_Human_Pose_NCKH\paper_baselines\lin2021_yolov8_lstm_gru\data\paper_skeleton_csv\Not_Fall\Not_Fall_Not_Fall_Sleep_nf_raw_b_3_B_M_129_resized.csv,0,Not_Fall,nose,-0.12886633,-1.366391,neck,0.047451846,-0.99887353,right_shoulder,-0.5511183,-0.9578332,right_elbow,-1.0015583,-0.4972708,right_wrist,-0.35999605,-0.73645085,left_shoulder,0.6460218,-1.0399139,left_elbow,1.1624498,-0.6200458,left_wrist,0.637428,-0.75844616,mid_hip,0.0,0.0,right_hip,-0.3625945,-0.010914633,right_knee,-0.8158208,0.79498535,right_ankle,-1.1918108,1.7180613,left_hip,0.3625945,0.010914858,left_knee,-0.32330668,0.8050977,left_ankle,-0.92936474,1.7495286,0,0,0
Not_Fall__Not_Fall_Sleep_nf_raw_b_3_B_M_129_resized,105,C:\Users\ASUS\Downloads\3D_Human_Pose_NCKH\paper_baselines\lin2021_yolov8_lstm_gru\data\paper_skeleton_csv\Not_Fall\Not_Fall_Not_Fall_Sleep_nf_raw_b_3_B_M_129_resized.csv,0,Not_Fall,nose,-0.12780155,-1.3660641,neck,0.0485079,-0.99882287,right_shoulder,-0.54789233,-0.9597835,right_elbow,-0.99552906,-0.5058552,right_wrist,-0.35926595,-0.7369225,left_shoulder,0.64490813,-1.0378622,left_elbow,1.1589993,-0.61883557,left_wrist,0.6342694,-0.75435495,mid_hip,0.0,0.0,right_hip,-0.36081702,-0.011672446,right_knee,-0.80316985,0.7938167,right_ankle,-1.1910715,1.717484,left_hip,0.36081702,0.011672446,left_knee,-0.32066306,0.8055537,left_ankle,-0.9403834,1.7438314,0,0,0
Not_Fall__Not_Fall_Sleep_nf_raw_b_3_B_M_129_resized,106,C:\Users\ASUS\Downloads\3D_Human_Pose_NCKH\paper_baselines\lin2021_yolov8_lstm_gru\data\paper_skeleton_csv\Not_Fall\Not_Fall_Not_Fall_Sleep_nf_raw_b_3_B_M_129_resized.csv,0,Not_Fall,nose,-0.12737203,-1.3693129,neck,0.050702743,-0.9987138,right_shoulder,-0.55043423,-0.9597291,right_elbow,-0.99795127,-0.5036644,right_wrist,-0.3597608,-0.7348122,left_shoulder,0.6518395,-1.0376985,left_elbow,1.1693114,-0.61364377,left_wrist,0.6370929,-0.75453573,mid_hip,0.0,0.0,right_hip,-0.36443114,-0.011360473,right_knee,-0.8102551,0.8054117,right_ankle,-1.2039304,1.7338995,left_hip,0.36443114,0.011360248,left_knee,-0.30911505,0.81018364,left_ankle,-0.9357476,1.7522444,0,0,0
Not_Fall__Not_Fall_Sleep_nf_raw_b_3_B_M_129_resized,107,C:\Users\ASUS\Downloads\3D_Human_Pose_NCKH\paper_baselines\lin2021_yolov8_lstm_gru\data\paper_skeleton_csv\Not_Fall\Not_Fall_Not_Fall_Sleep_nf_raw_b_3_B_M_129_resized.csv,0,Not_Fall,nose,-0.13028778,-1.3664432,neck,0.05009408,-0.9987445,right_shoulder,-0.5475708,-0.95799583,right_elbow,-0.9987487,-0.5000332,right_wrist,-0.35947615,-0.7332515,left_shoulder,0.64775896,-1.039493,left_elbow,1.162197,-0.6190301,left_wrist,0.6363471,-0.7553128,mid_hip,0.0,0.0,right_hip,-0.36183068,-0.010713421,right_knee,-0.8041816,0.7961888,right_ankle,-1.1877142,1.7256606,left_hip,0.36183068,0.010713421,left_knee,-0.31041172,0.8031618,left_ankle,-0.9278473,1.7498469,0,0,0
Not_Fall__Not_Fall_Sleep_nf_raw_b_3_B_M_129_resized,108,C:\Users\ASUS\Downloads\3D_Human_Pose_NCKH\paper_baselines\lin2021_yolov8_lstm_gru\data\paper_skeleton_csv\Not_Fall\Not_Fall_Not_Fall_Sleep_nf_raw_b_3_B_M_129_resized.csv,0,Not_Fall,nose,-0.1399245,-1.3626778,neck,0.04142711,-0.9991415,right_shoulder,-0.5432924,-0.9605152,right_elbow,-0.99138004,-0.51731026,right_wrist,-0.361765,-0.7354286,left_shoulder,0.62614685,-1.0377678,left_elbow,1.1404809,-0.63290554,left_wrist,0.6245979,-0.7652065,mid_hip,0.0,0.0,right_hip,-0.35470524,-0.010970923,right_knee,-0.8073193,0.7555012,right_ankle,-1.1797329,1.6762775,left_hip,0.35470524,0.010971144,left_knee,-0.31620172,0.7606779,left_ankle,-0.89446765,1.6827885,0,0,0
Not_Fall__Not_Fall_Sleep_nf_raw_b_3_B_M_129_resized,109,C:\Users\ASUS\Downloads\3D_Human_Pose_NCKH\paper_baselines\lin2021_yolov8_lstm_gru\data\paper_skeleton_csv\Not_Fall\Not_Fall_Not_Fall_Sleep_nf_raw_b_3_B_M_129_resized.csv,0,Not_Fall,nose,-0.1342147,-1.3609293,neck,0.042491898,-0.9990969,right_shoulder,-0.5441482,-0.9586228,right_elbow,-0.98985505,-0.51546454,right_wrist,-0.36038086,-0.73649776,left_shoulder,0.6291322,-1.039571,left_elbow,1.148418,-0.626229,left_wrist,0.62755233,-0.7590839,mid_hip,0.0,0.0,right_hip,-0.3553117,-0.009311691,right_knee,-0.80020773,0.7676995,right_ankle,-1.1911167,1.6955078,left_hip,0.35531148,0.009311691,left_knee,-0.311549,0.7554382,left_ankle,-0.9055256,1.6890702,0,0,0
Not_Fall__Not_Fall_Sleep_nf_raw_b_3_B_M_129_resized,110,C:\Users\ASUS\Downloads\3D_Human_Pose_NCKH\paper_baselines\lin2021_yolov8_lstm_gru\data\paper_skeleton_csv\Not_Fall\Not_Fall_Not_Fall_Sleep_nf_raw_b_3_B_M_129_resized.csv,0,Not_Fall,nose,-0.13265462,-1.3584416,neck,0.040809114,-0.99916697,right_shoulder,-0.5446311,-0.9608226,right_elbow,-0.99089926,-0.5188422,right_wrist,-0.36258447,-0.73507035,left_shoulder,0.62624955,-1.0375115,left_elbow,1.1423147,-0.62675977,left_wrist,0.62348014,-0.75847924,mid_hip,0.0,0.0,right_hip,-0.354129,-0.010993277,right_knee,-0.8073889,0.7468084,right_ankle,-1.1932299,1.6979533,left_hip,0.35412875,0.010993277,left_knee,-0.318809,0.7471785,left_ankle,-0.92048764,1.7012415,0,0,0
Not_Fall__Not_Fall_Sleep_nf_raw_b_3_B_M_129_resized,111,C:\Users\ASUS\Downloads\3D_Human_Pose_NCKH\paper_baselines\lin2021_yolov8_lstm_gru\data\paper_skeleton_csv\Not_Fall\Not_Fall_Not_Fall_Sleep_nf_raw_b_3_B_M_129_resized.csv,0,Not_Fall,nose,-0.119384095,-1.356516,neck,0.051328354,-0.9986818,right_shoulder,-0.5356989,-0.9603578,right_elbow,-0.98326486,-0.51428914,right_wrist,-0.35339522,-0.7321781,left_shoulder,0.6383554,-1.0370057,left_elbow,1.1524618,-0.6237475,left_wrist,0.63128114,-0.7551192,mid_hip,0.0,0.0,right_hip,-0.35398236,-0.0117601,right_knee,-0.79530203,0.7458967,right_ankle,-1.1699166,1.6891954,left_hip,0.35398236,0.0117601,left_knee,-0.32100952,0.75402516,left_ankle,-0.9213824,1.7117382,0,0,0
Not_Fall__Not_Fall_Sleep_nf_raw_b_3_B_M_129_resized,112,C:\Users\ASUS\Downloads\3D_Human_Pose_NCKH\paper_baselines\lin2021_yolov8_lstm_gru\data\paper_skeleton_csv\Not_Fall\Not_Fall_Not_Fall_Sleep_nf_raw_b_3_B_M_129_resized.csv,0,Not_Fall,nose,-0.12048699,-1.3594489,neck,0.050602935,-0.99871886,right_shoulder,-0.5359446,-0.9589818,right_elbow,-0.98174244,-0.5129163,right_wrist,-0.35331297,-0.730961,left_shoulder,0.6371502,-1.0384561,left_elbow,1.1534795,-0.6240275,left_wrist,0.63217115,-0.749203,mid_hip,0.0,0.0,right_hip,-0.35502172,-0.009960041,right_knee,-0.80346197,0.7561613,right_ankle,-1.1647587,1.6837314,left_hip,0.35502172,0.009960041,left_knee,-0.31293428,0.7493464,left_ankle,-0.89102167,1.6926985,0,0,0
Not_Fall__Not_Fall_Sleep_nf_raw_b_3_B_M_129_resized,113,C:\Users\ASUS\Downloads\3D_Human_Pose_NCKH\paper_baselines\lin2021_yolov8_lstm_gru\data\paper_skeleton_csv\Not_Fall\Not_Fall_Not_Fall_Sleep_nf_raw_b_3_B_M_129_resized.csv,0,Not_Fall,nose,-0.12560245,-1.3865001,neck,0.046013854,-0.9989408,right_shoulder,-0.56218714,-0.96847653,right_elbow,-1.0184064,-0.51979846,right_wrist,-0.36778748,-0.7416453,left_shoulder,0.6542146,-1.0294051,left_elbow,1.1204243,-0.6034193,left_wrist,0.6327091,-0.792139,mid_hip,0.0,0.0,right_hip,-0.37498364,-0.014685604,right_knee,-0.8458919,0.7718768,right_ankle,-1.2435616,1.7320424,left_hip,0.37498364,0.014685604,left_knee,-0.25606012,0.78286505,left_ankle,-0.9079373,1.7534316,0,0,0
Not_Fall__Not_Fall_Sleep_nf_raw_b_3_B_M_129_resized,114,C:\Users\ASUS\Downloads\3D_Human_Pose_NCKH\paper_baselines\lin2021_yolov8_lstm_gru\data\paper_skeleton_csv\Not_Fall\Not_Fall_Not_Fall_Sleep_nf_raw_b_3_B_M_129_resized.csv,0,Not_Fall,nose,-0.13093807,-1.3560736,neck,0.040413544,-0.9991831,right_shoulder,-0.54671615,-0.9567599,right_elbow,-0.98799515,-0.50604284,right_wrist,-0.3619684,-0.7242573,left_shoulder,0.62754303,-1.0416063,left_elbow,1.151655,-0.6188483,left_wrist,0.6302437,-0.75036174,mid_hip,0.0,0.0,right_hip,-0.35624668,-0.008196264,right_knee,-0.83326,0.7719784,right_ankle,-1.1700177,1.6880679,left_hip,0.35624692,0.008196485,left_knee,-0.34199107,0.7484836,left_ankle,-0.8896734,1.6836537,0,0,0
Not_Fall__Not_Fall_Sleep_nf_raw_b_3_B_M_129_resized,115,C:\Users\ASUS\Downloads\3D_Human_Pose_NCKH\paper_baselines\lin2021_yolov8_lstm_gru\data\paper_skeleton_csv\Not_Fall\Not_Fall_Not_Fall_Sleep_nf_raw_b_3_B_M_129_resized.csv,0,Not_Fall,nose,-0.13140418,-1.3532964,neck,0.037163984,-0.9993092,right_shoulder,-0.54381585,-0.9533913,right_elbow,-0.99014384,-0.5084632,right_wrist,-0.36005062,-0.71992946,left_shoulder,0.61814404,-1.045227,left_elbow,1.1398331,-0.62457097,left_wrist,0.624756,-0.75149524,mid_hip,0.0,0.0,right_hip,-0.35264128,-0.005361743,right_knee,-0.8432987,0.76596683,right_ankle,-1.19544,1.7183915,left_hip,0.35264152,0.005361965,left_knee,-0.35007778,0.7164027,left_ankle,-0.88822055,1.6915498,0,0,0
Not_Fall__Not_Fall_Sleep_nf_raw_b_3_B_M_129_resized,116,C:\Users\ASUS\Downloads\3D_Human_Pose_NCKH\paper_baselines\lin2021_yolov8_lstm_gru\data\paper_skeleton_csv\Not_Fall\Not_Fall_Not_Fall_Sleep_nf_raw_b_3_B_M_129_resized.csv,0,Not_Fall,nose,-0.11754714,-1.3481694,neck,0.050211627,-0.9987386,right_shoulder,-0.5319388,-0.95397216,right_elbow,-0.9822481,-0.5006439,right_wrist,-0.34956563,-0.71935606,left_shoulder,0.63236225,-1.0435051,left_elbow,1.1606742,-0.61472327,left_wrist,0.63971376,-0.75051236,mid_hip,0.0,0.0,right_hip,-0.35249785,-0.007076778,right_knee,-0.8473099,0.77092195,right_ankle,-1.2042394,1.7174081,left_hip,0.35249785,0.0070765563,left_knee,-0.36827582,0.72961,left_ankle,-0.9061093,1.7015021,0,0,0
Not_Fall__Not_Fall_Sleep_nf_raw_b_3_B_M_129_resized,117,C:\Users\ASUS\Downloads\3D_Human_Pose_NCKH\paper_baselines\lin2021_yolov8_lstm_gru\data\paper_skeleton_csv\Not_Fall\Not_Fall_Not_Fall_Sleep_nf_raw_b_3_B_M_129_resized.csv,0,Not_Fall,nose,-0.11835853,-1.3500432,neck,0.049660802,-0.9987661,right_shoulder,-0.5310062,-0.9513221,right_elbow,-0.9901607,-0.50360006,right_wrist,-0.34437966,-0.72953546,left_shoulder,0.6303278,-1.0462102,left_elbow,1.1498396,-0.6210628,left_wrist,0.6394437,-0.75514185,mid_hip,0.0,0.0,right_hip,-0.34965903,-0.0049401703,right_knee,-0.8277264,0.7551973,right_ankle,-1.1985697,1.7159476,left_hip,0.34965903,0.0049401703,left_knee,-0.37498406,0.7012433,left_ankle,-0.93498623,1.6877364,0,0,0
Not_Fall__Not_Fall_Sleep_nf_raw_b_3_B_M_129_resized,118,C:\Users\ASUS\Downloads\3D_Human_Pose_NCKH\paper_baselines\lin2021_yolov8_lstm_gru\data\paper_skeleton_csv\Not_Fall\Not_Fall_Not_Fall_Sleep_nf_raw_b_3_B_M_129_resized.csv,0,Not_Fall,nose,-0.112391055,-1.3450412,neck,0.048336387,-0.9988311,right_shoulder,-0.5279192,-0.94861114,right_elbow,-0.982434,-0.50869656,right_wrist,-0.34561557,-0.7265197,left_shoulder,0.62459195,-1.0490512,left_elbow,1.1507727,-0.61768407,left_wrist,0.64260656,-0.7538214,mid_hip,0.0,0.0,right_hip,-0.35001302,0.00075453083,right_knee,-0.8467869,0.7807093,right_ankle,-1.1969951,1.7364086,left_hip,0.3500128,-0.00075475185,left_knee,-0.34921074,0.6673666,left_ankle,-0.84538573,1.6430244,0,0,0
Not_Fall__Not_Fall_Sleep_nf_raw_b_3_B_M_129_resized,119,C:\Users\ASUS\Downloads\3D_Human_Pose_NCKH\paper_baselines\lin2021_yolov8_lstm_gru\data\paper_skeleton_csv\Not_Fall\Not_Fall_Not_Fall_Sleep_nf_raw_b_3_B_M_129_resized.csv,0,Not_Fall,nose,-0.1198625,-1.3441963,neck,0.043155774,-0.99906844,right_shoulder,-0.53148144,-0.94908464,right_elbow,-0.9932424,-0.5047385,right_wrist,-0.3510253,-0.72704804,left_shoulder,0.61779296,-1.0490522,left_elbow,1.1447698,-0.6148439,left_wrist,0.6298895,-0.7494096,mid_hip,0.0,0.0,right_hip,-0.3480863,-0.00019954739,right_knee,-0.8454805,0.75203174,right_ankle,-1.1745961,1.7294874,left_hip,0.3480863,0.00019932617,left_knee,-0.36307514,0.65454155,left_ankle,-0.8348207,1.6573732,0,0,0
