video_id,frame_idx,source_file,label,label_name,joint_0_name,joint_0_x,joint_0_y,joint_1_name,joint_1_x,joint_1_y,joint_2_name,joint_2_x,joint_2_y,joint_3_name,joint_3_x,joint_3_y,joint_4_name,joint_4_x,joint_4_y,joint_5_name,joint_5_x,joint_5_y,joint_6_name,joint_6_x,joint_6_y,joint_7_name,joint_7_x,joint_7_y,joint_8_name,joint_8_x,joint_8_y,joint_9_name,joint_9_x,joint_9_y,joint_10_name,joint_10_x,joint_10_y,joint_11_name,joint_11_x,joint_11_y,joint_12_name,joint_12_x,joint_12_y,joint_13_name,joint_13_x,joint_13_y,joint_14_name,joint_14_x,joint_14_y,num_missing_joints_before_interpolation,all_joints_missing_before_interpolation,num_zero_joints_after_interpolation
Not_Fall__Not_Fall_Sit_nf_raw_c_1_C_D_0165_resized,0,C:\Users\ASUS\Downloads\3D_Human_Pose_NCKH\paper_baselines\lin2021_yolov8_lstm_gru\data\paper_skeleton_csv\Not_Fall\Not_Fall_Not_Fall_Sit_nf_raw_c_1_C_D_0165_resized.csv,0,Not_Fall,nose,0.64355916,-1.0490893,neck,0.10174535,-0.99481046,right_shoulder,-0.7793905,-1.0753945,right_elbow,-1.2818433,-0.7553838,right_wrist,-1.1002498,-0.8095233,left_shoulder,0.98288137,-0.91422635,left_elbow,1.0711465,-0.7720943,left_wrist,1.0429007,-0.84328645,mid_hip,0.0,0.0,right_hip,-0.5686822,-0.02087919,right_knee,-0.7281505,-0.058908965,right_ankle,-0.09332645,0.03565922,left_hip,0.5686822,0.02087919,left_knee,0.447241,-0.05049949,left_ankle,0.0695211,0.047047224,0,0,0
Not_Fall__Not_Fall_Sit_nf_raw_c_1_C_D_0165_resized,1,C:\Users\ASUS\Downloads\3D_Human_Pose_NCKH\paper_baselines\lin2021_yolov8_lstm_gru\data\paper_skeleton_csv\Not_Fall\Not_Fall_Not_Fall_Sit_nf_raw_c_1_C_D_0165_resized.csv,0,Not_Fall,nose,0.100728944,-0.99077666,neck,0.06780255,-0.9976987,right_shoulder,-0.30850902,-0.9959775,right_elbow,-0.40443227,-0.5962261,right_wrist,-0.5095293,-0.45553067,left_shoulder,0.44411415,-0.99942005,left_elbow,0.5600781,-0.592436,left_wrist,0.5661488,-0.33622286,mid_hip,0.0,0.0,right_hip,-0.26049128,-0.0035797812,right_knee,-0.36360213,0.0797384,right_ankle,-0.101660006,0.078530505,left_hip,0.26049122,0.0035797812,left_knee,0.2688727,0.090166256,left_ankle,0.0956321,0.16606736,0,0,0
Not_Fall__Not_Fall_Sit_nf_raw_c_1_C_D_0165_resized,2,C:\Users\ASUS\Downloads\3D_Human_Pose_NCKH\paper_baselines\lin2021_yolov8_lstm_gru\data\paper_skeleton_csv\Not_Fall\Not_Fall_Not_Fall_Sit_nf_raw_c_1_C_D_0165_resized.csv,0,Not_Fall,nose,0.0827098,-0.9810065,neck,0.0011158183,-0.99999934,right_shoulder,-0.21513106,-0.9902858,right_elbow,-0.49708173,-0.57379746,right_wrist,-0.540997,-0.48050132,left_shoulder,0.21736278,-1.0097128,left_elbow,0.029272137,-0.5891927,left_wrist,0.009358178,-0.42024553,mid_hip,0.0,0.0,right_hip,-0.1563477,0.0028984495,right_knee,-0.1672152,-0.027586374,right_ankle,-0.05384116,0.07216495,left_hip,0.1563477,-0.0028985343,left_knee,0.07557834,0.0018636521,left_ankle,0.00073444337,0.13857241,0,0,0
Not_Fall__Not_Fall_Sit_nf_raw_c_1_C_D_0165_resized,3,C:\Users\ASUS\Downloads\3D_Human_Pose_NCKH\paper_baselines\lin2021_yolov8_lstm_gru\data\paper_skeleton_csv\Not_Fall\Not_Fall_Not_Fall_Sit_nf_raw_c_1_C_D_0165_resized.csv,0,Not_Fall,nose,0.14976165,-1.0831233,neck,-0.0056936066,-0.99998385,right_shoulder,-0.5247084,-1.0233202,right_elbow,-0.81536716,-0.6055973,right_wrist,-0.7089512,-0.42966503,left_shoulder,0.5133211,-0.9766476,left_elbow,0.58915573,-0.496565,left_wrist,0.58189934,-0.3876128,mid_hip,0.0,0.0,right_hip,-0.34539348,0.0005273848,right_knee,-0.3860814,0.1654103,right_ankle,-0.00785425,0.12088835,left_hip,0.34539354,-0.0005273848,left_knee,0.4201707,0.11037088,left_ankle,0.056973632,0.14783792,0,0,0
Not_Fall__Not_Fall_Sit_nf_raw_c_1_C_D_0165_resized,4,C:\Users\ASUS\Downloads\3D_Human_Pose_NCKH\paper_baselines\lin2021_yolov8_lstm_gru\data\paper_skeleton_csv\Not_Fall\Not_Fall_Not_Fall_Sit_nf_raw_c_1_C_D_0165_resized.csv,0,Not_Fall,nose,0.1369789,-1.0715799,neck,-0.011020366,-0.99993926,right_shoulder,-0.5421278,-1.0201527,right_elbow,-0.8271122,-0.5903534,right_wrist,-0.7105758,-0.36030024,left_shoulder,0.52008706,-0.9797259,left_elbow,0.59770364,-0.49685353,left_wrist,0.5826019,-0.37878528,mid_hip,0.0,0.0,right_hip,-0.35433626,0.0017148727,right_knee,-0.40576145,0.20415834,right_ankle,-0.009513947,0.13306798,left_hip,0.35433626,-0.0017147845,left_knee,0.438059,0.1493287,left_ankle,0.08164093,0.16005757,0,0,0
Not_Fall__Not_Fall_Sit_nf_raw_c_1_C_D_0165_resized,5,C:\Users\ASUS\Downloads\3D_Human_Pose_NCKH\paper_baselines\lin2021_yolov8_lstm_gru\data\paper_skeleton_csv\Not_Fall\Not_Fall_Not_Fall_Sit_nf_raw_c_1_C_D_0165_resized.csv,0,Not_Fall,nose,0.11951961,-1.0874035,neck,0.027265703,-0.99962825,right_shoulder,-0.495107,-1.0246153,right_elbow,-0.8435238,-0.6370656,right_wrist,-0.8113716,-0.2809847,left_shoulder,0.5496383,-0.9746411,left_elbow,0.6238128,-0.52580094,left_wrist,0.59970605,-0.37905478,mid_hip,0.0,0.0,right_hip,-0.3392151,-0.007183136,right_knee,-0.3646796,0.33974275,right_ankle,0.022689736,0.27904835,left_hip,0.33921516,0.0071830447,left_knee,0.39658332,0.3252145,left_ankle,0.009741383,0.30813617,0,0,0
Not_Fall__Not_Fall_Sit_nf_raw_c_1_C_D_0165_resized,6,C:\Users\ASUS\Downloads\3D_Human_Pose_NCKH\paper_baselines\lin2021_yolov8_lstm_gru\data\paper_skeleton_csv\Not_Fall\Not_Fall_Not_Fall_Sit_nf_raw_c_1_C_D_0165_resized.csv,0,Not_Fall,nose,0.13175215,-1.080544,neck,0.039633907,-0.99921423,right_shoulder,-0.4828451,-1.0264204,right_elbow,-0.83208793,-0.6447312,right_wrist,-0.80136293,-0.28472635,left_shoulder,0.5621129,-0.972008,left_elbow,0.6289444,-0.5380869,left_wrist,0.60377103,-0.4015547,mid_hip,0.0,0.0,right_hip,-0.34534785,-0.01020176,right_knee,-0.438702,0.33059138,right_ankle,-0.07773005,0.2645426,left_hip,0.34534785,0.01020176,left_knee,0.41733268,0.32751766,left_ankle,0.06261873,0.31458154,0,0,0
Not_Fall__Not_Fall_Sit_nf_raw_c_1_C_D_0165_resized,7,C:\Users\ASUS\Downloads\3D_Human_Pose_NCKH\paper_baselines\lin2021_yolov8_lstm_gru\data\paper_skeleton_csv\Not_Fall\Not_Fall_Not_Fall_Sit_nf_raw_c_1_C_D_0165_resized.csv,0,Not_Fall,nose,0.12731336,-1.0801927,neck,0.03053187,-0.99953383,right_shoulder,-0.48989794,-1.0251737,right_elbow,-0.8344211,-0.63507664,right_wrist,-0.79678124,-0.25983799,left_shoulder,0.5509618,-0.973894,left_elbow,0.6208932,-0.5312872,left_wrist,0.59783125,-0.38818216,mid_hip,0.0,0.0,right_hip,-0.3425372,-0.00857659,right_knee,-0.41773024,0.32785252,right_ankle,-0.0502018,0.2625403,left_hip,0.34253722,0.00857659,left_knee,0.41027462,0.31863746,left_ankle,0.046613883,0.31022254,0,0,0
Not_Fall__Not_Fall_Sit_nf_raw_c_1_C_D_0165_resized,8,C:\Users\ASUS\Downloads\3D_Human_Pose_NCKH\paper_baselines\lin2021_yolov8_lstm_gru\data\paper_skeleton_csv\Not_Fall\Not_Fall_Not_Fall_Sit_nf_raw_c_1_C_D_0165_resized.csv,0,Not_Fall,nose,0.12533714,-1.0730292,neck,0.026711863,-0.9996432,right_shoulder,-0.56619537,-1.0419683,right_elbow,-0.97090596,-0.63866615,right_wrist,-1.1153071,-0.26162294,left_shoulder,0.6196192,-0.95731807,left_elbow,0.5188505,-0.5958348,left_wrist,0.46147683,-0.6651716,mid_hip,0.0,0.0,right_hip,-0.39963767,-0.021806052,right_knee,-0.46816108,0.2660283,right_ankle,-0.14010486,0.17934956,left_hip,0.39963773,0.021806153,left_knee,0.5076085,0.3234219,left_ankle,0.11545049,0.2704653,0,0,0
Not_Fall__Not_Fall_Sit_nf_raw_c_1_C_D_0165_resized,9,C:\Users\ASUS\Downloads\3D_Human_Pose_NCKH\paper_baselines\lin2021_yolov8_lstm_gru\data\paper_skeleton_csv\Not_Fall\Not_Fall_Not_Fall_Sit_nf_raw_c_1_C_D_0165_resized.csv,0,Not_Fall,nose,0.18429098,-1.0727546,neck,0.053891584,-0.9985468,right_shoulder,-0.572626,-1.058262,right_elbow,-1.0056034,-0.6657589,right_wrist,-1.1580396,-0.26486158,left_shoulder,0.68040913,-0.9388316,left_elbow,0.5329607,-0.56671196,left_wrist,0.46083552,-0.70113486,mid_hip,0.0,0.0,right_hip,-0.41764045,-0.027583217,right_knee,-0.43892372,0.32635978,right_ankle,-0.10016708,0.21906799,left_hip,0.41764045,0.027583113,left_knee,0.5898428,0.3836311,left_ankle,0.11304002,0.31267887,0,0,0
Not_Fall__Not_Fall_Sit_nf_raw_c_1_C_D_0165_resized,10,C:\Users\ASUS\Downloads\3D_Human_Pose_NCKH\paper_baselines\lin2021_yolov8_lstm_gru\data\paper_skeleton_csv\Not_Fall\Not_Fall_Not_Fall_Sit_nf_raw_c_1_C_D_0165_resized.csv,0,Not_Fall,nose,0.05120022,-1.0415255,neck,-0.013036681,-0.999915,right_shoulder,-0.5477895,-1.024544,right_elbow,-0.9510108,-0.6014011,right_wrist,-1.1114455,-0.26212975,left_shoulder,0.5217162,-0.975286,left_elbow,0.34472018,-0.59982425,left_wrist,0.037082702,-0.5822651,mid_hip,0.0,0.0,right_hip,-0.3671363,-0.017131977,right_knee,-0.4342961,0.15172203,right_ankle,-0.23953362,0.15626703,left_hip,0.3671363,0.017131884,left_knee,0.41831687,0.19392192,left_ankle,0.019855311,0.23207286,0,0,0
Not_Fall__Not_Fall_Sit_nf_raw_c_1_C_D_0165_resized,11,C:\Users\ASUS\Downloads\3D_Human_Pose_NCKH\paper_baselines\lin2021_yolov8_lstm_gru\data\paper_skeleton_csv\Not_Fall\Not_Fall_Not_Fall_Sit_nf_raw_c_1_C_D_0165_resized.csv,0,Not_Fall,nose,0.053565342,-1.0534718,neck,0.005303598,-0.99998593,right_shoulder,-0.5310795,-1.0135456,right_elbow,-0.9004114,-0.5710688,right_wrist,-0.97941905,-0.2786809,left_shoulder,0.5416867,-0.98642623,left_elbow,0.5411201,-0.58534616,left_wrist,0.39462745,-0.57148725,mid_hip,0.0,0.0,right_hip,-0.36396334,-0.009471526,right_knee,-0.4551745,0.11553407,right_ankle,-0.22962141,0.09919443,left_hip,0.3639634,0.009471435,left_knee,0.43828475,0.13173509,left_ankle,0.09218733,0.14504631,0,0,0
Not_Fall__Not_Fall_Sit_nf_raw_c_1_C_D_0165_resized,12,C:\Users\ASUS\Downloads\3D_Human_Pose_NCKH\paper_baselines\lin2021_yolov8_lstm_gru\data\paper_skeleton_csv\Not_Fall\Not_Fall_Not_Fall_Sit_nf_raw_c_1_C_D_0165_resized.csv,0,Not_Fall,nose,0.08151788,-1.0633287,neck,-0.026447546,-0.99965024,right_shoulder,-0.40714118,-1.0197424,right_elbow,-0.87845385,-0.6406372,right_wrist,-1.0476266,-0.275249,left_shoulder,0.35424602,-0.979558,left_elbow,-0.1030391,-0.5990162,left_wrist,-0.44686264,-0.45797804,mid_hip,0.0,0.0,right_hip,-0.2678253,-0.013479283,right_knee,-0.3266505,0.02896233,right_ankle,-0.23967417,0.14975671,left_hip,0.2678253,0.013479283,left_knee,0.15513548,0.051545434,left_ankle,-0.19880195,0.15419616,0,0,0
Not_Fall__Not_Fall_Sit_nf_raw_c_1_C_D_0165_resized,13,C:\Users\ASUS\Downloads\3D_Human_Pose_NCKH\paper_baselines\lin2021_yolov8_lstm_gru\data\paper_skeleton_csv\Not_Fall\Not_Fall_Not_Fall_Sit_nf_raw_c_1_C_D_0165_resized.csv,0,Not_Fall,nose,0.042366803,-1.0993043,neck,0.00059514196,-0.9999998,right_shoulder,-0.46662197,-1.0248911,right_elbow,-0.9099472,-0.630708,right_wrist,-1.0806314,-0.26265657,left_shoulder,0.46781236,-0.9751085,left_elbow,0.15725565,-0.58839554,left_wrist,-0.20387673,-0.5074655,mid_hip,0.0,0.0,right_hip,-0.32289976,-0.01797916,right_knee,-0.40116256,0.018255036,right_ankle,-0.26731983,0.15251353,left_hip,0.32289967,0.017979067,left_knee,0.2606896,0.04313918,left_ankle,-0.15071398,0.16218178,0,0,0
Not_Fall__Not_Fall_Sit_nf_raw_c_1_C_D_0165_resized,14,C:\Users\ASUS\Downloads\3D_Human_Pose_NCKH\paper_baselines\lin2021_yolov8_lstm_gru\data\paper_skeleton_csv\Not_Fall\Not_Fall_Not_Fall_Sit_nf_raw_c_1_C_D_0165_resized.csv,0,Not_Fall,nose,0.039486594,-1.0961844,neck,0.020450333,-0.99979085,right_shoulder,-0.50727594,-1.0144066,right_elbow,-1.013944,-0.54716027,right_wrist,-1.154833,-0.15982535,left_shoulder,0.5481766,-0.9851752,left_elbow,0.49456793,-0.58731985,left_wrist,0.26916534,-0.6262753,mid_hip,0.0,0.0,right_hip,-0.3499529,-0.01348572,right_knee,-0.36133212,0.18039568,right_ankle,-0.17782557,0.2212329,left_hip,0.3499529,0.01348572,left_knee,0.38141125,0.21425721,left_ankle,-0.0021310244,0.2776379,0,0,0
Not_Fall__Not_Fall_Sit_nf_raw_c_1_C_D_0165_resized,15,C:\Users\ASUS\Downloads\3D_Human_Pose_NCKH\paper_baselines\lin2021_yolov8_lstm_gru\data\paper_skeleton_csv\Not_Fall\Not_Fall_Not_Fall_Sit_nf_raw_c_1_C_D_0165_resized.csv,0,Not_Fall,nose,0.04808889,-1.1000762,neck,0.027011635,-0.9996351,right_shoulder,-0.49389067,-1.0158603,right_elbow,-0.993221,-0.5664252,right_wrist,-1.1470335,-0.1648908,left_shoulder,0.54791385,-0.9834098,left_elbow,0.52941304,-0.5910705,left_wrist,0.35041416,-0.63279355,mid_hip,0.0,0.0,right_hip,-0.3432042,-0.013328709,right_knee,-0.33248127,0.20342296,right_ankle,-0.13750502,0.23103236,left_hip,0.3432042,0.0133288065,left_knee,0.3965742,0.23128904,left_ankle,0.021944843,0.28534588,0,0,0
Not_Fall__Not_Fall_Sit_nf_raw_c_1_C_D_0165_resized,16,C:\Users\ASUS\Downloads\3D_Human_Pose_NCKH\paper_baselines\lin2021_yolov8_lstm_gru\data\paper_skeleton_csv\Not_Fall\Not_Fall_Not_Fall_Sit_nf_raw_c_1_C_D_0165_resized.csv,0,Not_Fall,nose,0.12888657,-1.0371126,neck,-0.030696535,-0.9995287,right_shoulder,-0.32639483,-1.006625,right_elbow,-0.9115139,-0.64993364,right_wrist,-1.0929418,-0.20274413,left_shoulder,0.2650018,-0.99243236,left_elbow,-0.3409151,-0.5797934,left_wrist,-0.6994743,-0.27212486,mid_hip,0.0,0.0,right_hip,-0.20188208,-0.0061171083,right_knee,-0.14292516,0.33029732,right_ankle,-0.09875073,0.29369634,left_hip,0.20188208,0.006117006,left_knee,0.01871001,0.3326658,left_ankle,-0.26754335,0.31326208,0,0,0
Not_Fall__Not_Fall_Sit_nf_raw_c_1_C_D_0165_resized,17,C:\Users\ASUS\Downloads\3D_Human_Pose_NCKH\paper_baselines\lin2021_yolov8_lstm_gru\data\paper_skeleton_csv\Not_Fall\Not_Fall_Not_Fall_Sit_nf_raw_c_1_C_D_0165_resized.csv,0,Not_Fall,nose,0.1597574,-1.0260012,neck,-0.051789694,-0.998658,right_shoulder,-0.28226924,-1.0044484,right_elbow,-0.8858321,-0.65137786,right_wrist,-1.0687513,-0.21456122,left_shoulder,0.1786899,-0.99286765,left_elbow,-0.50714517,-0.57826596,left_wrist,-0.83334327,-0.22548068,mid_hip,0.0,0.0,right_hip,-0.15921417,-0.0035008169,right_knee,-0.082526505,0.31371203,right_ankle,-0.07684273,0.275957,left_hip,0.15921427,0.0035008169,left_knee,-0.047148906,0.3174156,left_ankle,-0.29823127,0.30029848,0,0,0
Not_Fall__Not_Fall_Sit_nf_raw_c_1_C_D_0165_resized,18,C:\Users\ASUS\Downloads\3D_Human_Pose_NCKH\paper_baselines\lin2021_yolov8_lstm_gru\data\paper_skeleton_csv\Not_Fall\Not_Fall_Not_Fall_Sit_nf_raw_c_1_C_D_0165_resized.csv,0,Not_Fall,nose,0.014747087,-1.0942559,neck,-0.017598161,-0.99984515,right_shoulder,-0.49524364,-1.0159996,right_elbow,-0.9483966,-0.62914515,right_wrist,-1.1930436,-0.25339702,left_shoulder,0.46004736,-0.9836908,left_elbow,0.038427766,-0.5789458,left_wrist,-0.48075503,-0.43171316,mid_hip,0.0,0.0,right_hip,-0.3287695,-0.017566321,right_knee,-0.40360025,0.36552027,right_ankle,-0.14487451,0.33162534,left_hip,0.32876942,0.017566321,left_knee,0.23753195,0.40183893,left_ankle,-0.18170862,0.37626848,0,0,0
Not_Fall__Not_Fall_Sit_nf_raw_c_1_C_D_0165_resized,19,C:\Users\ASUS\Downloads\3D_Human_Pose_NCKH\paper_baselines\lin2021_yolov8_lstm_gru\data\paper_skeleton_csv\Not_Fall\Not_Fall_Not_Fall_Sit_nf_raw_c_1_C_D_0165_resized.csv,0,Not_Fall,nose,0.005578361,-1.093901,neck,0.0030175683,-0.9999954,right_shoulder,-0.512783,-1.019069,right_elbow,-0.9577751,-0.628516,right_wrist,-1.2025479,-0.24881683,left_shoulder,0.5188182,-0.9809219,left_elbow,0.17438568,-0.58987516,left_wrist,-0.29882443,-0.49528936,mid_hip,0.0,0.0,right_hip,-0.35256892,-0.019368105,right_knee,-0.4284987,0.3703382,right_ankle,-0.14615786,0.33659437,left_hip,0.352569,0.019368207,left_knee,0.2920852,0.40735617,left_ankle,-0.13549809,0.3726762,0,0,0
Not_Fall__Not_Fall_Sit_nf_raw_c_1_C_D_0165_resized,20,C:\Users\ASUS\Downloads\3D_Human_Pose_NCKH\paper_baselines\lin2021_yolov8_lstm_gru\data\paper_skeleton_csv\Not_Fall\Not_Fall_Not_Fall_Sit_nf_raw_c_1_C_D_0165_resized.csv,0,Not_Fall,nose,0.07534232,-1.0949779,neck,0.03326581,-0.9994465,right_shoulder,-0.4396995,-1.0039867,right_elbow,-0.8669796,-0.62091774,right_wrist,-1.109685,-0.292495,left_shoulder,0.5062312,-0.9949063,left_elbow,0.4904719,-0.6203591,left_wrist,0.21208583,-0.5961185,mid_hip,0.0,0.0,right_hip,-0.30102265,-0.013991221,right_knee,-0.37715676,0.36350965,right_ankle,-0.055302545,0.36183777,left_hip,0.30102265,0.013991221,left_knee,0.09017273,0.35560036,left_ankle,-0.3004985,0.3404555,0,0,0
Not_Fall__Not_Fall_Sit_nf_raw_c_1_C_D_0165_resized,21,C:\Users\ASUS\Downloads\3D_Human_Pose_NCKH\paper_baselines\lin2021_yolov8_lstm_gru\data\paper_skeleton_csv\Not_Fall\Not_Fall_Not_Fall_Sit_nf_raw_c_1_C_D_0165_resized.csv,0,Not_Fall,nose,0.07112691,-1.0921856,neck,0.021110073,-0.99977714,right_shoulder,-0.4727685,-1.0072412,right_elbow,-0.87580764,-0.61054844,right_wrist,-1.1262857,-0.26823732,left_shoulder,0.51498854,-0.99231285,left_elbow,0.5665895,-0.6134912,left_wrist,0.35817373,-0.6115364,mid_hip,0.0,0.0,right_hip,-0.3205909,-0.013138685,right_knee,-0.4042228,0.38683587,right_ankle,-0.089074224,0.36131176,left_hip,0.3205909,0.013138785,left_knee,0.25845385,0.3830427,left_ankle,-0.1146198,0.36407712,0,0,0
Not_Fall__Not_Fall_Sit_nf_raw_c_1_C_D_0165_resized,22,C:\Users\ASUS\Downloads\3D_Human_Pose_NCKH\paper_baselines\lin2021_yolov8_lstm_gru\data\paper_skeleton_csv\Not_Fall\Not_Fall_Not_Fall_Sit_nf_raw_c_1_C_D_0165_resized.csv,0,Not_Fall,nose,0.05550477,-1.1279513,neck,0.034491662,-0.99940497,right_shoulder,-0.51065576,-1.0196558,right_elbow,-0.868206,-0.61141235,right_wrist,-1.2085767,-0.25346258,left_shoulder,0.5796391,-0.97915393,left_elbow,0.6128938,-0.5772245,left_wrist,0.40809545,-0.57598305,mid_hip,0.0,0.0,right_hip,-0.3635446,-0.017816473,right_knee,-0.46813667,0.42431417,right_ankle,-0.0873832,0.3854294,left_hip,0.36354455,0.017816473,left_knee,0.48615777,0.42977175,left_ankle,0.026761226,0.36223283,0,0,0
Not_Fall__Not_Fall_Sit_nf_raw_c_1_C_D_0165_resized,23,C:\Users\ASUS\Downloads\3D_Human_Pose_NCKH\paper_baselines\lin2021_yolov8_lstm_gru\data\paper_skeleton_csv\Not_Fall\Not_Fall_Not_Fall_Sit_nf_raw_c_1_C_D_0165_resized.csv,0,Not_Fall,nose,0.06114441,-1.1154449,neck,0.037822295,-0.9992845,right_shoulder,-0.51337576,-1.020352,right_elbow,-0.8757926,-0.613191,right_wrist,-1.2170614,-0.25309584,left_shoulder,0.5890203,-0.9782168,left_elbow,0.6185368,-0.5830062,left_wrist,0.41683605,-0.5826789,mid_hip,0.0,0.0,right_hip,-0.3677239,-0.01849007,right_knee,-0.47254777,0.42639008,right_ankle,-0.09745557,0.38589367,left_hip,0.3677238,0.01849007,left_knee,0.49149784,0.43600214,left_ankle,0.031264614,0.3647251,0,0,0
Not_Fall__Not_Fall_Sit_nf_raw_c_1_C_D_0165_resized,24,C:\Users\ASUS\Downloads\3D_Human_Pose_NCKH\paper_baselines\lin2021_yolov8_lstm_gru\data\paper_skeleton_csv\Not_Fall\Not_Fall_Not_Fall_Sit_nf_raw_c_1_C_D_0165_resized.csv,0,Not_Fall,nose,0.059309453,-1.1257668,neck,0.04635989,-0.9989248,right_shoulder,-0.5056264,-1.024156,right_elbow,-0.86850697,-0.61952627,right_wrist,-1.2061296,-0.27291083,left_shoulder,0.5983462,-0.9736936,left_elbow,0.6314991,-0.5672516,left_wrist,0.44519955,-0.5978906,mid_hip,0.0,0.0,right_hip,-0.36958447,-0.019829264,right_knee,-0.46181166,0.49567267,right_ankle,-0.06356269,0.42916152,left_hip,0.36958447,0.019829264,left_knee,0.538244,0.503354,left_ankle,0.1003882,0.3917352,0,0,0
Not_Fall__Not_Fall_Sit_nf_raw_c_1_C_D_0165_resized,25,C:\Users\ASUS\Downloads\3D_Human_Pose_NCKH\paper_baselines\lin2021_yolov8_lstm_gru\data\paper_skeleton_csv\Not_Fall\Not_Fall_Not_Fall_Sit_nf_raw_c_1_C_D_0165_resized.csv,0,Not_Fall,nose,0.037608534,-1.1463435,neck,0.03161302,-0.9995002,right_shoulder,-0.5189173,-1.0199448,right_elbow,-0.8597473,-0.61054355,right_wrist,-1.1940216,-0.26225823,left_shoulder,0.58214337,-0.9790555,left_elbow,0.61661506,-0.5654934,left_wrist,0.41907907,-0.5784073,mid_hip,0.0,0.0,right_hip,-0.36745802,-0.017868498,right_knee,-0.46350375,0.4199898,right_ankle,-0.07858728,0.38742906,left_hip,0.3674582,0.017868392,left_knee,0.5077178,0.4199488,left_ankle,0.0131766535,0.3582029,0,0,0
Not_Fall__Not_Fall_Sit_nf_raw_c_1_C_D_0165_resized,26,C:\Users\ASUS\Downloads\3D_Human_Pose_NCKH\paper_baselines\lin2021_yolov8_lstm_gru\data\paper_skeleton_csv\Not_Fall\Not_Fall_Not_Fall_Sit_nf_raw_c_1_C_D_0165_resized.csv,0,Not_Fall,nose,0.047090467,-1.1336497,neck,0.062426437,-0.9980496,right_shoulder,-0.46519843,-1.0167583,right_elbow,-0.80925477,-0.6093391,right_wrist,-1.1320889,-0.26075637,left_shoulder,0.59005135,-0.979341,left_elbow,0.6317745,-0.5598299,left_wrist,0.4234535,-0.54221815,mid_hip,0.0,0.0,right_hip,-0.35784236,-0.020017697,right_knee,-0.49554136,0.5003978,right_ankle,-0.13000531,0.4326823,left_hip,0.35784227,0.020017589,left_knee,0.5389305,0.51214,left_ankle,0.1732691,0.42214122,0,0,0
Not_Fall__Not_Fall_Sit_nf_raw_c_1_C_D_0165_resized,27,C:\Users\ASUS\Downloads\3D_Human_Pose_NCKH\paper_baselines\lin2021_yolov8_lstm_gru\data\paper_skeleton_csv\Not_Fall\Not_Fall_Not_Fall_Sit_nf_raw_c_1_C_D_0165_resized.csv,0,Not_Fall,nose,0.047106005,-1.121401,neck,0.057437763,-0.99834913,right_shoulder,-0.47253174,-1.0170443,right_elbow,-0.8146781,-0.60809106,right_wrist,-1.1422215,-0.26006967,left_shoulder,0.5874072,-0.9796538,left_elbow,0.63170916,-0.56201845,left_wrist,0.42627066,-0.5437135,mid_hip,0.0,0.0,right_hip,-0.35967055,-0.019986633,right_knee,-0.49943432,0.5077847,right_ankle,-0.13458614,0.44086945,left_hip,0.3596705,0.019986633,left_knee,0.5455878,0.52174765,left_ankle,0.1787804,0.4322009,0,0,0
Not_Fall__Not_Fall_Sit_nf_raw_c_1_C_D_0165_resized,28,C:\Users\ASUS\Downloads\3D_Human_Pose_NCKH\paper_baselines\lin2021_yolov8_lstm_gru\data\paper_skeleton_csv\Not_Fall\Not_Fall_Not_Fall_Sit_nf_raw_c_1_C_D_0165_resized.csv,0,Not_Fall,nose,0.062394865,-1.1379575,neck,0.06221547,-0.9980627,right_shoulder,-0.4639919,-1.017606,right_elbow,-0.79928553,-0.5980315,right_wrist,-1.1206001,-0.24082524,left_shoulder,0.58842283,-0.9785192,left_elbow,0.62284935,-0.5701759,left_wrist,0.4514221,-0.53723186,mid_hip,0.0,0.0,right_hip,-0.35906696,-0.020921186,right_knee,-0.525196,0.53520423,right_ankle,-0.18800819,0.4551371,left_hip,0.35906684,0.020921078,left_knee,0.5299855,0.54198235,left_ankle,0.16309671,0.45051244,0,0,0
Not_Fall__Not_Fall_Sit_nf_raw_c_1_C_D_0165_resized,29,C:\Users\ASUS\Downloads\3D_Human_Pose_NCKH\paper_baselines\lin2021_yolov8_lstm_gru\data\paper_skeleton_csv\Not_Fall\Not_Fall_Not_Fall_Sit_nf_raw_c_1_C_D_0165_resized.csv,0,Not_Fall,nose,0.071559034,-1.1510096,neck,0.06411382,-0.99794257,right_shoulder,-0.4594566,-1.018838,right_elbow,-0.7983993,-0.59931755,right_wrist,-1.1159858,-0.24513888,left_shoulder,0.5876841,-0.97704715,left_elbow,0.62294614,-0.5705058,left_wrist,0.44995743,-0.54046655,mid_hip,0.0,0.0,right_hip,-0.3572981,-0.02071242,right_knee,-0.52131486,0.5308608,right_ankle,-0.1778863,0.45468384,left_hip,0.35729823,0.020712312,left_knee,0.52954787,0.53557485,left_ankle,0.16644162,0.44190156,0,0,0
Not_Fall__Not_Fall_Sit_nf_raw_c_1_C_D_0165_resized,30,C:\Users\ASUS\Downloads\3D_Human_Pose_NCKH\paper_baselines\lin2021_yolov8_lstm_gru\data\paper_skeleton_csv\Not_Fall\Not_Fall_Not_Fall_Sit_nf_raw_c_1_C_D_0165_resized.csv,0,Not_Fall,nose,0.02447063,-1.1849147,neck,0.060248762,-0.99818337,right_shoulder,-0.4489308,-1.0159768,right_elbow,-0.76093817,-0.62343985,right_wrist,-1.0684077,-0.27518728,left_shoulder,0.5694285,-0.9803898,left_elbow,0.62779194,-0.56445146,left_wrist,0.4471851,-0.5199549,mid_hip,0.0,0.0,right_hip,-0.3413042,-0.02000213,right_knee,-0.462397,0.4632601,right_ankle,-0.10350021,0.42178562,left_hip,0.3413042,0.020002026,left_knee,0.45023295,0.4735206,left_ankle,0.040314503,0.40355784,0,0,0
Not_Fall__Not_Fall_Sit_nf_raw_c_1_C_D_0165_resized,31,C:\Users\ASUS\Downloads\3D_Human_Pose_NCKH\paper_baselines\lin2021_yolov8_lstm_gru\data\paper_skeleton_csv\Not_Fall\Not_Fall_Not_Fall_Sit_nf_raw_c_1_C_D_0165_resized.csv,0,Not_Fall,nose,0.022793887,-1.1759125,neck,0.060142964,-0.99818975,right_shoulder,-0.4495799,-1.0155561,right_elbow,-0.7629707,-0.621462,right_wrist,-1.0629846,-0.27672443,left_shoulder,0.56986594,-0.9808233,left_elbow,0.6218848,-0.56904083,left_wrist,0.4396619,-0.52280426,mid_hip,0.0,0.0,right_hip,-0.34165326,-0.019812236,right_knee,-0.46117392,0.4626375,right_ankle,-0.107102804,0.42042205,left_hip,0.34165332,0.019812236,left_knee,0.44434923,0.4727879,left_ankle,0.041663997,0.39761594,0,0,0
Not_Fall__Not_Fall_Sit_nf_raw_c_1_C_D_0165_resized,32,C:\Users\ASUS\Downloads\3D_Human_Pose_NCKH\paper_baselines\lin2021_yolov8_lstm_gru\data\paper_skeleton_csv\Not_Fall\Not_Fall_Not_Fall_Sit_nf_raw_c_1_C_D_0165_resized.csv,0,Not_Fall,nose,0.00020278328,-1.168406,neck,0.060089163,-0.998193,right_shoulder,-0.43045673,-1.0123973,right_elbow,-0.7400733,-0.6468705,right_wrist,-1.0211772,-0.29985383,left_shoulder,0.5506352,-0.9839887,left_elbow,0.61427975,-0.591553,left_wrist,0.41973534,-0.5367893,mid_hip,0.0,0.0,right_hip,-0.33009908,-0.01906817,right_knee,-0.458282,0.42254016,right_ankle,-0.12142917,0.39600477,left_hip,0.33009908,0.019068068,left_knee,0.42053112,0.42442346,left_ankle,0.024688251,0.3642044,0,0,0
Not_Fall__Not_Fall_Sit_nf_raw_c_1_C_D_0165_resized,33,C:\Users\ASUS\Downloads\3D_Human_Pose_NCKH\paper_baselines\lin2021_yolov8_lstm_gru\data\paper_skeleton_csv\Not_Fall\Not_Fall_Not_Fall_Sit_nf_raw_c_1_C_D_0165_resized.csv,0,Not_Fall,nose,0.0045446367,-1.1403975,neck,0.060841333,-0.9981474,right_shoulder,-0.43474904,-1.0116776,right_elbow,-0.74734926,-0.6476263,right_wrist,-1.0295085,-0.29897138,left_shoulder,0.55643165,-0.9846172,left_elbow,0.61915696,-0.5999454,left_wrist,0.41415015,-0.55170894,mid_hip,0.0,0.0,right_hip,-0.3356166,-0.020085515,right_knee,-0.49333116,0.42459485,right_ankle,-0.16322581,0.39516068,left_hip,0.3356165,0.020085413,left_knee,0.42184174,0.4309125,left_ankle,0.043649275,0.37438658,0,0,0
Not_Fall__Not_Fall_Sit_nf_raw_c_1_C_D_0165_resized,34,C:\Users\ASUS\Downloads\3D_Human_Pose_NCKH\paper_baselines\lin2021_yolov8_lstm_gru\data\paper_skeleton_csv\Not_Fall\Not_Fall_Not_Fall_Sit_nf_raw_c_1_C_D_0165_resized.csv,0,Not_Fall,nose,0.027402874,-1.1230171,neck,0.07264761,-0.9973577,right_shoulder,-0.40807256,-1.0144135,right_elbow,-0.7250864,-0.6409411,right_wrist,-0.99643975,-0.28944275,left_shoulder,0.5533678,-0.9803021,left_elbow,0.63376,-0.5770282,left_wrist,0.45709231,-0.51314676,mid_hip,0.0,0.0,right_hip,-0.3298664,-0.022967696,right_knee,-0.5432115,0.4639296,right_ankle,-0.24574587,0.40709493,left_hip,0.32986647,0.022967696,left_knee,0.4433405,0.48482955,left_ankle,0.13573906,0.40240312,0,0,0
Not_Fall__Not_Fall_Sit_nf_raw_c_1_C_D_0165_resized,35,C:\Users\ASUS\Downloads\3D_Human_Pose_NCKH\paper_baselines\lin2021_yolov8_lstm_gru\data\paper_skeleton_csv\Not_Fall\Not_Fall_Not_Fall_Sit_nf_raw_c_1_C_D_0165_resized.csv,0,Not_Fall,nose,-0.008121632,-1.1382396,neck,0.052043837,-0.99864477,right_shoulder,-0.43814522,-1.0092613,right_elbow,-0.7409289,-0.64290744,right_wrist,-1.0094129,-0.29338756,left_shoulder,0.54223275,-0.9880282,left_elbow,0.62339336,-0.5950668,left_wrist,0.42597428,-0.5164678,mid_hip,0.0,0.0,right_hip,-0.33583283,-0.020808859,right_knee,-0.55823,0.43077272,right_ankle,-0.27578163,0.39751652,left_hip,0.33583283,0.020808859,left_knee,0.41875938,0.4433483,left_ankle,0.042673912,0.3984759,0,0,0
Not_Fall__Not_Fall_Sit_nf_raw_c_1_C_D_0165_resized,36,C:\Users\ASUS\Downloads\3D_Human_Pose_NCKH\paper_baselines\lin2021_yolov8_lstm_gru\data\paper_skeleton_csv\Not_Fall\Not_Fall_Not_Fall_Sit_nf_raw_c_1_C_D_0165_resized.csv,0,Not_Fall,nose,0.014077023,-1.2190902,neck,0.07159628,-0.9974337,right_shoulder,-0.40266642,-1.0187384,right_elbow,-0.70427686,-0.64111924,right_wrist,-0.97330695,-0.28963232,left_shoulder,0.5458589,-0.9761289,left_elbow,0.64166605,-0.5602572,left_wrist,0.494098,-0.5225968,mid_hip,0.0,0.0,right_hip,-0.3290348,-0.026137829,right_knee,-0.60907066,0.42232433,right_ankle,-0.32862782,0.3806461,left_hip,0.3290348,0.026137829,left_knee,0.44767952,0.4583891,left_ankle,0.12283374,0.404081,0,0,0
Not_Fall__Not_Fall_Sit_nf_raw_c_1_C_D_0165_resized,37,C:\Users\ASUS\Downloads\3D_Human_Pose_NCKH\paper_baselines\lin2021_yolov8_lstm_gru\data\paper_skeleton_csv\Not_Fall\Not_Fall_Not_Fall_Sit_nf_raw_c_1_C_D_0165_resized.csv,0,Not_Fall,nose,0.01999407,-1.2131879,neck,0.0656611,-0.997842,right_shoulder,-0.41077974,-1.0198814,right_elbow,-0.71939534,-0.63920265,right_wrist,-0.9885667,-0.28128535,left_shoulder,0.5421019,-0.9758028,left_elbow,0.63974684,-0.5594592,left_wrist,0.4999592,-0.5164161,mid_hip,0.0,0.0,right_hip,-0.33121857,-0.025765132,right_knee,-0.6117359,0.44056377,right_ankle,-0.34326845,0.39782605,left_hip,0.33121863,0.025765024,left_knee,0.46160886,0.4775562,left_ankle,0.13171539,0.42320073,0,0,0
Not_Fall__Not_Fall_Sit_nf_raw_c_1_C_D_0165_resized,38,C:\Users\ASUS\Downloads\3D_Human_Pose_NCKH\paper_baselines\lin2021_yolov8_lstm_gru\data\paper_skeleton_csv\Not_Fall\Not_Fall_Not_Fall_Sit_nf_raw_c_1_C_D_0165_resized.csv,0,Not_Fall,nose,-0.01878987,-1.2166137,neck,0.038214657,-0.99926955,right_shoulder,-0.4329733,-1.0111638,right_elbow,-0.72042847,-0.6411379,right_wrist,-0.97088313,-0.29558063,left_shoulder,0.50940275,-0.9873753,left_elbow,0.6403279,-0.58795303,left_wrist,0.525202,-0.46018973,mid_hip,0.0,0.0,right_hip,-0.32623553,-0.021965984,right_knee,-0.6203129,0.41417414,right_ankle,-0.40087545,0.3950911,left_hip,0.32623565,0.021966094,left_knee,0.4103587,0.4483448,left_ankle,0.014587425,0.42836782,0,0,0
Not_Fall__Not_Fall_Sit_nf_raw_c_1_C_D_0165_resized,39,C:\Users\ASUS\Downloads\3D_Human_Pose_NCKH\paper_baselines\lin2021_yolov8_lstm_gru\data\paper_skeleton_csv\Not_Fall\Not_Fall_Not_Fall_Sit_nf_raw_c_1_C_D_0165_resized.csv,0,Not_Fall,nose,-0.024157582,-1.219758,neck,0.03322323,-0.999448,right_shoulder,-0.43069834,-1.0118462,right_elbow,-0.71533984,-0.64408857,right_wrist,-0.96839726,-0.29561287,left_shoulder,0.49714485,-0.98704976,left_elbow,0.6283237,-0.5844592,left_wrist,0.5278507,-0.45176482,mid_hip,0.0,0.0,right_hip,-0.32239625,-0.022133585,right_knee,-0.62558025,0.4101335,right_ankle,-0.41667795,0.39069626,left_hip,0.32239637,0.022133585,left_knee,0.4054348,0.44674784,left_ankle,0.011164718,0.42840502,0,0,0
Not_Fall__Not_Fall_Sit_nf_raw_c_1_C_D_0165_resized,40,C:\Users\ASUS\Downloads\3D_Human_Pose_NCKH\paper_baselines\lin2021_yolov8_lstm_gru\data\paper_skeleton_csv\Not_Fall\Not_Fall_Not_Fall_Sit_nf_raw_c_1_C_D_0165_resized.csv,0,Not_Fall,nose,-0.0052491706,-1.2240863,neck,0.07012309,-0.9975383,right_shoulder,-0.4140133,-1.0116141,right_elbow,-0.69984955,-0.6360059,right_wrist,-0.9346286,-0.29939887,left_shoulder,0.55425954,-0.9834627,left_elbow,0.70318496,-0.5713185,left_wrist,0.5684413,-0.45957506,mid_hip,0.0,0.0,right_hip,-0.33610427,-0.025969183,right_knee,-0.69566953,0.4248483,right_ankle,-0.4796168,0.41355225,left_hip,0.33610433,0.025969183,left_knee,0.4010618,0.46160394,left_ankle,0.0023229178,0.4419744,0,0,0
Not_Fall__Not_Fall_Sit_nf_raw_c_1_C_D_0165_resized,41,C:\Users\ASUS\Downloads\3D_Human_Pose_NCKH\paper_baselines\lin2021_yolov8_lstm_gru\data\paper_skeleton_csv\Not_Fall\Not_Fall_Not_Fall_Sit_nf_raw_c_1_C_D_0165_resized.csv,0,Not_Fall,nose,-0.00610898,-1.221095,neck,0.054443028,-0.99851686,right_shoulder,-0.41658,-1.0133605,right_elbow,-0.7058316,-0.63808423,right_wrist,-0.94066876,-0.29765496,left_shoulder,0.525466,-0.9836735,left_elbow,0.66350585,-0.571163,left_wrist,0.5716903,-0.4529798,mid_hip,0.0,0.0,right_hip,-0.32895374,-0.024969984,right_knee,-0.700245,0.4190988,right_ankle,-0.4960664,0.41585326,left_hip,0.32895386,0.024970097,left_knee,0.3928084,0.4581878,left_ankle,-0.009090592,0.4484073,0,0,0
Not_Fall__Not_Fall_Sit_nf_raw_c_1_C_D_0165_resized,42,C:\Users\ASUS\Downloads\3D_Human_Pose_NCKH\paper_baselines\lin2021_yolov8_lstm_gru\data\paper_skeleton_csv\Not_Fall\Not_Fall_Not_Fall_Sit_nf_raw_c_1_C_D_0165_resized.csv,0,Not_Fall,nose,0.014897631,-1.2605643,neck,0.040739495,-0.99916977,right_shoulder,-0.40578437,-1.0192201,right_elbow,-0.6883753,-0.63861215,right_wrist,-0.9214467,-0.2974698,left_shoulder,0.4872634,-0.9791196,left_elbow,0.6266256,-0.5513904,left_wrist,0.6251464,-0.3982321,mid_hip,0.0,0.0,right_hip,-0.31305408,-0.02363288,right_knee,-0.6971986,0.43124261,right_ankle,-0.46939248,0.444902,left_hip,0.3130542,0.02363288,left_knee,0.37696895,0.47331142,left_ankle,0.027091322,0.48527572,0,0,0
Not_Fall__Not_Fall_Sit_nf_raw_c_1_C_D_0165_resized,43,C:\Users\ASUS\Downloads\3D_Human_Pose_NCKH\paper_baselines\lin2021_yolov8_lstm_gru\data\paper_skeleton_csv\Not_Fall\Not_Fall_Not_Fall_Sit_nf_raw_c_1_C_D_0165_resized.csv,0,Not_Fall,nose,0.0056056655,-1.268208,neck,0.053469334,-0.9985695,right_shoulder,-0.4196719,-1.0183604,right_elbow,-0.70768714,-0.6302199,right_wrist,-0.9420113,-0.28446543,left_shoulder,0.52661055,-0.9787787,left_elbow,0.6842813,-0.5458388,left_wrist,0.64180356,-0.38771266,mid_hip,0.0,0.0,right_hip,-0.32920662,-0.025383329,right_knee,-0.71103144,0.44878757,right_ankle,-0.47173616,0.46794263,left_hip,0.32920656,0.025383329,left_knee,0.40485418,0.49536583,left_ankle,0.037714094,0.505892,0,0,0
Not_Fall__Not_Fall_Sit_nf_raw_c_1_C_D_0165_resized,44,C:\Users\ASUS\Downloads\3D_Human_Pose_NCKH\paper_baselines\lin2021_yolov8_lstm_gru\data\paper_skeleton_csv\Not_Fall\Not_Fall_Not_Fall_Sit_nf_raw_c_1_C_D_0165_resized.csv,0,Not_Fall,nose,-6.391951e-05,-1.2735082,neck,0.0551247,-0.9984794,right_shoulder,-0.43417433,-1.0157624,right_elbow,-0.71621996,-0.635871,right_wrist,-0.93949676,-0.2935965,left_shoulder,0.5444237,-0.98119646,left_elbow,0.7263776,-0.57104635,left_wrist,0.6471367,-0.4354201,mid_hip,0.0,0.0,right_hip,-0.33738035,-0.024850015,right_knee,-0.6828904,0.48830882,right_ankle,-0.44396603,0.48424745,left_hip,0.3373804,0.024850015,left_knee,0.42403284,0.5366965,left_ankle,0.026320284,0.5224518,0,0,0
Not_Fall__Not_Fall_Sit_nf_raw_c_1_C_D_0165_resized,45,C:\Users\ASUS\Downloads\3D_Human_Pose_NCKH\paper_baselines\lin2021_yolov8_lstm_gru\data\paper_skeleton_csv\Not_Fall\Not_Fall_Not_Fall_Sit_nf_raw_c_1_C_D_0165_resized.csv,0,Not_Fall,nose,0.00056028494,-1.2647835,neck,0.032486185,-0.99947214,right_shoulder,-0.44347095,-1.0188644,right_elbow,-0.72599906,-0.6375936,right_wrist,-0.951637,-0.28918964,left_shoulder,0.5084433,-0.98007995,left_elbow,0.67604494,-0.5681296,left_wrist,0.6473319,-0.42977056,mid_hip,0.0,0.0,right_hip,-0.33091572,-0.023842826,right_knee,-0.6956237,0.4881094,right_ankle,-0.45692015,0.49508828,left_hip,0.3309158,0.02384295,left_knee,0.41541603,0.53878707,left_ankle,0.037302963,0.539637,0,0,0
Not_Fall__Not_Fall_Sit_nf_raw_c_1_C_D_0165_resized,46,C:\Users\ASUS\Downloads\3D_Human_Pose_NCKH\paper_baselines\lin2021_yolov8_lstm_gru\data\paper_skeleton_csv\Not_Fall\Not_Fall_Not_Fall_Sit_nf_raw_c_1_C_D_0165_resized.csv,0,Not_Fall,nose,0.03317268,-1.2852075,neck,0.05572337,-0.9984462,right_shoulder,-0.42898896,-1.015761,right_elbow,-0.71673185,-0.62700856,right_wrist,-0.9275096,-0.28550228,left_shoulder,0.54043573,-0.9811314,left_elbow,0.7368284,-0.5777038,left_wrist,0.69369024,-0.440554,mid_hip,0.0,0.0,right_hip,-0.33365178,-0.023682788,right_knee,-0.68842024,0.46972924,right_ankle,-0.44238812,0.49763623,left_hip,0.3336517,0.023682788,left_knee,0.40705773,0.5170133,left_ankle,0.025724567,0.53858596,0,0,0
Not_Fall__Not_Fall_Sit_nf_raw_c_1_C_D_0165_resized,47,C:\Users\ASUS\Downloads\3D_Human_Pose_NCKH\paper_baselines\lin2021_yolov8_lstm_gru\data\paper_skeleton_csv\Not_Fall\Not_Fall_Not_Fall_Sit_nf_raw_c_1_C_D_0165_resized.csv,0,Not_Fall,nose,0.03921357,-1.2823514,neck,0.049453933,-0.99877644,right_shoulder,-0.42576137,-1.018232,right_elbow,-0.7144041,-0.62619567,right_wrist,-0.92877525,-0.2818521,left_shoulder,0.52466923,-0.9793209,left_elbow,0.7075086,-0.5671513,left_wrist,0.6887867,-0.42940152,mid_hip,0.0,0.0,right_hip,-0.32884058,-0.023582676,right_knee,-0.6923616,0.47375488,right_ankle,-0.45300874,0.50775737,left_hip,0.32884073,0.023582552,left_knee,0.4039774,0.5211002,left_ankle,0.029766047,0.54897946,0,0,0
Not_Fall__Not_Fall_Sit_nf_raw_c_1_C_D_0165_resized,48,C:\Users\ASUS\Downloads\3D_Human_Pose_NCKH\paper_baselines\lin2021_yolov8_lstm_gru\data\paper_skeleton_csv\Not_Fall\Not_Fall_Not_Fall_Sit_nf_raw_c_1_C_D_0165_resized.csv,0,Not_Fall,nose,0.14908291,-1.2949967,neck,0.102521,-0.99473083,right_shoulder,-0.37327814,-1.0135676,right_elbow,-0.6701605,-0.6206529,right_wrist,-0.86192536,-0.29357997,left_shoulder,0.57832015,-0.97589403,left_elbow,0.76740015,-0.5703744,left_wrist,0.7263131,-0.37614295,mid_hip,0.0,0.0,right_hip,-0.32357976,-0.020826498,right_knee,-0.5936585,0.5098551,right_ankle,-0.37120128,0.4718491,left_hip,0.3235799,0.020826377,left_knee,0.4252313,0.53352565,left_ankle,0.009514585,0.50086844,0,0,0
Not_Fall__Not_Fall_Sit_nf_raw_c_1_C_D_0165_resized,49,C:\Users\ASUS\Downloads\3D_Human_Pose_NCKH\paper_baselines\lin2021_yolov8_lstm_gru\data\paper_skeleton_csv\Not_Fall\Not_Fall_Not_Fall_Sit_nf_raw_c_1_C_D_0165_resized.csv,0,Not_Fall,nose,0.15640038,-1.295415,neck,0.102014795,-0.99478287,right_shoulder,-0.371551,-1.0140581,right_elbow,-0.6696666,-0.6215373,right_wrist,-0.8620936,-0.29437727,left_shoulder,0.5755806,-0.9755076,left_elbow,0.76346153,-0.5716456,left_wrist,0.7218028,-0.38202178,mid_hip,0.0,0.0,right_hip,-0.32213482,-0.02047638,right_knee,-0.588601,0.50476104,right_ankle,-0.36266133,0.47058818,left_hip,0.32213488,0.02047638,left_knee,0.42812166,0.5264438,left_ankle,0.01158403,0.4964595,0,0,0
Not_Fall__Not_Fall_Sit_nf_raw_c_1_C_D_0165_resized,50,C:\Users\ASUS\Downloads\3D_Human_Pose_NCKH\paper_baselines\lin2021_yolov8_lstm_gru\data\paper_skeleton_csv\Not_Fall\Not_Fall_Not_Fall_Sit_nf_raw_c_1_C_D_0165_resized.csv,0,Not_Fall,nose,0.14019889,-1.3072299,neck,0.118030034,-0.99301,right_shoulder,-0.35142004,-1.0097786,right_elbow,-0.64719045,-0.62625664,right_wrist,-0.8251942,-0.29142842,left_shoulder,0.5874801,-0.97624147,left_elbow,0.7971057,-0.5714699,left_wrist,0.77578473,-0.30556282,mid_hip,0.0,0.0,right_hip,-0.32059893,-0.019420808,right_knee,-0.58300066,0.52927095,right_ankle,-0.32842717,0.4732022,left_hip,0.32059905,0.019420808,left_knee,0.45819542,0.55011916,left_ankle,0.14796144,0.49795705,0,0,0
Not_Fall__Not_Fall_Sit_nf_raw_c_1_C_D_0165_resized,51,C:\Users\ASUS\Downloads\3D_Human_Pose_NCKH\paper_baselines\lin2021_yolov8_lstm_gru\data\paper_skeleton_csv\Not_Fall\Not_Fall_Not_Fall_Sit_nf_raw_c_1_C_D_0165_resized.csv,0,Not_Fall,nose,0.08349458,-1.3384458,neck,0.09500159,-0.99547714,right_shoulder,-0.38410774,-1.0097731,right_elbow,-0.66753334,-0.6266466,right_wrist,-0.8519844,-0.2898089,left_shoulder,0.57411087,-0.98118114,left_elbow,0.7750722,-0.5817543,left_wrist,0.7238641,-0.32669756,mid_hip,0.0,0.0,right_hip,-0.3252041,-0.020538963,right_knee,-0.59967864,0.4897857,right_ankle,-0.37561727,0.4518217,left_hip,0.32520396,0.020538963,left_knee,0.3986345,0.5170728,left_ankle,0.011050335,0.4717106,0,0,0
Not_Fall__Not_Fall_Sit_nf_raw_c_1_C_D_0165_resized,52,C:\Users\ASUS\Downloads\3D_Human_Pose_NCKH\paper_baselines\lin2021_yolov8_lstm_gru\data\paper_skeleton_csv\Not_Fall\Not_Fall_Not_Fall_Sit_nf_raw_c_1_C_D_0165_resized.csv,0,Not_Fall,nose,-0.099538386,-1.3531147,neck,0.0674424,-0.99772316,right_shoulder,-0.39895493,-0.9972725,right_elbow,-0.6423331,-0.62983775,right_wrist,-0.8138297,-0.294912,left_shoulder,0.5338399,-0.9981738,left_elbow,0.78801095,-0.58666974,left_wrist,0.80196655,-0.28909153,mid_hip,0.0,0.0,right_hip,-0.3138641,-0.015563498,right_knee,-0.5654442,0.52164656,right_ankle,-0.27584583,0.53385526,left_hip,0.313864,0.015563498,left_knee,0.4016774,0.5498634,left_ankle,0.112146854,0.544527,0,0,0
Not_Fall__Not_Fall_Sit_nf_raw_c_1_C_D_0165_resized,53,C:\Users\ASUS\Downloads\3D_Human_Pose_NCKH\paper_baselines\lin2021_yolov8_lstm_gru\data\paper_skeleton_csv\Not_Fall\Not_Fall_Not_Fall_Sit_nf_raw_c_1_C_D_0165_resized.csv,0,Not_Fall,nose,-0.113012,-1.353928,neck,0.06461346,-0.9979104,right_shoulder,-0.41561112,-0.9967002,right_elbow,-0.65868413,-0.6222069,right_wrist,-0.83125496,-0.2859861,left_shoulder,0.5448382,-0.9991205,left_elbow,0.81511134,-0.5776848,left_wrist,0.80032015,-0.27056125,mid_hip,0.0,0.0,right_hip,-0.3225717,-0.015623969,right_knee,-0.561217,0.51203436,right_ankle,-0.26600686,0.51660883,left_hip,0.32257158,0.015623844,left_knee,0.4418911,0.5421513,left_ankle,0.13810644,0.53283995,0,0,0
Not_Fall__Not_Fall_Sit_nf_raw_c_1_C_D_0165_resized,54,C:\Users\ASUS\Downloads\3D_Human_Pose_NCKH\paper_baselines\lin2021_yolov8_lstm_gru\data\paper_skeleton_csv\Not_Fall\Not_Fall_Not_Fall_Sit_nf_raw_c_1_C_D_0165_resized.csv,0,Not_Fall,nose,-0.2246615,-1.3740609,neck,0.029092215,-0.9995767,right_shoulder,-0.43268004,-0.98936903,right_elbow,-0.6374208,-0.6050828,right_wrist,-0.8100047,-0.27227488,left_shoulder,0.49086437,-1.0097843,left_elbow,0.7927761,-0.57916945,left_wrist,0.7916081,-0.23308466,mid_hip,0.0,0.0,right_hip,-0.3074039,-0.011461758,right_knee,-0.48777625,0.51463234,right_ankle,-0.23507515,0.51974994,left_hip,0.30740395,0.011461884,left_knee,0.42515326,0.5440323,left_ankle,0.11886153,0.51679605,0,0,0
Not_Fall__Not_Fall_Sit_nf_raw_c_1_C_D_0165_resized,55,C:\Users\ASUS\Downloads\3D_Human_Pose_NCKH\paper_baselines\lin2021_yolov8_lstm_gru\data\paper_skeleton_csv\Not_Fall\Not_Fall_Not_Fall_Sit_nf_raw_c_1_C_D_0165_resized.csv,0,Not_Fall,nose,-0.22567306,-1.3716131,neck,0.03281574,-0.99946135,right_shoulder,-0.4321546,-0.98815507,right_elbow,-0.6397287,-0.60307074,right_wrist,-0.81075805,-0.26970398,left_shoulder,0.49778607,-1.0107678,left_elbow,0.8004321,-0.5788965,left_wrist,0.7945612,-0.2353257,mid_hip,0.0,0.0,right_hip,-0.30936712,-0.0109017575,right_knee,-0.4869319,0.5217479,right_ankle,-0.23740886,0.5297093,left_hip,0.30936697,0.0109017575,left_knee,0.42890042,0.5447577,left_ankle,0.12285026,0.5217564,0,0,0
Not_Fall__Not_Fall_Sit_nf_raw_c_1_C_D_0165_resized,56,C:\Users\ASUS\Downloads\3D_Human_Pose_NCKH\paper_baselines\lin2021_yolov8_lstm_gru\data\paper_skeleton_csv\Not_Fall\Not_Fall_Not_Fall_Sit_nf_raw_c_1_C_D_0165_resized.csv,0,Not_Fall,nose,-0.25686884,-1.3642558,neck,0.03506923,-0.9993849,right_shoulder,-0.4272775,-0.98968345,right_elbow,-0.62057847,-0.5854777,right_wrist,-0.79424953,-0.25005475,left_shoulder,0.4974161,-1.0090864,left_elbow,0.82430744,-0.5527264,left_wrist,0.8371932,-0.19889967,mid_hip,0.0,0.0,right_hip,-0.3098638,-0.014437684,right_knee,-0.5242235,0.48941922,right_ankle,-0.23161326,0.5098257,left_hip,0.30986387,0.014437813,left_knee,0.422247,0.5423627,left_ankle,0.16391736,0.53108996,0,0,0
Not_Fall__Not_Fall_Sit_nf_raw_c_1_C_D_0165_resized,57,C:\Users\ASUS\Downloads\3D_Human_Pose_NCKH\paper_baselines\lin2021_yolov8_lstm_gru\data\paper_skeleton_csv\Not_Fall\Not_Fall_Not_Fall_Sit_nf_raw_c_1_C_D_0165_resized.csv,0,Not_Fall,nose,-0.24706692,-1.3647519,neck,0.039653953,-0.99921346,right_shoulder,-0.42527264,-0.99087334,right_elbow,-0.62010646,-0.58654803,right_wrist,-0.7958738,-0.24858534,left_shoulder,0.50458056,-1.0075536,left_elbow,0.8381768,-0.5507755,left_wrist,0.83692366,-0.19489615,mid_hip,0.0,0.0,right_hip,-0.312828,-0.016047975,right_knee,-0.5462613,0.47462758,right_ankle,-0.24778709,0.5012484,left_hip,0.31282806,0.016048105,left_knee,0.42397565,0.53547645,left_ankle,0.18194233,0.53647363,0,0,0
Not_Fall__Not_Fall_Sit_nf_raw_c_1_C_D_0165_resized,58,C:\Users\ASUS\Downloads\3D_Human_Pose_NCKH\paper_baselines\lin2021_yolov8_lstm_gru\data\paper_skeleton_csv\Not_Fall\Not_Fall_Not_Fall_Sit_nf_raw_c_1_C_D_0165_resized.csv,0,Not_Fall,nose,-0.28175902,-1.368643,neck,0.04187137,-0.99912304,right_shoulder,-0.4269993,-0.9841172,right_elbow,-0.61932456,-0.5862358,right_wrist,-0.7891666,-0.25651518,left_shoulder,0.5107419,-1.0141288,left_elbow,0.8592776,-0.56891215,left_wrist,0.8641567,-0.22495915,mid_hip,0.0,0.0,right_hip,-0.31281283,-0.011822678,right_knee,-0.5031637,0.5369397,right_ankle,-0.24690242,0.50229865,left_hip,0.31281275,0.011822678,left_knee,0.4319887,0.56806564,left_ankle,0.1400904,0.49625924,0,0,0
Not_Fall__Not_Fall_Sit_nf_raw_c_1_C_D_0165_resized,59,C:\Users\ASUS\Downloads\3D_Human_Pose_NCKH\paper_baselines\lin2021_yolov8_lstm_gru\data\paper_skeleton_csv\Not_Fall\Not_Fall_Not_Fall_Sit_nf_raw_c_1_C_D_0165_resized.csv,0,Not_Fall,nose,-0.29177424,-1.3706121,neck,0.038708963,-0.99925053,right_shoulder,-0.43038237,-0.98257226,right_elbow,-0.62110806,-0.5825188,right_wrist,-0.7908086,-0.25474665,left_shoulder,0.5078003,-1.0159287,left_elbow,0.8551594,-0.5800036,left_wrist,0.86776257,-0.25092077,mid_hip,0.0,0.0,right_hip,-0.31269062,-0.01050688,right_knee,-0.48730978,0.5423855,right_ankle,-0.23102617,0.5009906,left_hip,0.31269068,0.01050688,left_knee,0.4419631,0.57126397,left_ankle,0.15418465,0.48888165,0,0,0
Not_Fall__Not_Fall_Sit_nf_raw_c_1_C_D_0165_resized,60,C:\Users\ASUS\Downloads\3D_Human_Pose_NCKH\paper_baselines\lin2021_yolov8_lstm_gru\data\paper_skeleton_csv\Not_Fall\Not_Fall_Not_Fall_Sit_nf_raw_c_1_C_D_0165_resized.csv,0,Not_Fall,nose,-0.3785257,-1.3811727,neck,0.019996874,-0.9998,right_shoulder,-0.43136638,-0.9673652,right_elbow,-0.6190548,-0.55923605,right_wrist,-0.80337936,-0.24211992,left_shoulder,0.47136012,-1.0322348,left_elbow,0.80919725,-0.6110932,left_wrist,0.7692076,-0.20097649,mid_hip,0.0,0.0,right_hip,-0.30669263,-0.0032891245,right_knee,-0.4966558,0.60266256,right_ankle,-0.343205,0.48341438,left_hip,0.30669257,0.0032891245,left_knee,0.4119083,0.6041989,left_ankle,0.14707728,0.43312067,0,0,0
Not_Fall__Not_Fall_Sit_nf_raw_c_1_C_D_0165_resized,61,C:\Users\ASUS\Downloads\3D_Human_Pose_NCKH\paper_baselines\lin2021_yolov8_lstm_gru\data\paper_skeleton_csv\Not_Fall\Not_Fall_Not_Fall_Sit_nf_raw_c_1_C_D_0165_resized.csv,0,Not_Fall,nose,-0.38090366,-1.3832161,neck,0.01832093,-0.99983215,right_shoulder,-0.43433496,-0.9676075,right_elbow,-0.62131536,-0.5585079,right_wrist,-0.8066611,-0.23920003,left_shoulder,0.47097695,-1.0320568,left_elbow,0.81014836,-0.60913575,left_wrist,0.7767454,-0.19695032,mid_hip,0.0,0.0,right_hip,-0.30860457,-0.0034982201,right_knee,-0.5138063,0.6025381,right_ankle,-0.36073133,0.48277333,left_hip,0.3086045,0.0034980914,left_knee,0.41143438,0.6037614,left_ankle,0.15588605,0.43326268,0,0,0
Not_Fall__Not_Fall_Sit_nf_raw_c_1_C_D_0165_resized,62,C:\Users\ASUS\Downloads\3D_Human_Pose_NCKH\paper_baselines\lin2021_yolov8_lstm_gru\data\paper_skeleton_csv\Not_Fall\Not_Fall_Not_Fall_Sit_nf_raw_c_1_C_D_0165_resized.csv,0,Not_Fall,nose,-0.40077066,-1.379135,neck,0.014887492,-0.9998892,right_shoulder,-0.43682915,-0.9686537,right_elbow,-0.62441975,-0.57041144,right_wrist,-0.79768085,-0.24471582,left_shoulder,0.46660408,-1.0311246,left_elbow,0.80471706,-0.62736577,left_wrist,0.80656916,-0.19317791,mid_hip,0.0,0.0,right_hip,-0.3057697,-0.0035784123,right_knee,-0.4896788,0.59085673,right_ankle,-0.3196204,0.49063596,left_hip,0.3057697,0.0035784123,left_knee,0.39698786,0.59912354,left_ankle,0.15198725,0.44285867,0,0,0
Not_Fall__Not_Fall_Sit_nf_raw_c_1_C_D_0165_resized,63,C:\Users\ASUS\Downloads\3D_Human_Pose_NCKH\paper_baselines\lin2021_yolov8_lstm_gru\data\paper_skeleton_csv\Not_Fall\Not_Fall_Not_Fall_Sit_nf_raw_c_1_C_D_0165_resized.csv,0,Not_Fall,nose,-0.40497977,-1.3860854,neck,0.012446133,-0.9999226,right_shoulder,-0.44252098,-0.9677645,right_elbow,-0.6320542,-0.56686425,right_wrist,-0.8046318,-0.24165511,left_shoulder,0.4674132,-1.0320807,left_elbow,0.80624366,-0.62521935,left_wrist,0.81177753,-0.18855937,mid_hip,0.0,0.0,right_hip,-0.3071809,-0.00278432,right_knee,-0.4867071,0.5980594,right_ankle,-0.31441745,0.49933258,left_hip,0.30718103,0.0027844505,left_knee,0.393902,0.6026145,left_ankle,0.13747355,0.4491888,0,0,0
Not_Fall__Not_Fall_Sit_nf_raw_c_1_C_D_0165_resized,64,C:\Users\ASUS\Downloads\3D_Human_Pose_NCKH\paper_baselines\lin2021_yolov8_lstm_gru\data\paper_skeleton_csv\Not_Fall\Not_Fall_Not_Fall_Sit_nf_raw_c_1_C_D_0165_resized.csv,0,Not_Fall,nose,-0.4259495,-1.3604324,neck,-0.006774785,-0.99997705,right_shoulder,-0.4552045,-0.9645619,right_elbow,-0.64560246,-0.56804013,right_wrist,-0.809749,-0.2481181,left_shoulder,0.4416549,-1.0353923,left_elbow,0.7935937,-0.6393671,left_wrist,0.823669,-0.2047527,mid_hip,0.0,0.0,right_hip,-0.30161744,-0.0014046107,right_knee,-0.4892955,0.5917958,right_ankle,-0.29254594,0.5339873,left_hip,0.30161738,0.0014046107,left_knee,0.37252608,0.59598273,left_ankle,0.12939881,0.4750141,0,0,0
Not_Fall__Not_Fall_Sit_nf_raw_c_1_C_D_0165_resized,65,C:\Users\ASUS\Downloads\3D_Human_Pose_NCKH\paper_baselines\lin2021_yolov8_lstm_gru\data\paper_skeleton_csv\Not_Fall\Not_Fall_Not_Fall_Sit_nf_raw_c_1_C_D_0165_resized.csv,0,Not_Fall,nose,-0.42960063,-1.3613424,neck,-0.010152436,-0.99994844,right_shoulder,-0.46118495,-0.9643342,right_elbow,-0.65177226,-0.56483924,right_wrist,-0.8158054,-0.24391377,left_shoulder,0.4408801,-1.0355628,left_elbow,0.7954814,-0.6373632,left_wrist,0.8251182,-0.19920826,mid_hip,0.0,0.0,right_hip,-0.30432034,-0.001305497,right_knee,-0.49768686,0.5943365,right_ankle,-0.3009592,0.5413102,left_hip,0.30432042,0.001305497,left_knee,0.38402897,0.6000792,left_ankle,0.1458043,0.4868798,0,0,0
Not_Fall__Not_Fall_Sit_nf_raw_c_1_C_D_0165_resized,66,C:\Users\ASUS\Downloads\3D_Human_Pose_NCKH\paper_baselines\lin2021_yolov8_lstm_gru\data\paper_skeleton_csv\Not_Fall\Not_Fall_Not_Fall_Sit_nf_raw_c_1_C_D_0165_resized.csv,0,Not_Fall,nose,-0.46013048,-1.3628162,neck,-0.023049051,-0.9997344,right_shoulder,-0.47651568,-0.96100676,right_elbow,-0.6597226,-0.54907405,right_wrist,-0.8327388,-0.22683764,left_shoulder,0.43041772,-1.038462,left_elbow,0.7972305,-0.6319263,left_wrist,0.83889633,-0.19370942,mid_hip,0.0,0.0,right_hip,-0.30561358,0.0010118128,right_knee,-0.48293886,0.61331403,right_ankle,-0.33124238,0.5735226,left_hip,0.30561364,-0.0010118128,left_knee,0.4114675,0.6057873,left_ankle,0.11002287,0.49213013,0,0,0
Not_Fall__Not_Fall_Sit_nf_raw_c_1_C_D_0165_resized,67,C:\Users\ASUS\Downloads\3D_Human_Pose_NCKH\paper_baselines\lin2021_yolov8_lstm_gru\data\paper_skeleton_csv\Not_Fall\Not_Fall_Not_Fall_Sit_nf_raw_c_1_C_D_0165_resized.csv,0,Not_Fall,nose,-0.46249792,-1.3635604,neck,-0.022806177,-0.9997399,right_shoulder,-0.4770746,-0.9613261,right_elbow,-0.6604183,-0.5466878,right_wrist,-0.8360903,-0.22456339,left_shoulder,0.43146232,-1.0381536,left_elbow,0.79900205,-0.62983495,left_wrist,0.8423561,-0.19137348,mid_hip,0.0,0.0,right_hip,-0.30677995,0.00054364605,right_knee,-0.48759925,0.61309224,right_ankle,-0.3422205,0.5728555,left_hip,0.3067799,-0.00054364605,left_knee,0.41888303,0.60957384,left_ankle,0.115893684,0.49602032,0,0,0
Not_Fall__Not_Fall_Sit_nf_raw_c_1_C_D_0165_resized,68,C:\Users\ASUS\Downloads\3D_Human_Pose_NCKH\paper_baselines\lin2021_yolov8_lstm_gru\data\paper_skeleton_csv\Not_Fall\Not_Fall_Not_Fall_Sit_nf_raw_c_1_C_D_0165_resized.csv,0,Not_Fall,nose,-0.4644703,-1.3485601,neck,-0.022302663,-0.99975127,right_shoulder,-0.4726926,-0.9568734,right_elbow,-0.67140126,-0.55775636,right_wrist,-0.832323,-0.22799592,left_shoulder,0.4280873,-1.0426291,left_elbow,0.78884184,-0.64466363,left_wrist,0.8459531,-0.21174204,mid_hip,0.0,0.0,right_hip,-0.29761112,0.0035915836,right_knee,-0.4377437,0.63130164,right_ankle,-0.24815093,0.5463974,left_hip,0.29761112,-0.00359172,left_knee,0.39367804,0.6079662,left_ankle,0.12224383,0.4792638,0,0,0
Not_Fall__Not_Fall_Sit_nf_raw_c_1_C_D_0165_resized,69,C:\Users\ASUS\Downloads\3D_Human_Pose_NCKH\paper_baselines\lin2021_yolov8_lstm_gru\data\paper_skeleton_csv\Not_Fall\Not_Fall_Not_Fall_Sit_nf_raw_c_1_C_D_0165_resized.csv,0,Not_Fall,nose,-0.4685473,-1.3476789,neck,-0.025039893,-0.9996864,right_shoulder,-0.47585937,-0.9565317,right_elbow,-0.67646337,-0.5553751,right_wrist,-0.835872,-0.22495623,left_shoulder,0.42577952,-1.0428412,left_elbow,0.78894824,-0.64300925,left_wrist,0.84427994,-0.21068883,mid_hip,0.0,0.0,right_hip,-0.29729757,0.0039305375,right_knee,-0.43164182,0.6304542,right_ankle,-0.25078997,0.548652,left_hip,0.29729742,-0.003930401,left_knee,0.39200935,0.6048245,left_ankle,0.11439578,0.47607145,0,0,0
Not_Fall__Not_Fall_Sit_nf_raw_c_1_C_D_0165_resized,70,C:\Users\ASUS\Downloads\3D_Human_Pose_NCKH\paper_baselines\lin2021_yolov8_lstm_gru\data\paper_skeleton_csv\Not_Fall\Not_Fall_Not_Fall_Sit_nf_raw_c_1_C_D_0165_resized.csv,0,Not_Fall,nose,-0.47059035,-1.3360571,neck,-0.026910067,-0.99963784,right_shoulder,-0.46837893,-0.9543129,right_elbow,-0.67193854,-0.5581904,right_wrist,-0.8280458,-0.22772446,left_shoulder,0.4145588,-1.0449629,left_elbow,0.7859429,-0.6528636,left_wrist,0.85486436,-0.22335444,mid_hip,0.0,0.0,right_hip,-0.28963977,0.0044594957,right_knee,-0.4081984,0.62370557,right_ankle,-0.21563064,0.5434757,left_hip,0.2896397,-0.0044594957,left_knee,0.37087774,0.60089284,left_ankle,0.11982932,0.49125513,0,0,0
Not_Fall__Not_Fall_Sit_nf_raw_c_1_C_D_0165_resized,71,C:\Users\ASUS\Downloads\3D_Human_Pose_NCKH\paper_baselines\lin2021_yolov8_lstm_gru\data\paper_skeleton_csv\Not_Fall\Not_Fall_Not_Fall_Sit_nf_raw_c_1_C_D_0165_resized.csv,0,Not_Fall,nose,-0.47466338,-1.3383654,neck,-0.02956862,-0.99956274,right_shoulder,-0.47127792,-0.95464844,right_elbow,-0.6753675,-0.55752313,right_wrist,-0.83271307,-0.22316873,left_shoulder,0.4121406,-1.0444771,left_elbow,0.78348327,-0.6527581,left_wrist,0.8559792,-0.22380733,mid_hip,0.0,0.0,right_hip,-0.28990358,0.0041723214,right_knee,-0.41401163,0.62697387,right_ankle,-0.2194936,0.54312336,left_hip,0.28990352,-0.004172459,left_knee,0.36371672,0.6066834,left_ankle,0.12263361,0.4931765,0,0,0
Not_Fall__Not_Fall_Sit_nf_raw_c_1_C_D_0165_resized,72,C:\Users\ASUS\Downloads\3D_Human_Pose_NCKH\paper_baselines\lin2021_yolov8_lstm_gru\data\paper_skeleton_csv\Not_Fall\Not_Fall_Not_Fall_Sit_nf_raw_c_1_C_D_0165_resized.csv,0,Not_Fall,nose,-0.4798213,-1.3239328,neck,-0.019818665,-0.9998036,right_shoulder,-0.46080205,-0.9557795,right_elbow,-0.66018695,-0.5592085,right_wrist,-0.8167001,-0.21670762,left_shoulder,0.42116463,-1.0438278,left_elbow,0.7879286,-0.6551733,left_wrist,0.85601044,-0.23217066,mid_hip,0.0,0.0,right_hip,-0.28955707,0.0030362734,right_knee,-0.41751698,0.6260249,right_ankle,-0.21533196,0.5470978,left_hip,0.28955707,-0.0030362734,left_knee,0.36652434,0.6065251,left_ankle,0.10981207,0.487129,0,0,0
Not_Fall__Not_Fall_Sit_nf_raw_c_1_C_D_0165_resized,73,C:\Users\ASUS\Downloads\3D_Human_Pose_NCKH\paper_baselines\lin2021_yolov8_lstm_gru\data\paper_skeleton_csv\Not_Fall\Not_Fall_Not_Fall_Sit_nf_raw_c_1_C_D_0165_resized.csv,0,Not_Fall,nose,-0.48037577,-1.3195822,neck,-0.023027131,-0.9997349,right_shoulder,-0.46142378,-0.9552498,right_elbow,-0.66074526,-0.55799073,right_wrist,-0.8179512,-0.21782644,left_shoulder,0.4153696,-1.0442201,left_elbow,0.7784347,-0.65634984,left_wrist,0.8509109,-0.23833033,mid_hip,0.0,0.0,right_hip,-0.2878473,0.0034247658,right_knee,-0.4122132,0.61880445,right_ankle,-0.20665129,0.541684,left_hip,0.28784725,-0.0034247658,left_knee,0.3643757,0.5991754,left_ankle,0.109791726,0.48217958,0,0,0
Not_Fall__Not_Fall_Sit_nf_raw_c_1_C_D_0165_resized,74,C:\Users\ASUS\Downloads\3D_Human_Pose_NCKH\paper_baselines\lin2021_yolov8_lstm_gru\data\paper_skeleton_csv\Not_Fall\Not_Fall_Not_Fall_Sit_nf_raw_c_1_C_D_0165_resized.csv,0,Not_Fall,nose,-0.4921681,-1.3160596,neck,-0.0380188,-0.999277,right_shoulder,-0.47513884,-0.9498497,right_elbow,-0.66484004,-0.54738307,right_wrist,-0.82910323,-0.21559508,left_shoulder,0.39910123,-1.0487041,left_elbow,0.77181524,-0.66635156,left_wrist,0.86465937,-0.25117314,mid_hip,0.0,0.0,right_hip,-0.2906816,0.0047653187,right_knee,-0.42043403,0.61676127,right_ankle,-0.24056968,0.519041,left_hip,0.29068154,-0.0047653187,left_knee,0.38818514,0.6062883,left_ankle,0.1292512,0.4900598,0,0,0
Not_Fall__Not_Fall_Sit_nf_raw_c_1_C_D_0165_resized,75,C:\Users\ASUS\Downloads\3D_Human_Pose_NCKH\paper_baselines\lin2021_yolov8_lstm_gru\data\paper_skeleton_csv\Not_Fall\Not_Fall_Not_Fall_Sit_nf_raw_c_1_C_D_0165_resized.csv,0,Not_Fall,nose,-0.49240512,-1.3155808,neck,-0.037934344,-0.9992802,right_shoulder,-0.47558185,-0.94963425,right_elbow,-0.66547346,-0.54752994,right_wrist,-0.83008075,-0.21566056,left_shoulder,0.3997131,-1.0489261,left_elbow,0.7681453,-0.66679436,left_wrist,0.8603328,-0.25012708,mid_hip,0.0,0.0,right_hip,-0.29075333,0.004952869,right_knee,-0.41828924,0.6123044,right_ankle,-0.24534605,0.5228136,left_hip,0.29075342,-0.004953007,left_knee,0.3914077,0.5995133,left_ankle,0.11778574,0.48962057,0,0,0
Not_Fall__Not_Fall_Sit_nf_raw_c_1_C_D_0165_resized,76,C:\Users\ASUS\Downloads\3D_Human_Pose_NCKH\paper_baselines\lin2021_yolov8_lstm_gru\data\paper_skeleton_csv\Not_Fall\Not_Fall_Not_Fall_Sit_nf_raw_c_1_C_D_0165_resized.csv,0,Not_Fall,nose,-0.5039437,-1.3089225,neck,-0.043401174,-0.9990577,right_shoulder,-0.4819406,-0.94723254,right_elbow,-0.67722875,-0.54442525,right_wrist,-0.83659214,-0.21082835,left_shoulder,0.39513817,-1.0508828,left_elbow,0.7687518,-0.67400146,left_wrist,0.85896045,-0.2668304,mid_hip,0.0,0.0,right_hip,-0.2916954,0.006202144,right_knee,-0.41557506,0.6129005,right_ankle,-0.23978156,0.5350674,left_hip,0.29169533,-0.006202144,left_knee,0.40042463,0.59692717,left_ankle,0.13243371,0.49990258,0,0,0
Not_Fall__Not_Fall_Sit_nf_raw_c_1_C_D_0165_resized,77,C:\Users\ASUS\Downloads\3D_Human_Pose_NCKH\paper_baselines\lin2021_yolov8_lstm_gru\data\paper_skeleton_csv\Not_Fall\Not_Fall_Not_Fall_Sit_nf_raw_c_1_C_D_0165_resized.csv,0,Not_Fall,nose,-0.5030567,-1.3088628,neck,-0.044112977,-0.99902654,right_shoulder,-0.4814668,-0.9478941,right_elbow,-0.67657334,-0.54510826,right_wrist,-0.83519506,-0.21082878,left_shoulder,0.39324075,-1.0501591,left_elbow,0.7656092,-0.67429763,left_wrist,0.85765916,-0.27000654,mid_hip,0.0,0.0,right_hip,-0.29182464,0.006099746,right_knee,-0.42510906,0.60875976,right_ankle,-0.23818618,0.5266735,left_hip,0.29182458,-0.0060996083,left_knee,0.4006587,0.59304166,left_ankle,0.15507793,0.49071968,0,0,0
Not_Fall__Not_Fall_Sit_nf_raw_c_1_C_D_0165_resized,78,C:\Users\ASUS\Downloads\3D_Human_Pose_NCKH\paper_baselines\lin2021_yolov8_lstm_gru\data\paper_skeleton_csv\Not_Fall\Not_Fall_Not_Fall_Sit_nf_raw_c_1_C_D_0165_resized.csv,0,Not_Fall,nose,-0.51316535,-1.3109493,neck,-0.045733668,-0.99895364,right_shoulder,-0.48643935,-0.9498975,right_elbow,-0.68490994,-0.54567635,right_wrist,-0.83735925,-0.2107676,left_shoulder,0.39497215,-1.0480098,left_elbow,0.77079594,-0.677657,left_wrist,0.8699475,-0.27085632,mid_hip,0.0,0.0,right_hip,-0.29402426,0.004022074,right_knee,-0.42459065,0.6135971,right_ankle,-0.23741516,0.49297026,left_hip,0.29402426,-0.004022214,left_knee,0.4067386,0.6200436,left_ankle,0.16704762,0.48544127,0,0,0
Not_Fall__Not_Fall_Sit_nf_raw_c_1_C_D_0165_resized,79,C:\Users\ASUS\Downloads\3D_Human_Pose_NCKH\paper_baselines\lin2021_yolov8_lstm_gru\data\paper_skeleton_csv\Not_Fall\Not_Fall_Not_Fall_Sit_nf_raw_c_1_C_D_0165_resized.csv,0,Not_Fall,nose,-0.51631516,-1.3111221,neck,-0.046239864,-0.9989304,right_shoulder,-0.4870784,-0.94938725,right_elbow,-0.6870311,-0.54380983,right_wrist,-0.8405073,-0.20909196,left_shoulder,0.39459875,-1.0484736,left_elbow,0.7753058,-0.6737834,left_wrist,0.87347275,-0.26574528,mid_hip,0.0,0.0,right_hip,-0.2944728,0.004338224,right_knee,-0.42486086,0.62228537,right_ankle,-0.23925841,0.49996993,left_hip,0.29447296,-0.004338084,left_knee,0.40928727,0.62622726,left_ankle,0.17994522,0.49407983,0,0,0
Not_Fall__Not_Fall_Sit_nf_raw_c_1_C_D_0165_resized,80,C:\Users\ASUS\Downloads\3D_Human_Pose_NCKH\paper_baselines\lin2021_yolov8_lstm_gru\data\paper_skeleton_csv\Not_Fall\Not_Fall_Not_Fall_Sit_nf_raw_c_1_C_D_0165_resized.csv,0,Not_Fall,nose,-0.5189701,-1.3013161,neck,-0.05354133,-0.9985656,right_shoulder,-0.4922254,-0.9486057,right_elbow,-0.69462943,-0.540913,right_wrist,-0.8465761,-0.20201224,left_shoulder,0.38514274,-1.0485256,left_elbow,0.784703,-0.68317276,left_wrist,0.8795935,-0.29086676,mid_hip,0.0,0.0,right_hip,-0.29077923,0.0038894345,right_knee,-0.4203822,0.6215107,right_ankle,-0.22348763,0.53532624,left_hip,0.29077932,-0.0038895758,left_knee,0.38370186,0.63320297,left_ankle,0.15697898,0.52842253,0,0,0
Not_Fall__Not_Fall_Sit_nf_raw_c_1_C_D_0165_resized,81,C:\Users\ASUS\Downloads\3D_Human_Pose_NCKH\paper_baselines\lin2021_yolov8_lstm_gru\data\paper_skeleton_csv\Not_Fall\Not_Fall_Not_Fall_Sit_nf_raw_c_1_C_D_0165_resized.csv,0,Not_Fall,nose,-0.5185573,-1.2995312,neck,-0.055124704,-0.9984795,right_shoulder,-0.491672,-0.9479347,right_elbow,-0.6941543,-0.5400789,right_wrist,-0.8473343,-0.20406738,left_shoulder,0.3814226,-1.0490242,left_elbow,0.778783,-0.6828969,left_wrist,0.87840396,-0.2917659,mid_hip,0.0,0.0,right_hip,-0.28908435,0.004471467,right_knee,-0.41266653,0.6212544,right_ankle,-0.21849304,0.52981055,left_hip,0.2890843,-0.004471467,left_knee,0.38377094,0.62978625,left_ankle,0.1513602,0.51984817,0,0,0
Not_Fall__Not_Fall_Sit_nf_raw_c_1_C_D_0165_resized,82,C:\Users\ASUS\Downloads\3D_Human_Pose_NCKH\paper_baselines\lin2021_yolov8_lstm_gru\data\paper_skeleton_csv\Not_Fall\Not_Fall_Not_Fall_Sit_nf_raw_c_1_C_D_0165_resized.csv,0,Not_Fall,nose,-0.5259415,-1.2970653,neck,-0.060473807,-0.9981698,right_shoulder,-0.49327603,-0.94901335,right_elbow,-0.69904584,-0.5495838,right_wrist,-0.85343146,-0.20748425,left_shoulder,0.37232834,-1.0473262,left_elbow,0.7731845,-0.6906969,left_wrist,0.8706344,-0.3005288,mid_hip,0.0,0.0,right_hip,-0.28558126,0.0034981284,right_knee,-0.42390078,0.6117123,right_ankle,-0.21233626,0.5559172,left_hip,0.2855811,-0.0034981284,left_knee,0.34966415,0.623488,left_ankle,0.13074307,0.54140896,0,0,0
Not_Fall__Not_Fall_Sit_nf_raw_c_1_C_D_0165_resized,83,C:\Users\ASUS\Downloads\3D_Human_Pose_NCKH\paper_baselines\lin2021_yolov8_lstm_gru\data\paper_skeleton_csv\Not_Fall\Not_Fall_Not_Fall_Sit_nf_raw_c_1_C_D_0165_resized.csv,0,Not_Fall,nose,-0.5275554,-1.2980638,neck,-0.060126517,-0.99819076,right_shoulder,-0.4942496,-0.94909304,right_elbow,-0.7023451,-0.54835665,right_wrist,-0.8552659,-0.20639017,left_shoulder,0.37399656,-1.0472885,left_elbow,0.7787884,-0.68793035,left_wrist,0.87444544,-0.29425877,mid_hip,0.0,0.0,right_hip,-0.2859502,0.0032123746,right_knee,-0.42354387,0.6178559,right_ankle,-0.20925872,0.5635892,left_hip,0.28595015,-0.0032122326,left_knee,0.3425883,0.6316831,left_ankle,0.12759732,0.55407745,0,0,0
Not_Fall__Not_Fall_Sit_nf_raw_c_1_C_D_0165_resized,84,C:\Users\ASUS\Downloads\3D_Human_Pose_NCKH\paper_baselines\lin2021_yolov8_lstm_gru\data\paper_skeleton_csv\Not_Fall\Not_Fall_Not_Fall_Sit_nf_raw_c_1_C_D_0165_resized.csv,0,Not_Fall,nose,-0.54941905,-1.2975239,neck,-0.06802845,-0.9976834,right_shoulder,-0.51017964,-0.94560236,right_elbow,-0.7322981,-0.53168833,right_wrist,-0.889006,-0.1697437,left_shoulder,0.3741228,-1.0497645,left_elbow,0.8029905,-0.6810335,left_wrist,0.88966566,-0.27404737,mid_hip,0.0,0.0,right_hip,-0.28620362,0.0034600175,right_knee,-0.41979355,0.66965073,right_ankle,-0.21383058,0.63351274,left_hip,0.28620362,-0.0034598713,left_knee,0.2942887,0.6808673,left_ankle,0.05130255,0.619617,0,0,0
Not_Fall__Not_Fall_Sit_nf_raw_c_1_C_D_0165_resized,85,C:\Users\ASUS\Downloads\3D_Human_Pose_NCKH\paper_baselines\lin2021_yolov8_lstm_gru\data\paper_skeleton_csv\Not_Fall\Not_Fall_Not_Fall_Sit_nf_raw_c_1_C_D_0165_resized.csv,0,Not_Fall,nose,-0.5472836,-1.2969002,neck,-0.06720333,-0.9977393,right_shoulder,-0.5066781,-0.9457974,right_elbow,-0.7263433,-0.5342129,right_wrist,-0.8855084,-0.17674898,left_shoulder,0.37227145,-1.0496812,left_elbow,0.79929125,-0.68413854,left_wrist,0.88554925,-0.27792636,mid_hip,0.0,0.0,right_hip,-0.2848954,0.0032723064,right_knee,-0.4190834,0.6621539,right_ankle,-0.21694499,0.6200283,left_hip,0.28489545,-0.0032723064,left_knee,0.29695976,0.67477727,left_ankle,0.05357513,0.60631144,0,0,0
Not_Fall__Not_Fall_Sit_nf_raw_c_1_C_D_0165_resized,86,C:\Users\ASUS\Downloads\3D_Human_Pose_NCKH\paper_baselines\lin2021_yolov8_lstm_gru\data\paper_skeleton_csv\Not_Fall\Not_Fall_Not_Fall_Sit_nf_raw_c_1_C_D_0165_resized.csv,0,Not_Fall,nose,-0.5648683,-1.3025304,neck,-0.0745191,-0.9972196,right_shoulder,-0.5279935,-0.9417846,right_elbow,-0.7536371,-0.5207617,right_wrist,-0.9220509,-0.16093642,left_shoulder,0.37895533,-1.0526546,left_elbow,0.81973696,-0.6769599,left_wrist,0.91127425,-0.2569024,mid_hip,0.0,0.0,right_hip,-0.29024252,0.0061142794,right_knee,-0.4070396,0.7047388,right_ankle,-0.16252571,0.71355164,left_hip,0.29024252,-0.006114129,left_knee,0.27901396,0.69984335,left_ankle,0.031958096,0.6810122,0,0,0
Not_Fall__Not_Fall_Sit_nf_raw_c_1_C_D_0165_resized,87,C:\Users\ASUS\Downloads\3D_Human_Pose_NCKH\paper_baselines\lin2021_yolov8_lstm_gru\data\paper_skeleton_csv\Not_Fall\Not_Fall_Not_Fall_Sit_nf_raw_c_1_C_D_0165_resized.csv,0,Not_Fall,nose,-0.56623966,-1.3033751,neck,-0.07463315,-0.9972111,right_shoulder,-0.52707636,-0.9420227,right_elbow,-0.7516384,-0.5224697,right_wrist,-0.9223048,-0.16335358,left_shoulder,0.37781015,-1.0523995,left_elbow,0.81583667,-0.67802143,left_wrist,0.9054501,-0.2585928,mid_hip,0.0,0.0,right_hip,-0.28915402,0.0056286743,right_knee,-0.40940452,0.69825184,right_ankle,-0.16448566,0.71097225,left_hip,0.28915402,-0.0056285243,left_knee,0.2704768,0.695099,left_ankle,0.016627135,0.6796515,0,0,0
Not_Fall__Not_Fall_Sit_nf_raw_c_1_C_D_0165_resized,88,C:\Users\ASUS\Downloads\3D_Human_Pose_NCKH\paper_baselines\lin2021_yolov8_lstm_gru\data\paper_skeleton_csv\Not_Fall\Not_Fall_Not_Fall_Sit_nf_raw_c_1_C_D_0165_resized.csv,0,Not_Fall,nose,-0.5630913,-1.3020056,neck,-0.075924836,-0.9971135,right_shoulder,-0.52540296,-0.9417458,right_elbow,-0.7497009,-0.5243708,right_wrist,-0.928099,-0.15928082,left_shoulder,0.37355337,-1.0524812,left_elbow,0.82027817,-0.68645775,left_wrist,0.900041,-0.27239156,mid_hip,0.0,0.0,right_hip,-0.2877004,0.006035565,right_knee,-0.41894695,0.7034808,right_ankle,-0.17787506,0.742227,left_hip,0.28770056,-0.006035565,left_knee,0.25485936,0.6936649,left_ankle,0.031114018,0.69680005,0,0,0
Not_Fall__Not_Fall_Sit_nf_raw_c_1_C_D_0165_resized,89,C:\Users\ASUS\Downloads\3D_Human_Pose_NCKH\paper_baselines\lin2021_yolov8_lstm_gru\data\paper_skeleton_csv\Not_Fall\Not_Fall_Not_Fall_Sit_nf_raw_c_1_C_D_0165_resized.csv,0,Not_Fall,nose,-0.564654,-1.3011432,neck,-0.07528996,-0.9971617,right_shoulder,-0.52615446,-0.94161856,right_elbow,-0.7493262,-0.5213908,right_wrist,-0.9298155,-0.15623505,left_shoulder,0.37557462,-1.0527048,left_elbow,0.82123953,-0.6842936,left_wrist,0.8996034,-0.27401295,mid_hip,0.0,0.0,right_hip,-0.28812167,0.005992083,right_knee,-0.41428006,0.709376,right_ankle,-0.17341451,0.7519188,left_hip,0.28812167,-0.005991931,left_knee,0.2577908,0.700048,left_ankle,0.024085645,0.7059716,0,0,0
Not_Fall__Not_Fall_Sit_nf_raw_c_1_C_D_0165_resized,90,C:\Users\ASUS\Downloads\3D_Human_Pose_NCKH\paper_baselines\lin2021_yolov8_lstm_gru\data\paper_skeleton_csv\Not_Fall\Not_Fall_Not_Fall_Sit_nf_raw_c_1_C_D_0165_resized.csv,0,Not_Fall,nose,-0.5452879,-1.298469,neck,-0.063491724,-0.9979823,right_shoulder,-0.5103698,-0.94336724,right_elbow,-0.7286571,-0.5253582,right_wrist,-0.90996873,-0.17556766,left_shoulder,0.38338637,-1.0525974,left_elbow,0.8229215,-0.6940506,left_wrist,0.89310503,-0.3130623,mid_hip,0.0,0.0,right_hip,-0.2866283,0.0050535477,right_knee,-0.40477878,0.690142,right_ankle,-0.19322939,0.71068984,left_hip,0.28662822,-0.0050535477,left_knee,0.27620566,0.685677,left_ankle,0.014632002,0.66178006,0,0,0
Not_Fall__Not_Fall_Sit_nf_raw_c_1_C_D_0165_resized,91,C:\Users\ASUS\Downloads\3D_Human_Pose_NCKH\paper_baselines\lin2021_yolov8_lstm_gru\data\paper_skeleton_csv\Not_Fall\Not_Fall_Not_Fall_Sit_nf_raw_c_1_C_D_0165_resized.csv,0,Not_Fall,nose,-0.54494184,-1.2975099,neck,-0.06478098,-0.9978995,right_shoulder,-0.51020896,-0.9433823,right_elbow,-0.7259365,-0.52639925,right_wrist,-0.9072891,-0.17911093,left_shoulder,0.38064703,-1.0524166,left_elbow,0.8177792,-0.69360125,left_wrist,0.88954204,-0.3137916,mid_hip,0.0,0.0,right_hip,-0.28577238,0.004959525,right_knee,-0.40304098,0.68673646,right_ankle,-0.19315386,0.69364655,left_hip,0.28577238,-0.004959525,left_knee,0.27369338,0.6829672,left_ankle,0.006049611,0.6464112,0,0,0
Not_Fall__Not_Fall_Sit_nf_raw_c_1_C_D_0165_resized,92,C:\Users\ASUS\Downloads\3D_Human_Pose_NCKH\paper_baselines\lin2021_yolov8_lstm_gru\data\paper_skeleton_csv\Not_Fall\Not_Fall_Not_Fall_Sit_nf_raw_c_1_C_D_0165_resized.csv,0,Not_Fall,nose,-0.5446645,-1.3085907,neck,-0.06880597,-0.99763006,right_shoulder,-0.5210553,-0.94209105,right_elbow,-0.747586,-0.5192296,right_wrist,-0.93143314,-0.16863494,left_shoulder,0.38344327,-1.0531691,left_elbow,0.83471674,-0.6946068,left_wrist,0.9053746,-0.31241113,mid_hip,0.0,0.0,right_hip,-0.29146188,0.006597009,right_knee,-0.4107748,0.70095235,right_ankle,-0.21348299,0.75561124,left_hip,0.29146188,-0.006597009,left_knee,0.29643294,0.69170266,left_ankle,0.053203933,0.70004845,0,0,0
Not_Fall__Not_Fall_Sit_nf_raw_c_1_C_D_0165_resized,93,C:\Users\ASUS\Downloads\3D_Human_Pose_NCKH\paper_baselines\lin2021_yolov8_lstm_gru\data\paper_skeleton_csv\Not_Fall\Not_Fall_Not_Fall_Sit_nf_raw_c_1_C_D_0165_resized.csv,0,Not_Fall,nose,-0.54659975,-1.3077538,neck,-0.07070222,-0.99749744,right_shoulder,-0.5232911,-0.9414252,right_elbow,-0.749457,-0.5202654,right_wrist,-0.93228984,-0.16853549,left_shoulder,0.3818866,-1.0535697,left_elbow,0.8335137,-0.69419736,left_wrist,0.90287757,-0.31140435,mid_hip,0.0,0.0,right_hip,-0.29147303,0.007248033,right_knee,-0.4105764,0.696372,right_ankle,-0.2121263,0.7587745,left_hip,0.29147288,-0.007248033,left_knee,0.2963326,0.68087655,left_ankle,0.049562484,0.69434017,0,0,0
Not_Fall__Not_Fall_Sit_nf_raw_c_1_C_D_0165_resized,94,C:\Users\ASUS\Downloads\3D_Human_Pose_NCKH\paper_baselines\lin2021_yolov8_lstm_gru\data\paper_skeleton_csv\Not_Fall\Not_Fall_Not_Fall_Sit_nf_raw_c_1_C_D_0165_resized.csv,0,Not_Fall,nose,-0.54528344,-1.3127228,neck,-0.071486875,-0.99744153,right_shoulder,-0.527486,-0.94104964,right_elbow,-0.76941115,-0.51855433,right_wrist,-0.94802284,-0.15407963,left_shoulder,0.38451236,-1.0538332,left_elbow,0.8378537,-0.69586855,left_wrist,0.9052994,-0.32195276,mid_hip,0.0,0.0,right_hip,-0.29504094,0.007598857,right_knee,-0.42555684,0.70903456,right_ankle,-0.2516741,0.8042045,left_hip,0.29504076,-0.007598857,left_knee,0.3162896,0.69176877,left_ankle,0.08618436,0.7441193,0,0,0
Not_Fall__Not_Fall_Sit_nf_raw_c_1_C_D_0165_resized,95,C:\Users\ASUS\Downloads\3D_Human_Pose_NCKH\paper_baselines\lin2021_yolov8_lstm_gru\data\paper_skeleton_csv\Not_Fall\Not_Fall_Not_Fall_Sit_nf_raw_c_1_C_D_0165_resized.csv,0,Not_Fall,nose,-0.5469598,-1.3129088,neck,-0.072376855,-0.99737734,right_shoulder,-0.527963,-0.94037986,right_elbow,-0.7706238,-0.5198269,right_wrist,-0.9493129,-0.15754935,left_shoulder,0.3832092,-1.0543748,left_elbow,0.8361275,-0.6981415,left_wrist,0.90564317,-0.3228087,mid_hip,0.0,0.0,right_hip,-0.29508004,0.008048391,right_knee,-0.42727846,0.70590293,right_ankle,-0.25545412,0.8075808,left_hip,0.29508004,-0.0080482345,left_knee,0.3191024,0.6859082,left_ankle,0.09139495,0.7444017,0,0,0
Not_Fall__Not_Fall_Sit_nf_raw_c_1_C_D_0165_resized,96,C:\Users\ASUS\Downloads\3D_Human_Pose_NCKH\paper_baselines\lin2021_yolov8_lstm_gru\data\paper_skeleton_csv\Not_Fall\Not_Fall_Not_Fall_Sit_nf_raw_c_1_C_D_0165_resized.csv,0,Not_Fall,nose,-0.5423905,-1.3179725,neck,-0.07771113,-0.9969759,right_shoulder,-0.5359302,-0.93832386,right_elbow,-0.78612816,-0.51599187,right_wrist,-0.95870245,-0.14444955,left_shoulder,0.3805078,-1.0556281,left_elbow,0.84139967,-0.7049652,left_wrist,0.90543413,-0.32545197,mid_hip,0.0,0.0,right_hip,-0.29706702,0.010412394,right_knee,-0.43327653,0.7062136,right_ankle,-0.27225322,0.8671966,left_hip,0.29706687,-0.010412552,left_knee,0.3322747,0.6729035,left_ankle,0.11894232,0.77688533,0,0,0
Not_Fall__Not_Fall_Sit_nf_raw_c_1_C_D_0165_resized,97,C:\Users\ASUS\Downloads\3D_Human_Pose_NCKH\paper_baselines\lin2021_yolov8_lstm_gru\data\paper_skeleton_csv\Not_Fall\Not_Fall_Not_Fall_Sit_nf_raw_c_1_C_D_0165_resized.csv,0,Not_Fall,nose,-0.52150553,-1.3204283,neck,-0.07396229,-0.99726105,right_shoulder,-0.53927267,-0.94183356,right_elbow,-0.7732019,-0.52586174,right_wrist,-0.94031787,-0.14846243,left_shoulder,0.39134812,-1.0526886,left_elbow,0.85899895,-0.7104494,left_wrist,0.9053662,-0.34332734,mid_hip,0.0,0.0,right_hip,-0.29670408,0.010003788,right_knee,-0.3995749,0.6784935,right_ankle,-0.2168283,0.8234206,left_hip,0.2967039,-0.010003948,left_knee,0.34156787,0.6446304,left_ankle,0.09585929,0.7173681,0,0,0
Not_Fall__Not_Fall_Sit_nf_raw_c_1_C_D_0165_resized,98,C:\Users\ASUS\Downloads\3D_Human_Pose_NCKH\paper_baselines\lin2021_yolov8_lstm_gru\data\paper_skeleton_csv\Not_Fall\Not_Fall_Not_Fall_Sit_nf_raw_c_1_C_D_0165_resized.csv,0,Not_Fall,nose,-0.51438487,-1.3303399,neck,-0.063327,-0.9979929,right_shoulder,-0.5342361,-0.943972,right_elbow,-0.78594345,-0.5262811,right_wrist,-0.9437441,-0.14301649,left_shoulder,0.40758216,-1.0520138,left_elbow,0.88529634,-0.70578814,left_wrist,0.9245105,-0.34698588,mid_hip,0.0,0.0,right_hip,-0.30157492,0.009274673,right_knee,-0.4147939,0.6896801,right_ankle,-0.21709302,0.8464741,left_hip,0.301575,-0.009274836,left_knee,0.35242826,0.6592881,left_ankle,0.15438424,0.7588749,0,0,0
Not_Fall__Not_Fall_Sit_nf_raw_c_1_C_D_0165_resized,99,C:\Users\ASUS\Downloads\3D_Human_Pose_NCKH\paper_baselines\lin2021_yolov8_lstm_gru\data\paper_skeleton_csv\Not_Fall\Not_Fall_Not_Fall_Sit_nf_raw_c_1_C_D_0165_resized.csv,0,Not_Fall,nose,-0.52033097,-1.3326977,neck,-0.06678995,-0.9977671,right_shoulder,-0.5399942,-0.94273263,right_elbow,-0.79427755,-0.5230797,right_wrist,-0.95508677,-0.13477667,left_shoulder,0.4064142,-1.0528015,left_elbow,0.888038,-0.70374995,left_wrist,0.9258029,-0.34031928,mid_hip,0.0,0.0,right_hip,-0.30325377,0.009914059,right_knee,-0.41565952,0.69531244,right_ankle,-0.22901146,0.8530155,left_hip,0.30325377,-0.009913895,left_knee,0.35839352,0.66123796,left_ankle,0.15857881,0.76320344,0,0,0
Not_Fall__Not_Fall_Sit_nf_raw_c_1_C_D_0165_resized,100,C:\Users\ASUS\Downloads\3D_Human_Pose_NCKH\paper_baselines\lin2021_yolov8_lstm_gru\data\paper_skeleton_csv\Not_Fall\Not_Fall_Not_Fall_Sit_nf_raw_c_1_C_D_0165_resized.csv,0,Not_Fall,nose,-0.4948792,-1.3271216,neck,-0.055419676,-0.9984632,right_shoulder,-0.52870417,-0.9443799,right_elbow,-0.78744507,-0.5236568,right_wrist,-0.94841576,-0.13375656,left_shoulder,0.41786465,-1.0525465,left_elbow,0.8969311,-0.699171,left_wrist,0.93371725,-0.34868228,mid_hip,0.0,0.0,right_hip,-0.3040444,0.010601744,right_knee,-0.41195405,0.6850754,right_ankle,-0.22058249,0.8662065,left_hip,0.30404449,-0.01060191,left_knee,0.38272578,0.6412561,left_ankle,0.20674732,0.77113444,0,0,0
Not_Fall__Not_Fall_Sit_nf_raw_c_1_C_D_0165_resized,101,C:\Users\ASUS\Downloads\3D_Human_Pose_NCKH\paper_baselines\lin2021_yolov8_lstm_gru\data\paper_skeleton_csv\Not_Fall\Not_Fall_Not_Fall_Sit_nf_raw_c_1_C_D_0165_resized.csv,0,Not_Fall,nose,-0.4932729,-1.3248861,neck,-0.054523274,-0.99851257,right_shoulder,-0.52619994,-0.9445642,right_elbow,-0.78090477,-0.5225176,right_wrist,-0.94654644,-0.13368268,left_shoulder,0.4171534,-1.0524609,left_elbow,0.8931949,-0.69786096,left_wrist,0.9298553,-0.34766972,mid_hip,0.0,0.0,right_hip,-0.3025178,0.01043756,right_knee,-0.4019682,0.68657285,right_ankle,-0.20894302,0.8667856,left_hip,0.3025179,-0.010437725,left_knee,0.38077408,0.64457375,left_ankle,0.19507053,0.77256894,0,0,0
Not_Fall__Not_Fall_Sit_nf_raw_c_1_C_D_0165_resized,102,C:\Users\ASUS\Downloads\3D_Human_Pose_NCKH\paper_baselines\lin2021_yolov8_lstm_gru\data\paper_skeleton_csv\Not_Fall\Not_Fall_Not_Fall_Sit_nf_raw_c_1_C_D_0165_resized.csv,0,Not_Fall,nose,-0.5065906,-1.318383,neck,-0.06386761,-0.9979584,right_shoulder,-0.52859104,-0.9412843,right_elbow,-0.79676926,-0.5288684,right_wrist,-0.9535378,-0.16639689,left_shoulder,0.400856,-1.0546325,left_elbow,0.84440476,-0.70655036,left_wrist,0.91031927,-0.3633448,mid_hip,0.0,0.0,right_hip,-0.30582547,0.012497354,right_knee,-0.4482683,0.6921777,right_ankle,-0.2917164,0.8935392,left_hip,0.30582547,-0.012497354,left_knee,0.40702808,0.6377572,left_ankle,0.22504659,0.7863046,0,0,0
Not_Fall__Not_Fall_Sit_nf_raw_c_1_C_D_0165_resized,103,C:\Users\ASUS\Downloads\3D_Human_Pose_NCKH\paper_baselines\lin2021_yolov8_lstm_gru\data\paper_skeleton_csv\Not_Fall\Not_Fall_Not_Fall_Sit_nf_raw_c_1_C_D_0165_resized.csv,0,Not_Fall,nose,-0.50538754,-1.3174722,neck,-0.062768556,-0.99802816,right_shoulder,-0.52821606,-0.94158244,right_elbow,-0.79616946,-0.5282613,right_wrist,-0.9512767,-0.16481008,left_shoulder,0.40267894,-1.0544739,left_elbow,0.8476614,-0.70212007,left_wrist,0.9155117,-0.3584983,mid_hip,0.0,0.0,right_hip,-0.3061486,0.012632341,right_knee,-0.44414088,0.6962023,right_ankle,-0.28382534,0.8989742,left_hip,0.3061484,-0.012632341,left_knee,0.40869382,0.6397007,left_ankle,0.22694176,0.79097414,0,0,0
Not_Fall__Not_Fall_Sit_nf_raw_c_1_C_D_0165_resized,104,C:\Users\ASUS\Downloads\3D_Human_Pose_NCKH\paper_baselines\lin2021_yolov8_lstm_gru\data\paper_skeleton_csv\Not_Fall\Not_Fall_Not_Fall_Sit_nf_raw_c_1_C_D_0165_resized.csv,0,Not_Fall,nose,-0.4977574,-1.3280661,neck,-0.056875393,-0.99838126,right_shoulder,-0.5270734,-0.9415467,right_elbow,-0.80195135,-0.5359149,right_wrist,-0.96302086,-0.17125803,left_shoulder,0.41332248,-1.0552158,left_elbow,0.8632894,-0.70243263,left_wrist,0.92757845,-0.36221775,mid_hip,0.0,0.0,right_hip,-0.30738002,0.014075049,right_knee,-0.42672485,0.7259714,right_ankle,-0.26703566,0.900688,left_hip,0.30738002,-0.014074884,left_knee,0.4016377,0.6523417,left_ankle,0.2227305,0.77878195,0,0,0
Not_Fall__Not_Fall_Sit_nf_raw_c_1_C_D_0165_resized,105,C:\Users\ASUS\Downloads\3D_Human_Pose_NCKH\paper_baselines\lin2021_yolov8_lstm_gru\data\paper_skeleton_csv\Not_Fall\Not_Fall_Not_Fall_Sit_nf_raw_c_1_C_D_0165_resized.csv,0,Not_Fall,nose,-0.49993896,-1.3267869,neck,-0.057763103,-0.9983303,right_shoulder,-0.52766395,-0.94151646,right_elbow,-0.8036372,-0.5305702,right_wrist,-0.964907,-0.16761449,left_shoulder,0.412138,-1.0551442,left_elbow,0.8647705,-0.70028436,left_wrist,0.928586,-0.35682648,mid_hip,0.0,0.0,right_hip,-0.30711246,0.014068056,right_knee,-0.42477605,0.720276,right_ankle,-0.27054015,0.90250283,left_hip,0.30711246,-0.014068056,left_knee,0.40243492,0.6483721,left_ankle,0.22328381,0.7775132,0,0,0
Not_Fall__Not_Fall_Sit_nf_raw_c_1_C_D_0165_resized,106,C:\Users\ASUS\Downloads\3D_Human_Pose_NCKH\paper_baselines\lin2021_yolov8_lstm_gru\data\paper_skeleton_csv\Not_Fall\Not_Fall_Not_Fall_Sit_nf_raw_c_1_C_D_0165_resized.csv,0,Not_Fall,nose,-0.48188302,-1.3351398,neck,-0.04228183,-0.9991057,right_shoulder,-0.5156671,-0.944065,right_elbow,-0.7948814,-0.5309016,right_wrist,-0.9538116,-0.17825544,left_shoulder,0.4311032,-1.0541464,left_elbow,0.86510617,-0.7006942,left_wrist,0.93476933,-0.37674424,mid_hip,0.0,0.0,right_hip,-0.3090837,0.01265868,right_knee,-0.4060203,0.7319194,right_ankle,-0.23552047,0.8699731,left_hip,0.30908385,-0.012658514,left_knee,0.41981372,0.67472315,left_ankle,0.24043997,0.7776538,0,0,0
Not_Fall__Not_Fall_Sit_nf_raw_c_1_C_D_0165_resized,107,C:\Users\ASUS\Downloads\3D_Human_Pose_NCKH\paper_baselines\lin2021_yolov8_lstm_gru\data\paper_skeleton_csv\Not_Fall\Not_Fall_Not_Fall_Sit_nf_raw_c_1_C_D_0165_resized.csv,0,Not_Fall,nose,-0.4866933,-1.3349149,neck,-0.044334948,-0.9990167,right_shoulder,-0.5194479,-0.94350475,right_elbow,-0.7993145,-0.5297216,right_wrist,-0.9603535,-0.17281777,left_shoulder,0.43077788,-1.0545286,left_elbow,0.86644095,-0.69876415,left_wrist,0.93735856,-0.37068075,mid_hip,0.0,0.0,right_hip,-0.31036997,0.013666073,right_knee,-0.40542483,0.71357286,right_ankle,-0.24227826,0.88915086,left_hip,0.31037015,-0.013666073,left_knee,0.43721083,0.6470728,left_ankle,0.2506065,0.78043044,0,0,0
Not_Fall__Not_Fall_Sit_nf_raw_c_1_C_D_0165_resized,108,C:\Users\ASUS\Downloads\3D_Human_Pose_NCKH\paper_baselines\lin2021_yolov8_lstm_gru\data\paper_skeleton_csv\Not_Fall\Not_Fall_Not_Fall_Sit_nf_raw_c_1_C_D_0165_resized.csv,0,Not_Fall,nose,-0.47062513,-1.3349653,neck,-0.051259663,-0.99868536,right_shoulder,-0.5335194,-0.9520658,right_elbow,-0.7931458,-0.54175335,right_wrist,-0.9828024,-0.16125679,left_shoulder,0.431,-1.0453048,left_elbow,0.89020276,-0.7007167,left_wrist,0.95064646,-0.3635489,mid_hip,0.0,0.0,right_hip,-0.314683,0.009995804,right_knee,-0.41401333,0.74983495,right_ankle,-0.2233646,0.96003723,left_hip,0.314683,-0.009995804,left_knee,0.45663434,0.7021716,left_ankle,0.32848254,0.84023726,0,0,0
Not_Fall__Not_Fall_Sit_nf_raw_c_1_C_D_0165_resized,109,C:\Users\ASUS\Downloads\3D_Human_Pose_NCKH\paper_baselines\lin2021_yolov8_lstm_gru\data\paper_skeleton_csv\Not_Fall\Not_Fall_Not_Fall_Sit_nf_raw_c_1_C_D_0165_resized.csv,0,Not_Fall,nose,-0.4736491,-1.3349322,neck,-0.053692114,-0.9985575,right_shoulder,-0.5356832,-0.9519238,right_elbow,-0.79803485,-0.5403658,right_wrist,-0.98602015,-0.16169713,left_shoulder,0.42829907,-1.0451912,left_elbow,0.8896004,-0.7000675,left_wrist,0.9499801,-0.3631877,mid_hip,0.0,0.0,right_hip,-0.31413475,0.0098569505,right_knee,-0.4137644,0.74381745,right_ankle,-0.22380371,0.96544725,left_hip,0.31413457,-0.0098569505,left_knee,0.44982553,0.6986738,left_ankle,0.32452577,0.8484109,0,0,0
Not_Fall__Not_Fall_Sit_nf_raw_c_1_C_D_0165_resized,110,C:\Users\ASUS\Downloads\3D_Human_Pose_NCKH\paper_baselines\lin2021_yolov8_lstm_gru\data\paper_skeleton_csv\Not_Fall\Not_Fall_Not_Fall_Sit_nf_raw_c_1_C_D_0165_resized.csv,0,Not_Fall,nose,-0.4576325,-1.3434614,neck,-0.044345073,-0.9990163,right_shoulder,-0.5289302,-0.95358,right_elbow,-0.78986114,-0.53545576,right_wrist,-0.98279864,-0.16424845,left_shoulder,0.44023997,-1.0444524,left_elbow,0.90089595,-0.70232195,left_wrist,0.95481783,-0.35859698,mid_hip,0.0,0.0,right_hip,-0.31547073,0.0089525925,right_knee,-0.4100656,0.74447894,right_ankle,-0.22785287,0.9880906,left_hip,0.31547058,-0.008952419,left_knee,0.45944545,0.7080717,left_ankle,0.32706633,0.8743549,0,0,0
Not_Fall__Not_Fall_Sit_nf_raw_c_1_C_D_0165_resized,111,C:\Users\ASUS\Downloads\3D_Human_Pose_NCKH\paper_baselines\lin2021_yolov8_lstm_gru\data\paper_skeleton_csv\Not_Fall\Not_Fall_Not_Fall_Sit_nf_raw_c_1_C_D_0165_resized.csv,0,Not_Fall,nose,-0.45985377,-1.3435425,neck,-0.044914555,-0.99899083,right_shoulder,-0.53028834,-0.95394325,right_elbow,-0.78956705,-0.53602046,right_wrist,-0.9864983,-0.16359423,left_shoulder,0.44045916,-1.0440384,left_elbow,0.9000025,-0.7033064,left_wrist,0.95402545,-0.35774887,mid_hip,0.0,0.0,right_hip,-0.316462,0.008526232,right_knee,-0.41470185,0.7423001,right_ankle,-0.22928134,0.9882228,left_hip,0.316462,-0.008526405,left_knee,0.46565565,0.7098905,left_ankle,0.3349342,0.8776518,0,0,0
Not_Fall__Not_Fall_Sit_nf_raw_c_1_C_D_0165_resized,112,C:\Users\ASUS\Downloads\3D_Human_Pose_NCKH\paper_baselines\lin2021_yolov8_lstm_gru\data\paper_skeleton_csv\Not_Fall\Not_Fall_Not_Fall_Sit_nf_raw_c_1_C_D_0165_resized.csv,0,Not_Fall,nose,-0.43182394,-1.3401265,neck,-0.020386867,-0.99979216,right_shoulder,-0.49451396,-0.95544285,right_elbow,-0.75512165,-0.5514861,right_wrist,-0.960782,-0.1817409,left_shoulder,0.45374033,-1.0441414,left_elbow,0.89505637,-0.70926064,left_wrist,0.94290453,-0.38043356,mid_hip,0.0,0.0,right_hip,-0.30925184,0.0057559563,right_knee,-0.41180608,0.7662508,right_ankle,-0.22824757,0.9518944,left_hip,0.30925184,-0.0057557845,left_knee,0.44018137,0.74507403,left_ankle,0.32709932,0.883978,0,0,0
Not_Fall__Not_Fall_Sit_nf_raw_c_1_C_D_0165_resized,113,C:\Users\ASUS\Downloads\3D_Human_Pose_NCKH\paper_baselines\lin2021_yolov8_lstm_gru\data\paper_skeleton_csv\Not_Fall\Not_Fall_Not_Fall_Sit_nf_raw_c_1_C_D_0165_resized.csv,0,Not_Fall,nose,-0.43778363,-1.3420148,neck,-0.023563229,-0.99972236,right_shoulder,-0.50194335,-0.9552695,right_elbow,-0.7659291,-0.5490603,right_wrist,-0.96928734,-0.17667364,left_shoulder,0.4548167,-1.0441753,left_elbow,0.89996547,-0.70590764,left_wrist,0.94750136,-0.37403736,mid_hip,0.0,0.0,right_hip,-0.31280673,0.005739001,right_knee,-0.42467466,0.7743748,right_ankle,-0.2436843,0.96929,left_hip,0.31280673,-0.005739001,left_knee,0.44544753,0.753862,left_ankle,0.3396605,0.90544367,0,0,0
Not_Fall__Not_Fall_Sit_nf_raw_c_1_C_D_0165_resized,114,C:\Users\ASUS\Downloads\3D_Human_Pose_NCKH\paper_baselines\lin2021_yolov8_lstm_gru\data\paper_skeleton_csv\Not_Fall\Not_Fall_Not_Fall_Sit_nf_raw_c_1_C_D_0165_resized.csv,0,Not_Fall,nose,-0.4077728,-1.3317801,neck,-0.0043669255,-0.9999905,right_shoulder,-0.48119548,-0.9550474,right_elbow,-0.7523143,-0.55211455,right_wrist,-0.96055114,-0.17476751,left_shoulder,0.47246152,-1.0449334,left_elbow,0.90332127,-0.7033327,left_wrist,0.94888675,-0.36998776,mid_hip,0.0,0.0,right_hip,-0.31224957,0.0059847124,right_knee,-0.41957322,0.7576446,right_ankle,-0.22154716,0.9606556,left_hip,0.31224957,-0.0059848865,left_knee,0.46099353,0.73036665,left_ankle,0.36071762,0.90211684,0,0,0
Not_Fall__Not_Fall_Sit_nf_raw_c_1_C_D_0165_resized,115,C:\Users\ASUS\Downloads\3D_Human_Pose_NCKH\paper_baselines\lin2021_yolov8_lstm_gru\data\paper_skeleton_csv\Not_Fall\Not_Fall_Not_Fall_Sit_nf_raw_c_1_C_D_0165_resized.csv,0,Not_Fall,nose,-0.40858185,-1.3323506,neck,-0.004273426,-0.9999908,right_shoulder,-0.48186117,-0.9548118,right_elbow,-0.7527483,-0.55356854,right_wrist,-0.9614272,-0.17625152,left_shoulder,0.4733144,-1.0451698,left_elbow,0.90159357,-0.70332223,left_wrist,0.9495253,-0.36794272,mid_hip,0.0,0.0,right_hip,-0.31311065,0.0064124055,right_knee,-0.41772816,0.74951535,right_ankle,-0.22161669,0.9549934,left_hip,0.31311047,-0.006412231,left_knee,0.47369614,0.71891433,left_ankle,0.36770225,0.8944683,0,0,0
Not_Fall__Not_Fall_Sit_nf_raw_c_1_C_D_0165_resized,116,C:\Users\ASUS\Downloads\3D_Human_Pose_NCKH\paper_baselines\lin2021_yolov8_lstm_gru\data\paper_skeleton_csv\Not_Fall\Not_Fall_Not_Fall_Sit_nf_raw_c_1_C_D_0165_resized.csv,0,Not_Fall,nose,-0.39155275,-1.3390467,neck,0.007243934,-0.9999737,right_shoulder,-0.47495946,-0.95923495,right_elbow,-0.7428378,-0.5580395,right_wrist,-0.9601065,-0.17447281,left_shoulder,0.48944715,-1.0407125,left_elbow,0.92748904,-0.70035136,left_wrist,0.95962644,-0.36425194,mid_hip,0.0,0.0,right_hip,-0.3171409,0.004784075,right_knee,-0.43279362,0.71929795,right_ankle,-0.22815189,0.97936535,left_hip,0.3171409,-0.004784253,left_knee,0.5092123,0.69129103,left_ankle,0.4337844,0.91015303,0,0,0
Not_Fall__Not_Fall_Sit_nf_raw_c_1_C_D_0165_resized,117,C:\Users\ASUS\Downloads\3D_Human_Pose_NCKH\paper_baselines\lin2021_yolov8_lstm_gru\data\paper_skeleton_csv\Not_Fall\Not_Fall_Not_Fall_Sit_nf_raw_c_1_C_D_0165_resized.csv,0,Not_Fall,nose,-0.38769975,-1.3374345,neck,0.009401007,-0.99995583,right_shoulder,-0.46783033,-0.95989615,right_elbow,-0.7358442,-0.5611504,right_wrist,-0.9525852,-0.17836882,left_shoulder,0.4866324,-1.0400156,left_elbow,0.9250931,-0.7005039,left_wrist,0.9560265,-0.3671846,mid_hip,0.0,0.0,right_hip,-0.31312343,0.0036506588,right_knee,-0.43491438,0.7445264,right_ankle,-0.22631864,0.95729035,left_hip,0.31312343,-0.0036506588,left_knee,0.4722369,0.7224811,left_ankle,0.40842238,0.89482635,0,0,0
Not_Fall__Not_Fall_Sit_nf_raw_c_1_C_D_0165_resized,118,C:\Users\ASUS\Downloads\3D_Human_Pose_NCKH\paper_baselines\lin2021_yolov8_lstm_gru\data\paper_skeleton_csv\Not_Fall\Not_Fall_Not_Fall_Sit_nf_raw_c_1_C_D_0165_resized.csv,0,Not_Fall,nose,-0.39188966,-1.3526676,neck,0.016382212,-0.99986583,right_shoulder,-0.45316342,-0.9579548,right_elbow,-0.74858254,-0.55966973,right_wrist,-0.9511601,-0.20510082,left_shoulder,0.48592782,-1.0417769,left_elbow,0.92045385,-0.70086145,left_wrist,0.9598502,-0.38307413,mid_hip,0.0,0.0,right_hip,-0.30966404,0.003751737,right_knee,-0.44339997,0.69326997,right_ankle,-0.27036148,0.9797154,left_hip,0.30966404,-0.003751737,left_knee,0.4609255,0.67815965,left_ankle,0.39186746,0.9481826,0,0,0
Not_Fall__Not_Fall_Sit_nf_raw_c_1_C_D_0165_resized,119,C:\Users\ASUS\Downloads\3D_Human_Pose_NCKH\paper_baselines\lin2021_yolov8_lstm_gru\data\paper_skeleton_csv\Not_Fall\Not_Fall_Not_Fall_Sit_nf_raw_c_1_C_D_0165_resized.csv,0,Not_Fall,nose,-0.38039505,-1.3495299,neck,0.011033115,-0.99993914,right_shoulder,-0.46021673,-0.96024895,right_elbow,-0.7344094,-0.5658138,right_wrist,-0.9475428,-0.19619726,left_shoulder,0.48228306,-1.0396292,left_elbow,0.9271434,-0.71017325,left_wrist,0.954549,-0.386564,mid_hip,0.0,0.0,right_hip,-0.30840704,0.002219809,right_knee,-0.43552244,0.7153396,right_ankle,-0.2356574,0.9794818,left_hip,0.30840722,-0.0022199862,left_knee,0.44330782,0.7081203,left_ankle,0.38686848,0.9412518,0,0,0
Not_Fall__Not_Fall_Sit_nf_raw_c_1_C_D_0165_resized,120,C:\Users\ASUS\Downloads\3D_Human_Pose_NCKH\paper_baselines\lin2021_yolov8_lstm_gru\data\paper_skeleton_csv\Not_Fall\Not_Fall_Not_Fall_Sit_nf_raw_c_1_C_D_0165_resized.csv,0,Not_Fall,nose,-0.3584783,-1.3414916,neck,0.038935717,-0.9992417,right_shoulder,-0.4201177,-0.95948154,right_elbow,-0.72185016,-0.57954466,right_wrist,-0.9331192,-0.21712151,left_shoulder,0.49798906,-1.039002,left_elbow,0.93443227,-0.6918721,left_wrist,0.9454709,-0.37137437,mid_hip,0.0,0.0,right_hip,-0.3020029,0.0016149482,right_knee,-0.43677118,0.7261623,right_ankle,-0.249842,0.9174608,left_hip,0.30200273,-0.0016147712,left_knee,0.41819158,0.7078532,left_ankle,0.3986662,0.91056883,0,0,0
Not_Fall__Not_Fall_Sit_nf_raw_c_1_C_D_0165_resized,121,C:\Users\ASUS\Downloads\3D_Human_Pose_NCKH\paper_baselines\lin2021_yolov8_lstm_gru\data\paper_skeleton_csv\Not_Fall\Not_Fall_Not_Fall_Sit_nf_raw_c_1_C_D_0165_resized.csv,0,Not_Fall,nose,-0.35900182,-1.3426703,neck,0.03926986,-0.99922866,right_shoulder,-0.4210673,-0.95947725,right_elbow,-0.7217789,-0.580558,right_wrist,-0.9351669,-0.21619383,left_shoulder,0.49960718,-1.03898,left_elbow,0.9346573,-0.6933577,left_wrist,0.9467502,-0.3717281,mid_hip,0.0,0.0,right_hip,-0.3030012,0.0013565923,right_knee,-0.44555062,0.7151574,right_ankle,-0.2636107,0.94349813,left_hip,0.30300102,-0.0013567697,left_knee,0.42100146,0.69722116,left_ankle,0.3951249,0.9352418,0,0,0
Not_Fall__Not_Fall_Sit_nf_raw_c_1_C_D_0165_resized,122,C:\Users\ASUS\Downloads\3D_Human_Pose_NCKH\paper_baselines\lin2021_yolov8_lstm_gru\data\paper_skeleton_csv\Not_Fall\Not_Fall_Not_Fall_Sit_nf_raw_c_1_C_D_0165_resized.csv,0,Not_Fall,nose,-0.33552864,-1.3367347,neck,0.049212817,-0.9987883,right_shoulder,-0.40772742,-0.9621482,right_elbow,-0.7100956,-0.5838318,right_wrist,-0.92696327,-0.2207774,left_shoulder,0.5061532,-1.0354284,left_elbow,0.942612,-0.68343306,left_wrist,0.9414376,-0.36563998,mid_hip,0.0,0.0,right_hip,-0.30036414,-0.0003560031,right_knee,-0.45843792,0.7153519,right_ankle,-0.27675483,0.94692445,left_hip,0.30036414,0.0003561804,left_knee,0.40176898,0.6980733,left_ankle,0.39232463,0.9353504,0,0,0
Not_Fall__Not_Fall_Sit_nf_raw_c_1_C_D_0165_resized,123,C:\Users\ASUS\Downloads\3D_Human_Pose_NCKH\paper_baselines\lin2021_yolov8_lstm_gru\data\paper_skeleton_csv\Not_Fall\Not_Fall_Not_Fall_Sit_nf_raw_c_1_C_D_0165_resized.csv,0,Not_Fall,nose,-0.33489954,-1.3365551,neck,0.048868913,-0.9988051,right_shoulder,-0.4071813,-0.9626033,right_elbow,-0.70575774,-0.5863289,right_wrist,-0.92474747,-0.22434917,left_shoulder,0.5049191,-1.0350071,left_elbow,0.9402915,-0.6867327,left_wrist,0.9411925,-0.3689065,mid_hip,0.0,0.0,right_hip,-0.2998006,-0.00063747674,right_knee,-0.45457968,0.7239154,right_ankle,-0.27118424,0.9394125,left_hip,0.2998006,0.00063747674,left_knee,0.4026547,0.7101601,left_ankle,0.39243242,0.9292624,0,0,0
Not_Fall__Not_Fall_Sit_nf_raw_c_1_C_D_0165_resized,124,C:\Users\ASUS\Downloads\3D_Human_Pose_NCKH\paper_baselines\lin2021_yolov8_lstm_gru\data\paper_skeleton_csv\Not_Fall\Not_Fall_Not_Fall_Sit_nf_raw_c_1_C_D_0165_resized.csv,0,Not_Fall,nose,-0.30513924,-1.3326012,neck,0.062130783,-0.998068,right_shoulder,-0.38893613,-0.96412134,right_elbow,-0.69210106,-0.5973037,right_wrist,-0.9002625,-0.24339724,left_shoulder,0.5131976,-1.0320146,left_elbow,0.9390658,-0.68750376,left_wrist,0.9315708,-0.37360254,mid_hip,0.0,0.0,right_hip,-0.2960251,-0.0012909337,right_knee,-0.46069357,0.72486395,right_ankle,-0.25651407,0.9082075,left_hip,0.29602528,0.0012909337,left_knee,0.36861253,0.706397,left_ankle,0.38329783,0.89237165,0,0,0
Not_Fall__Not_Fall_Sit_nf_raw_c_1_C_D_0165_resized,125,C:\Users\ASUS\Downloads\3D_Human_Pose_NCKH\paper_baselines\lin2021_yolov8_lstm_gru\data\paper_skeleton_csv\Not_Fall\Not_Fall_Not_Fall_Sit_nf_raw_c_1_C_D_0165_resized.csv,0,Not_Fall,nose,-0.30606982,-1.3315078,neck,0.061829377,-0.99808675,right_shoulder,-0.38811424,-0.96342385,right_elbow,-0.6922688,-0.5947055,right_wrist,-0.9010751,-0.24207166,left_shoulder,0.51177293,-1.0327497,left_elbow,0.9374276,-0.68746865,left_wrist,0.9309663,-0.37312266,mid_hip,0.0,0.0,right_hip,-0.29499945,-0.00088507193,right_knee,-0.45283785,0.72644186,right_ankle,-0.2522047,0.91015774,left_hip,0.29499963,0.00088524795,left_knee,0.37017286,0.70712584,left_ankle,0.38289297,0.8943929,0,0,0
Not_Fall__Not_Fall_Sit_nf_raw_c_1_C_D_0165_resized,126,C:\Users\ASUS\Downloads\3D_Human_Pose_NCKH\paper_baselines\lin2021_yolov8_lstm_gru\data\paper_skeleton_csv\Not_Fall\Not_Fall_Not_Fall_Sit_nf_raw_c_1_C_D_0165_resized.csv,0,Not_Fall,nose,-0.2728531,-1.3210168,neck,0.08330731,-0.9965239,right_shoulder,-0.35856512,-0.9632952,right_elbow,-0.6589485,-0.6070817,right_wrist,-0.86238384,-0.25647244,left_shoulder,0.52517974,-1.0297525,left_elbow,0.9284868,-0.6786614,left_wrist,0.9223355,-0.36226264,mid_hip,0.0,0.0,right_hip,-0.28884384,-0.0014906131,right_knee,-0.42449757,0.7837314,right_ankle,-0.19780988,0.8745522,left_hip,0.28884366,0.0014907877,left_knee,0.33991602,0.76006955,left_ankle,0.36859512,0.8797274,0,0,0
Not_Fall__Not_Fall_Sit_nf_raw_c_1_C_D_0165_resized,127,C:\Users\ASUS\Downloads\3D_Human_Pose_NCKH\paper_baselines\lin2021_yolov8_lstm_gru\data\paper_skeleton_csv\Not_Fall\Not_Fall_Not_Fall_Sit_nf_raw_c_1_C_D_0165_resized.csv,0,Not_Fall,nose,-0.26919156,-1.319512,neck,0.08382535,-0.99648046,right_shoulder,-0.3559147,-0.9628163,right_elbow,-0.6543048,-0.6061619,right_wrist,-0.8578437,-0.25557414,left_shoulder,0.52356523,-1.0301447,left_elbow,0.926214,-0.67995036,left_wrist,0.92021966,-0.36518618,mid_hip,0.0,0.0,right_hip,-0.2879723,-0.0012069154,right_knee,-0.42930996,0.7822922,right_ankle,-0.20036763,0.86655205,left_hip,0.28797215,0.0012067413,left_knee,0.3376146,0.75601715,left_ankle,0.37534478,0.86994314,0,0,0
Not_Fall__Not_Fall_Sit_nf_raw_c_1_C_D_0165_resized,128,C:\Users\ASUS\Downloads\3D_Human_Pose_NCKH\paper_baselines\lin2021_yolov8_lstm_gru\data\paper_skeleton_csv\Not_Fall\Not_Fall_Not_Fall_Sit_nf_raw_c_1_C_D_0165_resized.csv,0,Not_Fall,nose,-0.26069254,-1.3155849,neck,0.09035794,-0.99590933,right_shoulder,-0.34988958,-0.96709573,right_elbow,-0.643063,-0.6152046,right_wrist,-0.84894085,-0.25947285,left_shoulder,0.53060544,-1.0247228,left_elbow,0.93566084,-0.6809154,left_wrist,0.9128031,-0.34498447,mid_hip,0.0,0.0,right_hip,-0.2877983,-0.0047652065,right_knee,-0.4404178,0.78329396,right_ankle,-0.22777846,0.868873,left_hip,0.28779846,0.004765031,left_knee,0.3298327,0.77625716,left_ankle,0.36560065,0.8692841,0,0,0
Not_Fall__Not_Fall_Sit_nf_raw_c_1_C_D_0165_resized,129,C:\Users\ASUS\Downloads\3D_Human_Pose_NCKH\paper_baselines\lin2021_yolov8_lstm_gru\data\paper_skeleton_csv\Not_Fall\Not_Fall_Not_Fall_Sit_nf_raw_c_1_C_D_0165_resized.csv,0,Not_Fall,nose,-0.26202354,-1.3161317,neck,0.08948531,-0.99598813,right_shoulder,-0.35165328,-0.9671518,right_elbow,-0.6460641,-0.6147684,right_wrist,-0.85086024,-0.25672305,left_shoulder,0.53062385,-1.0248245,left_elbow,0.9387161,-0.68064994,left_wrist,0.9169293,-0.3493312,mid_hip,0.0,0.0,right_hip,-0.287979,-0.0045069256,right_knee,-0.43944427,0.78596,right_ankle,-0.21805042,0.8712459,left_hip,0.287979,0.0045071016,left_knee,0.3262517,0.77680933,left_ankle,0.37051433,0.8696373,0,0,0
Not_Fall__Not_Fall_Sit_nf_raw_c_1_C_D_0165_resized,130,C:\Users\ASUS\Downloads\3D_Human_Pose_NCKH\paper_baselines\lin2021_yolov8_lstm_gru\data\paper_skeleton_csv\Not_Fall\Not_Fall_Not_Fall_Sit_nf_raw_c_1_C_D_0165_resized.csv,0,Not_Fall,nose,-0.28545874,-1.3260608,neck,0.077054396,-0.9970269,right_shoulder,-0.3713251,-0.9710239,right_elbow,-0.6808619,-0.6201577,right_wrist,-0.86774796,-0.27048892,left_shoulder,0.5254339,-1.0230299,left_elbow,0.9238891,-0.6708789,left_wrist,0.85896945,-0.34201795,mid_hip,0.0,0.0,right_hip,-0.293118,-0.0075226706,right_knee,-0.45294407,0.78462535,right_ankle,-0.21776882,0.8675597,left_hip,0.29311815,0.0075228494,left_knee,0.2977722,0.8065649,left_ankle,0.32760152,0.9061393,0,0,0
Not_Fall__Not_Fall_Sit_nf_raw_c_1_C_D_0165_resized,131,C:\Users\ASUS\Downloads\3D_Human_Pose_NCKH\paper_baselines\lin2021_yolov8_lstm_gru\data\paper_skeleton_csv\Not_Fall\Not_Fall_Not_Fall_Sit_nf_raw_c_1_C_D_0165_resized.csv,0,Not_Fall,nose,-0.2857064,-1.3255165,neck,0.077253506,-0.9970115,right_shoulder,-0.37169236,-0.97105056,right_elbow,-0.6825095,-0.619015,right_wrist,-0.8679947,-0.2684733,left_shoulder,0.5261995,-1.0229722,left_elbow,0.92646617,-0.6706835,left_wrist,0.86219126,-0.34281936,mid_hip,0.0,0.0,right_hip,-0.2939039,-0.00735028,right_knee,-0.45679754,0.7832982,right_ankle,-0.22679415,0.874145,left_hip,0.2939037,0.0073504588,left_knee,0.30267355,0.80310607,left_ankle,0.33393472,0.9080628,0,0,0
Not_Fall__Not_Fall_Sit_nf_raw_c_1_C_D_0165_resized,132,C:\Users\ASUS\Downloads\3D_Human_Pose_NCKH\paper_baselines\lin2021_yolov8_lstm_gru\data\paper_skeleton_csv\Not_Fall\Not_Fall_Not_Fall_Sit_nf_raw_c_1_C_D_0165_resized.csv,0,Not_Fall,nose,-0.25850686,-1.3233166,neck,0.08483924,-0.99639463,right_shoulder,-0.3605921,-0.9705438,right_elbow,-0.66561735,-0.61695594,right_wrist,-0.8455422,-0.27454087,left_shoulder,0.5302706,-1.0222454,left_elbow,0.9250809,-0.6751247,left_wrist,0.8615867,-0.346792,mid_hip,0.0,0.0,right_hip,-0.29304385,-0.0075506805,right_knee,-0.47757107,0.789678,right_ankle,-0.2551124,0.890661,left_hip,0.29304403,0.0075506805,left_knee,0.29783422,0.8094837,left_ankle,0.3355335,0.92459756,0,0,0
Not_Fall__Not_Fall_Sit_nf_raw_c_1_C_D_0165_resized,133,C:\Users\ASUS\Downloads\3D_Human_Pose_NCKH\paper_baselines\lin2021_yolov8_lstm_gru\data\paper_skeleton_csv\Not_Fall\Not_Fall_Not_Fall_Sit_nf_raw_c_1_C_D_0165_resized.csv,0,Not_Fall,nose,-0.257092,-1.3218875,neck,0.083874695,-0.99647635,right_shoulder,-0.35906127,-0.9703776,right_elbow,-0.6610108,-0.6186092,right_wrist,-0.84163076,-0.27712542,left_shoulder,0.52681065,-1.022575,left_elbow,0.9189059,-0.6771695,left_wrist,0.8553834,-0.3510909,mid_hip,0.0,0.0,right_hip,-0.2909882,-0.0073643145,right_knee,-0.46879157,0.7874904,right_ankle,-0.23735511,0.8767744,left_hip,0.2909882,0.007364493,left_knee,0.29214412,0.80742484,left_ankle,0.33007258,0.91222715,0,0,0
Not_Fall__Not_Fall_Sit_nf_raw_c_1_C_D_0165_resized,134,C:\Users\ASUS\Downloads\3D_Human_Pose_NCKH\paper_baselines\lin2021_yolov8_lstm_gru\data\paper_skeleton_csv\Not_Fall\Not_Fall_Not_Fall_Sit_nf_raw_c_1_C_D_0165_resized.csv,0,Not_Fall,nose,-0.2439392,-1.3213217,neck,0.09381748,-0.99558944,right_shoulder,-0.34741262,-0.97455764,right_elbow,-0.6533854,-0.6337867,right_wrist,-0.83165526,-0.2871595,left_shoulder,0.5350474,-1.0166212,left_elbow,0.92399716,-0.66838115,left_wrist,0.8403751,-0.3415653,mid_hip,0.0,0.0,right_hip,-0.28909197,-0.009365657,right_knee,-0.46952298,0.7862945,right_ankle,-0.23946896,0.8751093,left_hip,0.28909197,0.009365657,left_knee,0.2740784,0.80468,left_ankle,0.32276326,0.8978948,0,0,0
Not_Fall__Not_Fall_Sit_nf_raw_c_1_C_D_0165_resized,135,C:\Users\ASUS\Downloads\3D_Human_Pose_NCKH\paper_baselines\lin2021_yolov8_lstm_gru\data\paper_skeleton_csv\Not_Fall\Not_Fall_Not_Fall_Sit_nf_raw_c_1_C_D_0165_resized.csv,0,Not_Fall,nose,-0.24449013,-1.321677,neck,0.094311945,-0.9955427,right_shoulder,-0.34768605,-0.97426575,right_elbow,-0.6546429,-0.632321,right_wrist,-0.8336299,-0.28436297,left_shoulder,0.53630996,-1.0168197,left_elbow,0.9284197,-0.66796476,left_wrist,0.8458035,-0.3378884,mid_hip,0.0,0.0,right_hip,-0.28966132,-0.009772441,right_knee,-0.47322267,0.78554934,right_ankle,-0.24611121,0.8816799,left_hip,0.28966114,0.009772441,left_knee,0.2747231,0.808314,left_ankle,0.32665518,0.9132756,0,0,0
Not_Fall__Not_Fall_Sit_nf_raw_c_1_C_D_0165_resized,136,C:\Users\ASUS\Downloads\3D_Human_Pose_NCKH\paper_baselines\lin2021_yolov8_lstm_gru\data\paper_skeleton_csv\Not_Fall\Not_Fall_Not_Fall_Sit_nf_raw_c_1_C_D_0165_resized.csv,0,Not_Fall,nose,-0.22850867,-1.3197776,neck,0.096147746,-0.9953671,right_shoulder,-0.3433859,-0.9793977,right_elbow,-0.64991343,-0.64962995,right_wrist,-0.8069329,-0.30966374,left_shoulder,0.53568137,-1.0113364,left_elbow,0.92907745,-0.66257685,left_wrist,0.83796954,-0.34291583,mid_hip,0.0,0.0,right_hip,-0.28722426,-0.010304309,right_knee,-0.46114495,0.789054,right_ankle,-0.2449725,0.90978664,left_hip,0.28722408,0.010304309,left_knee,0.26896718,0.8034607,left_ankle,0.3080613,0.9146389,0,0,0
Not_Fall__Not_Fall_Sit_nf_raw_c_1_C_D_0165_resized,137,C:\Users\ASUS\Downloads\3D_Human_Pose_NCKH\paper_baselines\lin2021_yolov8_lstm_gru\data\paper_skeleton_csv\Not_Fall\Not_Fall_Not_Fall_Sit_nf_raw_c_1_C_D_0165_resized.csv,0,Not_Fall,nose,-0.22562458,-1.319739,neck,0.0984331,-0.9951437,right_shoulder,-0.33995196,-0.979331,right_elbow,-0.64578265,-0.6508953,right_wrist,-0.80316204,-0.30963588,left_shoulder,0.53681797,-1.0109564,left_elbow,0.9319173,-0.6620143,left_wrist,0.83841956,-0.342634,mid_hip,0.0,0.0,right_hip,-0.28645647,-0.010131681,right_knee,-0.45762038,0.78828526,right_ankle,-0.24471985,0.907483,left_hip,0.2864563,0.010131681,left_knee,0.27245536,0.7991345,left_ankle,0.31184918,0.90775234,0,0,0
Not_Fall__Not_Fall_Sit_nf_raw_c_1_C_D_0165_resized,138,C:\Users\ASUS\Downloads\3D_Human_Pose_NCKH\paper_baselines\lin2021_yolov8_lstm_gru\data\paper_skeleton_csv\Not_Fall\Not_Fall_Not_Fall_Sit_nf_raw_c_1_C_D_0165_resized.csv,0,Not_Fall,nose,-0.1872696,-1.3113194,neck,0.11760556,-0.99306035,right_shoulder,-0.32587305,-0.9802413,right_elbow,-0.61863506,-0.64714074,right_wrist,-0.7679003,-0.29196408,left_shoulder,0.56108433,-1.0058795,left_elbow,0.96806324,-0.6645874,left_wrist,0.8883092,-0.33084098,mid_hip,0.0,0.0,right_hip,-0.284976,-0.008929279,right_knee,-0.42143494,0.79232943,right_ankle,-0.22808947,0.96102256,left_hip,0.284976,0.008929279,left_knee,0.2828508,0.775847,left_ankle,0.29984525,0.8870329,0,0,0
Not_Fall__Not_Fall_Sit_nf_raw_c_1_C_D_0165_resized,139,C:\Users\ASUS\Downloads\3D_Human_Pose_NCKH\paper_baselines\lin2021_yolov8_lstm_gru\data\paper_skeleton_csv\Not_Fall\Not_Fall_Not_Fall_Sit_nf_raw_c_1_C_D_0165_resized.csv,0,Not_Fall,nose,-0.18204458,-1.3080939,neck,0.11986451,-0.9927903,right_shoulder,-0.32086748,-0.9805766,right_elbow,-0.61067444,-0.6483759,right_wrist,-0.75841665,-0.29741383,left_shoulder,0.56059647,-1.0050039,left_elbow,0.96497715,-0.66445047,left_wrist,0.88219416,-0.3350273,mid_hip,0.0,0.0,right_hip,-0.28338945,-0.009676908,right_knee,-0.41922903,0.7899565,right_ankle,-0.21705748,0.93634546,left_hip,0.28338963,0.009676908,left_knee,0.27744234,0.7797215,left_ankle,0.29547027,0.87179565,0,0,0
Not_Fall__Not_Fall_Sit_nf_raw_c_1_C_D_0165_resized,140,C:\Users\ASUS\Downloads\3D_Human_Pose_NCKH\paper_baselines\lin2021_yolov8_lstm_gru\data\paper_skeleton_csv\Not_Fall\Not_Fall_Not_Fall_Sit_nf_raw_c_1_C_D_0165_resized.csv,0,Not_Fall,nose,-0.16577858,-1.3050772,neck,0.12474516,-0.9921888,right_shoulder,-0.3161484,-0.983452,right_elbow,-0.608029,-0.6575836,right_wrist,-0.7366884,-0.3149536,left_shoulder,0.56563854,-1.0009255,left_elbow,0.9632912,-0.6630254,left_wrist,0.88076425,-0.3318666,mid_hip,0.0,0.0,right_hip,-0.28140557,-0.010874079,right_knee,-0.3881436,0.8035065,right_ankle,-0.17223792,0.9376812,left_hip,0.28140575,0.010874079,left_knee,0.2664169,0.8042088,left_ankle,0.27836174,0.8893789,0,0,0
Not_Fall__Not_Fall_Sit_nf_raw_c_1_C_D_0165_resized,141,C:\Users\ASUS\Downloads\3D_Human_Pose_NCKH\paper_baselines\lin2021_yolov8_lstm_gru\data\paper_skeleton_csv\Not_Fall\Not_Fall_Not_Fall_Sit_nf_raw_c_1_C_D_0165_resized.csv,0,Not_Fall,nose,-0.16725366,-1.3062774,neck,0.12282248,-0.99242866,right_shoulder,-0.31885576,-0.9836198,right_elbow,-0.6113447,-0.6583695,right_wrist,-0.7399144,-0.31614095,left_shoulder,0.5645007,-1.0012376,left_elbow,0.9642521,-0.6637484,left_wrist,0.88149416,-0.33142683,mid_hip,0.0,0.0,right_hip,-0.2813473,-0.010505069,right_knee,-0.38374582,0.8079206,right_ankle,-0.16807894,0.94486964,left_hip,0.28134748,0.010505069,left_knee,0.263687,0.8059766,left_ankle,0.27182037,0.89047766,0,0,0
Not_Fall__Not_Fall_Sit_nf_raw_c_1_C_D_0165_resized,142,C:\Users\ASUS\Downloads\3D_Human_Pose_NCKH\paper_baselines\lin2021_yolov8_lstm_gru\data\paper_skeleton_csv\Not_Fall\Not_Fall_Not_Fall_Sit_nf_raw_c_1_C_D_0165_resized.csv,0,Not_Fall,nose,-0.15390226,-1.3058324,neck,0.13270314,-0.99115586,right_shoulder,-0.3144192,-0.9831604,right_elbow,-0.61845493,-0.6569317,right_wrist,-0.7299482,-0.30956686,left_shoulder,0.5798255,-0.99915135,left_elbow,0.97277045,-0.6557596,left_wrist,0.89531535,-0.31786487,mid_hip,0.0,0.0,right_hip,-0.28541842,-0.010226576,right_knee,-0.3927718,0.81833434,right_ankle,-0.19609913,0.97156805,left_hip,0.28541863,0.010226758,left_knee,0.2708981,0.8072298,left_ankle,0.28610796,0.91652083,0,0,0
Not_Fall__Not_Fall_Sit_nf_raw_c_1_C_D_0165_resized,143,C:\Users\ASUS\Downloads\3D_Human_Pose_NCKH\paper_baselines\lin2021_yolov8_lstm_gru\data\paper_skeleton_csv\Not_Fall\Not_Fall_Not_Fall_Sit_nf_raw_c_1_C_D_0165_resized.csv,0,Not_Fall,nose,-0.15292543,-1.3046888,neck,0.1327814,-0.9911454,right_shoulder,-0.31341764,-0.9831681,right_elbow,-0.61355525,-0.6577251,right_wrist,-0.7275442,-0.31173754,left_shoulder,0.57898045,-0.9991225,left_elbow,0.96908176,-0.6549594,left_wrist,0.893631,-0.31924853,mid_hip,0.0,0.0,right_hip,-0.28525764,-0.01008364,right_knee,-0.39451596,0.8159314,right_ankle,-0.19493863,0.9666639,left_hip,0.28525746,0.01008364,left_knee,0.27348047,0.8022697,left_ankle,0.2889569,0.9088419,0,0,0
Not_Fall__Not_Fall_Sit_nf_raw_c_1_C_D_0165_resized,144,C:\Users\ASUS\Downloads\3D_Human_Pose_NCKH\paper_baselines\lin2021_yolov8_lstm_gru\data\paper_skeleton_csv\Not_Fall\Not_Fall_Not_Fall_Sit_nf_raw_c_1_C_D_0165_resized.csv,0,Not_Fall,nose,-0.14122352,-1.300697,neck,0.12468882,-0.99219584,right_shoulder,-0.3133765,-0.98815733,right_elbow,-0.6139821,-0.6638491,right_wrist,-0.71757174,-0.33518663,left_shoulder,0.5627541,-0.9962344,left_elbow,0.94713,-0.65838146,left_wrist,0.8734687,-0.31971085,mid_hip,0.0,0.0,right_hip,-0.27973258,-0.0107097905,right_knee,-0.37360215,0.82898813,right_ankle,-0.18750225,0.9653076,left_hip,0.27973276,0.0107097905,left_knee,0.25785992,0.82531047,left_ankle,0.28547177,0.903448,0,0,0
Not_Fall__Not_Fall_Sit_nf_raw_c_1_C_D_0165_resized,145,C:\Users\ASUS\Downloads\3D_Human_Pose_NCKH\paper_baselines\lin2021_yolov8_lstm_gru\data\paper_skeleton_csv\Not_Fall\Not_Fall_Not_Fall_Sit_nf_raw_c_1_C_D_0165_resized.csv,0,Not_Fall,nose,-0.14261468,-1.3017067,neck,0.12508434,-0.99214613,right_shoulder,-0.31511965,-0.98811406,right_elbow,-0.6171818,-0.6633206,right_wrist,-0.72237676,-0.33309215,left_shoulder,0.5652881,-0.99617827,left_elbow,0.95234495,-0.65751904,left_wrist,0.87985474,-0.3205284,mid_hip,0.0,0.0,right_hip,-0.28079435,-0.010719506,right_knee,-0.3717002,0.8348633,right_ankle,-0.1871439,0.9707214,left_hip,0.28079435,0.010719506,left_knee,0.2599574,0.8309464,left_ankle,0.2821267,0.9093054,0,0,0
Not_Fall__Not_Fall_Sit_nf_raw_c_1_C_D_0165_resized,146,C:\Users\ASUS\Downloads\3D_Human_Pose_NCKH\paper_baselines\lin2021_yolov8_lstm_gru\data\paper_skeleton_csv\Not_Fall\Not_Fall_Not_Fall_Sit_nf_raw_c_1_C_D_0165_resized.csv,0,Not_Fall,nose,-0.1261664,-1.3002844,neck,0.12928443,-0.9916076,right_shoulder,-0.31178263,-0.98831195,right_elbow,-0.6235782,-0.6687262,right_wrist,-0.70773005,-0.34422266,left_shoulder,0.57035166,-0.9949031,left_elbow,0.954985,-0.6577951,left_wrist,0.88228494,-0.32389262,mid_hip,0.0,0.0,right_hip,-0.2826032,-0.010058001,right_knee,-0.3855123,0.83922666,right_ankle,-0.23298614,0.9900241,left_hip,0.2826032,0.010058001,left_knee,0.26230797,0.822926,left_ankle,0.2897563,0.91969925,0,0,0
Not_Fall__Not_Fall_Sit_nf_raw_c_1_C_D_0165_resized,147,C:\Users\ASUS\Downloads\3D_Human_Pose_NCKH\paper_baselines\lin2021_yolov8_lstm_gru\data\paper_skeleton_csv\Not_Fall\Not_Fall_Not_Fall_Sit_nf_raw_c_1_C_D_0165_resized.csv,0,Not_Fall,nose,-0.12803352,-1.2998228,neck,0.12811594,-0.9917592,right_shoulder,-0.31320328,-0.9880815,right_elbow,-0.6252596,-0.66663945,right_wrist,-0.7083239,-0.3425002,left_shoulder,0.56943536,-0.99543685,left_elbow,0.9527845,-0.65777624,left_wrist,0.8789178,-0.32094732,mid_hip,0.0,0.0,right_hip,-0.2823931,-0.009781084,right_knee,-0.3811947,0.8388915,right_ankle,-0.2263154,0.99322873,left_hip,0.28239328,0.009780901,left_knee,0.26215404,0.8224376,left_ankle,0.28728437,0.9202596,0,0,0
Not_Fall__Not_Fall_Sit_nf_raw_c_1_C_D_0165_resized,148,C:\Users\ASUS\Downloads\3D_Human_Pose_NCKH\paper_baselines\lin2021_yolov8_lstm_gru\data\paper_skeleton_csv\Not_Fall\Not_Fall_Not_Fall_Sit_nf_raw_c_1_C_D_0165_resized.csv,0,Not_Fall,nose,-0.11122274,-1.2931937,neck,0.13615085,-0.99068815,right_shoulder,-0.30131608,-0.9896126,right_elbow,-0.6084985,-0.6771916,right_wrist,-0.6839043,-0.35567266,left_shoulder,0.57361776,-0.99176353,left_elbow,0.95009327,-0.6602099,left_wrist,0.8689197,-0.31660715,mid_hip,0.0,0.0,right_hip,-0.27845016,-0.011634745,right_knee,-0.3584408,0.8390331,right_ankle,-0.18877558,0.98723376,left_hip,0.27845034,0.011634562,left_knee,0.25337794,0.83627826,left_ankle,0.27410135,0.9334305,0,0,0
Not_Fall__Not_Fall_Sit_nf_raw_c_1_C_D_0165_resized,149,C:\Users\ASUS\Downloads\3D_Human_Pose_NCKH\paper_baselines\lin2021_yolov8_lstm_gru\data\paper_skeleton_csv\Not_Fall\Not_Fall_Not_Fall_Sit_nf_raw_c_1_C_D_0165_resized.csv,0,Not_Fall,nose,-0.11119867,-1.2936006,neck,0.13669659,-0.9906129,right_shoulder,-0.30148992,-0.9888194,right_elbow,-0.61028916,-0.6758283,right_wrist,-0.684126,-0.3534595,left_shoulder,0.5748831,-0.9924064,left_elbow,0.95589453,-0.6597838,left_wrist,0.87235653,-0.31511584,mid_hip,0.0,0.0,right_hip,-0.27901098,-0.010868333,right_knee,-0.35856184,0.84177786,right_ankle,-0.19795375,0.99182093,left_hip,0.27901116,0.010868333,left_knee,0.25746337,0.8314695,left_ankle,0.27927202,0.92852414,0,0,0
Not_Fall__Not_Fall_Sit_nf_raw_c_1_C_D_0165_resized,150,C:\Users\ASUS\Downloads\3D_Human_Pose_NCKH\paper_baselines\lin2021_yolov8_lstm_gru\data\paper_skeleton_csv\Not_Fall\Not_Fall_Not_Fall_Sit_nf_raw_c_1_C_D_0165_resized.csv,0,Not_Fall,nose,-0.1275057,-1.3050443,neck,0.123827234,-0.9923038,right_shoulder,-0.3251631,-0.9913948,right_elbow,-0.66538537,-0.6878806,right_wrist,-0.7111044,-0.35297582,left_shoulder,0.57281774,-0.9932127,left_elbow,0.9565151,-0.64414954,left_wrist,0.8454739,-0.29020083,mid_hip,0.0,0.0,right_hip,-0.29033348,-0.008304887,right_knee,-0.4408534,0.8114294,right_ankle,-0.2776803,1.0645524,left_hip,0.29033348,0.008304887,left_knee,0.2629153,0.7739687,left_ankle,0.33916786,0.9681916,0,0,0
Not_Fall__Not_Fall_Sit_nf_raw_c_1_C_D_0165_resized,151,C:\Users\ASUS\Downloads\3D_Human_Pose_NCKH\paper_baselines\lin2021_yolov8_lstm_gru\data\paper_skeleton_csv\Not_Fall\Not_Fall_Not_Fall_Sit_nf_raw_c_1_C_D_0165_resized.csv,0,Not_Fall,nose,-0.12477283,-1.3038995,neck,0.12492372,-0.99216634,right_shoulder,-0.32077616,-0.9905011,right_elbow,-0.65805596,-0.69000053,right_wrist,-0.7052618,-0.35803202,left_shoulder,0.5706234,-0.99383163,left_elbow,0.95266753,-0.64586604,left_wrist,0.8427186,-0.28973237,mid_hip,0.0,0.0,right_hip,-0.28769466,-0.007646708,right_knee,-0.42656448,0.8240836,right_ankle,-0.2587026,1.0592551,left_hip,0.28769484,0.007646708,left_knee,0.2579594,0.7829888,left_ankle,0.33663565,0.9614811,0,0,0
Not_Fall__Not_Fall_Sit_nf_raw_c_1_C_D_0165_resized,152,C:\Users\ASUS\Downloads\3D_Human_Pose_NCKH\paper_baselines\lin2021_yolov8_lstm_gru\data\paper_skeleton_csv\Not_Fall\Not_Fall_Not_Fall_Sit_nf_raw_c_1_C_D_0165_resized.csv,0,Not_Fall,nose,-0.09845505,-1.3088534,neck,0.1351358,-0.99082714,right_shoulder,-0.32689527,-0.9942576,right_elbow,-0.6729325,-0.67125994,right_wrist,-0.71577156,-0.3334226,left_shoulder,0.59716684,-0.9873966,left_elbow,0.99081725,-0.63858324,left_wrist,0.9068016,-0.27486533,mid_hip,0.0,0.0,right_hip,-0.29726863,-0.012104204,right_knee,-0.46337548,0.7348552,right_ankle,-0.3068033,1.1417723,left_hip,0.29726842,0.012104204,left_knee,0.28132537,0.71473384,left_ankle,0.31913224,1.0593407,0,0,0
Not_Fall__Not_Fall_Sit_nf_raw_c_1_C_D_0165_resized,153,C:\Users\ASUS\Downloads\3D_Human_Pose_NCKH\paper_baselines\lin2021_yolov8_lstm_gru\data\paper_skeleton_csv\Not_Fall\Not_Fall_Not_Fall_Sit_nf_raw_c_1_C_D_0165_resized.csv,0,Not_Fall,nose,-0.088545,-1.3032039,neck,0.13937432,-0.9902397,right_shoulder,-0.3141257,-0.9927959,right_elbow,-0.6491599,-0.67771506,right_wrist,-0.6928797,-0.34615964,left_shoulder,0.59287435,-0.9876836,left_elbow,0.9781437,-0.6452478,left_wrist,0.8973986,-0.29163858,mid_hip,0.0,0.0,right_hip,-0.29128703,-0.010624596,right_knee,-0.43137628,0.7841232,right_ankle,-0.26644427,1.101352,left_hip,0.29128724,0.010624596,left_knee,0.27328008,0.75290406,left_ankle,0.306485,1.0055708,0,0,0
Not_Fall__Not_Fall_Sit_nf_raw_c_1_C_D_0165_resized,154,C:\Users\ASUS\Downloads\3D_Human_Pose_NCKH\paper_baselines\lin2021_yolov8_lstm_gru\data\paper_skeleton_csv\Not_Fall\Not_Fall_Not_Fall_Sit_nf_raw_c_1_C_D_0165_resized.csv,0,Not_Fall,nose,-0.0970525,-1.3064785,neck,0.14224407,-0.9898316,right_shoulder,-0.3305995,-0.99643457,right_elbow,-0.68256634,-0.6714825,right_wrist,-0.717731,-0.32284498,left_shoulder,0.61508745,-0.98322874,left_elbow,1.0070802,-0.6401149,left_wrist,0.9144054,-0.28129038,mid_hip,0.0,0.0,right_hip,-0.30443102,-0.015372436,right_knee,-0.4910878,0.6921611,right_ankle,-0.3222255,1.1563832,left_hip,0.30443102,0.015372237,left_knee,0.29135644,0.69255537,left_ankle,0.32506058,1.0935014,0,0,0
Not_Fall__Not_Fall_Sit_nf_raw_c_1_C_D_0165_resized,155,C:\Users\ASUS\Downloads\3D_Human_Pose_NCKH\paper_baselines\lin2021_yolov8_lstm_gru\data\paper_skeleton_csv\Not_Fall\Not_Fall_Not_Fall_Sit_nf_raw_c_1_C_D_0165_resized.csv,0,Not_Fall,nose,-0.09941947,-1.305959,neck,0.14280097,-0.98975146,right_shoulder,-0.3324271,-0.99619967,right_elbow,-0.68701476,-0.6697677,right_wrist,-0.7238975,-0.322782,left_shoulder,0.6180289,-0.9833033,left_elbow,1.0118681,-0.637389,left_wrist,0.91779214,-0.27576348,mid_hip,0.0,0.0,right_hip,-0.30606943,-0.0155668985,right_knee,-0.4986198,0.68412286,right_ankle,-0.32831863,1.1690757,left_hip,0.3060696,0.0155668985,left_knee,0.29290956,0.68533206,left_ankle,0.3280803,1.1074802,0,0,0
Not_Fall__Not_Fall_Sit_nf_raw_c_1_C_D_0165_resized,156,C:\Users\ASUS\Downloads\3D_Human_Pose_NCKH\paper_baselines\lin2021_yolov8_lstm_gru\data\paper_skeleton_csv\Not_Fall\Not_Fall_Not_Fall_Sit_nf_raw_c_1_C_D_0165_resized.csv,0,Not_Fall,nose,-0.08718687,-1.3140633,neck,0.1404314,-0.9900904,right_shoulder,-0.33537918,-1.0016208,right_elbow,-0.70295835,-0.6794298,right_wrist,-0.73059416,-0.33942586,left_shoulder,0.616242,-0.9785602,left_elbow,1.0143324,-0.63967943,left_wrist,0.9171455,-0.27531737,mid_hip,0.0,0.0,right_hip,-0.30620947,-0.018787112,right_knee,-0.5061979,0.606963,right_ankle,-0.36295334,1.1901344,left_hip,0.30620965,0.018787112,left_knee,0.30691043,0.63539517,left_ankle,0.31973872,1.1526986,0,0,0
Not_Fall__Not_Fall_Sit_nf_raw_c_1_C_D_0165_resized,157,C:\Users\ASUS\Downloads\3D_Human_Pose_NCKH\paper_baselines\lin2021_yolov8_lstm_gru\data\paper_skeleton_csv\Not_Fall\Not_Fall_Not_Fall_Sit_nf_raw_c_1_C_D_0165_resized.csv,0,Not_Fall,nose,-0.08459956,-1.3122641,neck,0.14208092,-0.98985505,right_shoulder,-0.33096144,-1.0007586,right_elbow,-0.69690484,-0.6827148,right_wrist,-0.72423506,-0.33977005,left_shoulder,0.6151233,-0.97895145,left_elbow,1.0145289,-0.63971364,left_wrist,0.9139796,-0.27692273,mid_hip,0.0,0.0,right_hip,-0.30385455,-0.017431844,right_knee,-0.49342987,0.6360293,right_ankle,-0.34441653,1.1898053,left_hip,0.30385476,0.017432045,left_knee,0.2986485,0.65035385,left_ankle,0.32030636,1.134753,0,0,0
Not_Fall__Not_Fall_Sit_nf_raw_c_1_C_D_0165_resized,158,C:\Users\ASUS\Downloads\3D_Human_Pose_NCKH\paper_baselines\lin2021_yolov8_lstm_gru\data\paper_skeleton_csv\Not_Fall\Not_Fall_Not_Fall_Sit_nf_raw_c_1_C_D_0165_resized.csv,0,Not_Fall,nose,-0.07735348,-1.3117003,neck,0.14536013,-0.9893788,right_shoulder,-0.3303304,-1.0028061,right_elbow,-0.6974878,-0.6887491,right_wrist,-0.723739,-0.34850422,left_shoulder,0.62105066,-0.9759517,left_elbow,1.0174638,-0.6441818,left_wrist,0.91105646,-0.27936766,mid_hip,0.0,0.0,right_hip,-0.30681136,-0.020388285,right_knee,-0.51195997,0.6000515,right_ankle,-0.39860556,1.2155976,left_hip,0.30681157,0.02038849,left_knee,0.3092668,0.6352223,left_ankle,0.32107335,1.1896757,0,0,0
Not_Fall__Not_Fall_Sit_nf_raw_c_1_C_D_0165_resized,159,C:\Users\ASUS\Downloads\3D_Human_Pose_NCKH\paper_baselines\lin2021_yolov8_lstm_gru\data\paper_skeleton_csv\Not_Fall\Not_Fall_Not_Fall_Sit_nf_raw_c_1_C_D_0165_resized.csv,0,Not_Fall,nose,-0.078173675,-1.3127223,neck,0.14358944,-0.98963726,right_shoulder,-0.3325985,-1.0035299,right_elbow,-0.70016605,-0.6877671,right_wrist,-0.7258481,-0.34723985,left_shoulder,0.6197774,-0.9757445,left_elbow,1.0162907,-0.6445115,left_wrist,0.90858686,-0.27889124,mid_hip,0.0,0.0,right_hip,-0.3071867,-0.020931551,right_knee,-0.515262,0.5868474,right_ankle,-0.40371796,1.2135884,left_hip,0.3071869,0.020931551,left_knee,0.309683,0.62749547,left_ankle,0.31711674,1.192588,0,0,0
Not_Fall__Not_Fall_Sit_nf_raw_c_1_C_D_0165_resized,160,C:\Users\ASUS\Downloads\3D_Human_Pose_NCKH\paper_baselines\lin2021_yolov8_lstm_gru\data\paper_skeleton_csv\Not_Fall\Not_Fall_Not_Fall_Sit_nf_raw_c_1_C_D_0165_resized.csv,0,Not_Fall,nose,-0.07191005,-1.3073919,neck,0.14534533,-0.989381,right_shoulder,-0.3302888,-1.0052812,right_elbow,-0.6939286,-0.695585,right_wrist,-0.7198109,-0.35097328,left_shoulder,0.6209795,-0.9734807,left_elbow,1.0154257,-0.65196013,left_wrist,0.8994606,-0.2960425,mid_hip,0.0,0.0,right_hip,-0.30693802,-0.021734538,right_knee,-0.5158189,0.59717906,right_ankle,-0.3923126,1.2224123,left_hip,0.30693823,0.021734335,left_knee,0.30610713,0.6400058,left_ankle,0.32292476,1.1944065,0,0,0
Not_Fall__Not_Fall_Sit_nf_raw_c_1_C_D_0165_resized,161,C:\Users\ASUS\Downloads\3D_Human_Pose_NCKH\paper_baselines\lin2021_yolov8_lstm_gru\data\paper_skeleton_csv\Not_Fall\Not_Fall_Not_Fall_Sit_nf_raw_c_1_C_D_0165_resized.csv,0,Not_Fall,nose,-0.07296378,-1.3080045,neck,0.14325748,-0.9896855,right_shoulder,-0.3327556,-1.0042703,right_elbow,-0.6956019,-0.6960325,right_wrist,-0.7202753,-0.35085136,left_shoulder,0.61927056,-0.9751005,left_elbow,1.012818,-0.65397745,left_wrist,0.8978542,-0.2942204,mid_hip,0.0,0.0,right_hip,-0.30729407,-0.020571753,right_knee,-0.5171107,0.6312455,right_ankle,-0.3859085,1.2283748,left_hip,0.30729407,0.020571753,left_knee,0.29995605,0.6657041,left_ankle,0.32472867,1.1929209,0,0,0
Not_Fall__Not_Fall_Sit_nf_raw_c_1_C_D_0165_resized,162,C:\Users\ASUS\Downloads\3D_Human_Pose_NCKH\paper_baselines\lin2021_yolov8_lstm_gru\data\paper_skeleton_csv\Not_Fall\Not_Fall_Not_Fall_Sit_nf_raw_c_1_C_D_0165_resized.csv,0,Not_Fall,nose,-0.053400274,-1.2994902,neck,0.14757805,-0.98905045,right_shoulder,-0.32645574,-1.008569,right_elbow,-0.6896323,-0.6906544,right_wrist,-0.71079814,-0.36028618,left_shoulder,0.62161183,-0.969532,left_elbow,1.0082283,-0.6605641,left_wrist,0.89518964,-0.31057766,mid_hip,0.0,0.0,right_hip,-0.3055177,-0.025933128,right_knee,-0.5185387,0.5250095,right_ankle,-0.3851593,1.1959727,left_hip,0.3055179,0.025933128,left_knee,0.30750453,0.6123618,left_ankle,0.31701726,1.212704,0,0,0
Not_Fall__Not_Fall_Sit_nf_raw_c_1_C_D_0165_resized,163,C:\Users\ASUS\Downloads\3D_Human_Pose_NCKH\paper_baselines\lin2021_yolov8_lstm_gru\data\paper_skeleton_csv\Not_Fall\Not_Fall_Not_Fall_Sit_nf_raw_c_1_C_D_0165_resized.csv,0,Not_Fall,nose,-0.054766104,-1.3005496,neck,0.1463295,-0.98923594,right_shoulder,-0.32806405,-1.0088295,right_elbow,-0.6900242,-0.69056,right_wrist,-0.71077245,-0.35795543,left_shoulder,0.62072307,-0.96964234,left_elbow,1.0055877,-0.6604331,left_wrist,0.89468646,-0.31055933,mid_hip,0.0,0.0,right_hip,-0.3060818,-0.026021797,right_knee,-0.521188,0.5287902,right_ankle,-0.38429782,1.1914513,left_hip,0.3060816,0.026021797,left_knee,0.3079848,0.6174246,left_ankle,0.31791976,1.2113628,0,0,0
Not_Fall__Not_Fall_Sit_nf_raw_c_1_C_D_0165_resized,164,C:\Users\ASUS\Downloads\3D_Human_Pose_NCKH\paper_baselines\lin2021_yolov8_lstm_gru\data\paper_skeleton_csv\Not_Fall\Not_Fall_Not_Fall_Sit_nf_raw_c_1_C_D_0165_resized.csv,0,Not_Fall,nose,-0.04396303,-1.3037379,neck,0.14755942,-0.98905313,right_shoulder,-0.32875207,-1.0109282,right_elbow,-0.6973866,-0.69355893,right_wrist,-0.7128083,-0.36463076,left_shoulder,0.6238709,-0.9671782,left_elbow,1.0068083,-0.6723132,left_wrist,0.9027591,-0.32503033,mid_hip,0.0,0.0,right_hip,-0.30790883,-0.028229073,right_knee,-0.5257036,0.47255248,right_ankle,-0.3942721,1.1615369,left_hip,0.30790883,0.028229073,left_knee,0.3211601,0.5857622,left_ankle,0.3266763,1.215295,0,0,0
Not_Fall__Not_Fall_Sit_nf_raw_c_1_C_D_0165_resized,165,C:\Users\ASUS\Downloads\3D_Human_Pose_NCKH\paper_baselines\lin2021_yolov8_lstm_gru\data\paper_skeleton_csv\Not_Fall\Not_Fall_Not_Fall_Sit_nf_raw_c_1_C_D_0165_resized.csv,0,Not_Fall,nose,-0.04047825,-1.3020551,neck,0.14981589,-0.988714,right_shoulder,-0.32514134,-1.0108606,right_elbow,-0.69267243,-0.69443166,right_wrist,-0.7080645,-0.36541587,left_shoulder,0.62477314,-0.96656746,left_elbow,1.0088279,-0.6729766,left_wrist,0.901318,-0.32479203,mid_hip,0.0,0.0,right_hip,-0.3071148,-0.028340688,right_knee,-0.52437145,0.4685232,right_ankle,-0.39274123,1.1583356,left_hip,0.3071148,0.028340688,left_knee,0.32220876,0.5814896,left_ankle,0.33028424,1.210319,0,0,0
Not_Fall__Not_Fall_Sit_nf_raw_c_1_C_D_0165_resized,166,C:\Users\ASUS\Downloads\3D_Human_Pose_NCKH\paper_baselines\lin2021_yolov8_lstm_gru\data\paper_skeleton_csv\Not_Fall\Not_Fall_Not_Fall_Sit_nf_raw_c_1_C_D_0165_resized.csv,0,Not_Fall,nose,-0.04481637,-1.3028914,neck,0.14776023,-0.9890232,right_shoulder,-0.3298152,-1.0153438,right_elbow,-0.7013482,-0.70004684,right_wrist,-0.71695334,-0.37278476,left_shoulder,0.62533563,-0.9627027,left_elbow,1.001166,-0.670075,left_wrist,0.86474055,-0.31988356,mid_hip,0.0,0.0,right_hip,-0.30807585,-0.03212204,right_knee,-0.5281196,0.40989086,right_ankle,-0.3999786,1.1293768,left_hip,0.30807564,0.03212204,left_knee,0.32197732,0.55133784,left_ankle,0.31560326,1.2028896,0,0,0
Not_Fall__Not_Fall_Sit_nf_raw_c_1_C_D_0165_resized,167,C:\Users\ASUS\Downloads\3D_Human_Pose_NCKH\paper_baselines\lin2021_yolov8_lstm_gru\data\paper_skeleton_csv\Not_Fall\Not_Fall_Not_Fall_Sit_nf_raw_c_1_C_D_0165_resized.csv,0,Not_Fall,nose,-0.044179928,-1.3030064,neck,0.14801477,-0.9889851,right_shoulder,-0.3286805,-1.0155233,right_elbow,-0.7013411,-0.69905263,right_wrist,-0.7169348,-0.372349,left_shoulder,0.62470984,-0.9624469,left_elbow,1.0010514,-0.6700396,left_wrist,0.8634838,-0.3207144,mid_hip,0.0,0.0,right_hip,-0.30734932,-0.03256637,right_knee,-0.5233511,0.40268788,right_ankle,-0.40291956,1.127397,left_hip,0.30734953,0.032566573,left_knee,0.32238218,0.5491384,left_ankle,0.3126196,1.208608,0,0,0
Not_Fall__Not_Fall_Sit_nf_raw_c_1_C_D_0165_resized,168,C:\Users\ASUS\Downloads\3D_Human_Pose_NCKH\paper_baselines\lin2021_yolov8_lstm_gru\data\paper_skeleton_csv\Not_Fall\Not_Fall_Not_Fall_Sit_nf_raw_c_1_C_D_0165_resized.csv,0,Not_Fall,nose,-0.013494244,-1.2975512,neck,0.15997258,-0.9871215,right_shoulder,-0.3159221,-1.0134522,right_elbow,-0.6950172,-0.7132684,right_wrist,-0.7062548,-0.38047615,left_shoulder,0.6358673,-0.96079075,left_elbow,1.0109087,-0.6759165,left_wrist,0.87000793,-0.32152578,mid_hip,0.0,0.0,right_hip,-0.30822954,-0.03165733,right_knee,-0.5275937,0.47098204,right_ankle,-0.39673272,1.143222,left_hip,0.30822933,0.03165733,left_knee,0.34127218,0.60542965,left_ankle,0.34561136,1.2313175,0,0,0
Not_Fall__Not_Fall_Sit_nf_raw_c_1_C_D_0165_resized,169,C:\Users\ASUS\Downloads\3D_Human_Pose_NCKH\paper_baselines\lin2021_yolov8_lstm_gru\data\paper_skeleton_csv\Not_Fall\Not_Fall_Not_Fall_Sit_nf_raw_c_1_C_D_0165_resized.csv,0,Not_Fall,nose,-0.011866322,-1.2970709,neck,0.16071427,-0.987001,right_shoulder,-0.3143398,-1.0134794,right_elbow,-0.6931459,-0.7126513,right_wrist,-0.70497674,-0.3803983,left_shoulder,0.6357683,-0.9605226,left_elbow,1.0101933,-0.67541265,left_wrist,0.8687763,-0.32196102,mid_hip,0.0,0.0,right_hip,-0.30762014,-0.03192609,right_knee,-0.5293686,0.46501195,right_ankle,-0.38947675,1.1425838,left_hip,0.30762035,0.031925883,left_knee,0.33608276,0.6019385,left_ankle,0.34715438,1.2352213,0,0,0
Not_Fall__Not_Fall_Sit_nf_raw_c_1_C_D_0165_resized,170,C:\Users\ASUS\Downloads\3D_Human_Pose_NCKH\paper_baselines\lin2021_yolov8_lstm_gru\data\paper_skeleton_csv\Not_Fall\Not_Fall_Not_Fall_Sit_nf_raw_c_1_C_D_0165_resized.csv,0,Not_Fall,nose,-0.011199248,-1.2968743,neck,0.15713765,-0.9875767,right_shoulder,-0.31744158,-1.0174408,right_elbow,-0.6973183,-0.7079339,right_wrist,-0.70427155,-0.37627763,left_shoulder,0.63171667,-0.9577126,left_elbow,1.0158612,-0.67585963,left_wrist,0.86113775,-0.31908646,mid_hip,0.0,0.0,right_hip,-0.3066464,-0.03575373,right_knee,-0.5319915,0.41870627,right_ankle,-0.40983823,1.1256831,left_hip,0.3066464,0.03575373,left_knee,0.32370406,0.59122956,left_ankle,0.335395,1.250576,0,0,0
Not_Fall__Not_Fall_Sit_nf_raw_c_1_C_D_0165_resized,171,C:\Users\ASUS\Downloads\3D_Human_Pose_NCKH\paper_baselines\lin2021_yolov8_lstm_gru\data\paper_skeleton_csv\Not_Fall\Not_Fall_Not_Fall_Sit_nf_raw_c_1_C_D_0165_resized.csv,0,Not_Fall,nose,-0.011661015,-1.2971613,neck,0.15633644,-0.98770386,right_shoulder,-0.31625664,-1.0166004,right_elbow,-0.69539106,-0.71069485,right_wrist,-0.70098054,-0.37475008,left_shoulder,0.62892973,-0.9588075,left_elbow,1.0132564,-0.67817485,left_wrist,0.85852903,-0.32081342,mid_hip,0.0,0.0,right_hip,-0.3052017,-0.03438905,right_knee,-0.5260115,0.4292052,right_ankle,-0.40942302,1.1259028,left_hip,0.3052017,0.034389254,left_knee,0.31899977,0.58823526,left_ankle,0.33187085,1.234701,0,0,0
Not_Fall__Not_Fall_Sit_nf_raw_c_1_C_D_0165_resized,172,C:\Users\ASUS\Downloads\3D_Human_Pose_NCKH\paper_baselines\lin2021_yolov8_lstm_gru\data\paper_skeleton_csv\Not_Fall\Not_Fall_Not_Fall_Sit_nf_raw_c_1_C_D_0165_resized.csv,0,Not_Fall,nose,-0.002019912,-1.2971648,neck,0.15579645,-0.9877891,right_shoulder,-0.32174176,-1.0194631,right_elbow,-0.71207386,-0.7071366,right_wrist,-0.705711,-0.3638658,left_shoulder,0.63333464,-0.95611507,left_elbow,1.028555,-0.679334,left_wrist,0.86633104,-0.32240915,mid_hip,0.0,0.0,right_hip,-0.3081098,-0.036938194,right_knee,-0.5333613,0.42715192,right_ankle,-0.43437588,1.1308786,left_hip,0.30811,0.036938194,left_knee,0.32523757,0.610097,left_ankle,0.33211133,1.2662212,0,0,0
Not_Fall__Not_Fall_Sit_nf_raw_c_1_C_D_0165_resized,173,C:\Users\ASUS\Downloads\3D_Human_Pose_NCKH\paper_baselines\lin2021_yolov8_lstm_gru\data\paper_skeleton_csv\Not_Fall\Not_Fall_Not_Fall_Sit_nf_raw_c_1_C_D_0165_resized.csv,0,Not_Fall,nose,-0.002327898,-1.2968351,neck,0.15415524,-0.9880467,right_shoulder,-0.32090807,-1.0186983,right_elbow,-0.71028256,-0.7079402,right_wrist,-0.7017646,-0.3654315,left_shoulder,0.62921834,-0.9573949,left_elbow,1.0245653,-0.677632,left_wrist,0.8616806,-0.32324734,mid_hip,0.0,0.0,right_hip,-0.30654588,-0.035339426,right_knee,-0.5301635,0.42188796,right_ankle,-0.4245683,1.1269544,left_hip,0.30654567,0.035339214,left_knee,0.32226646,0.58981407,left_ankle,0.33380577,1.2472255,0,0,0
Not_Fall__Not_Fall_Sit_nf_raw_c_1_C_D_0165_resized,174,C:\Users\ASUS\Downloads\3D_Human_Pose_NCKH\paper_baselines\lin2021_yolov8_lstm_gru\data\paper_skeleton_csv\Not_Fall\Not_Fall_Not_Fall_Sit_nf_raw_c_1_C_D_0165_resized.csv,0,Not_Fall,nose,0.005740689,-1.2950457,neck,0.14644846,-0.9892183,right_shoulder,-0.33051753,-1.0197077,right_elbow,-0.72820896,-0.7065329,right_wrist,-0.6999781,-0.3546433,left_shoulder,0.62341446,-0.9587288,left_elbow,1.0170685,-0.6727704,left_wrist,0.8495826,-0.32749432,mid_hip,0.0,0.0,right_hip,-0.3084887,-0.03390383,right_knee,-0.5448526,0.39750472,right_ankle,-0.4589324,1.1303496,left_hip,0.3084887,0.033904042,left_knee,0.3181929,0.54921764,left_ankle,0.32524264,1.2427583,0,0,0
Not_Fall__Not_Fall_Sit_nf_raw_c_1_C_D_0165_resized,175,C:\Users\ASUS\Downloads\3D_Human_Pose_NCKH\paper_baselines\lin2021_yolov8_lstm_gru\data\paper_skeleton_csv\Not_Fall\Not_Fall_Not_Fall_Sit_nf_raw_c_1_C_D_0165_resized.csv,0,Not_Fall,nose,0.007896454,-1.2955166,neck,0.14699832,-0.9891367,right_shoulder,-0.33094823,-1.0196909,right_elbow,-0.7276964,-0.7090593,right_wrist,-0.69889843,-0.35287738,left_shoulder,0.62494487,-0.95858264,left_elbow,1.0196985,-0.6749374,left_wrist,0.85433483,-0.3289027,mid_hip,0.0,0.0,right_hip,-0.30944794,-0.03336994,right_knee,-0.55062914,0.41123933,right_ankle,-0.4647698,1.139978,left_hip,0.30944794,0.03336994,left_knee,0.31957567,0.55531055,left_ankle,0.32938716,1.240512,0,0,0
Not_Fall__Not_Fall_Sit_nf_raw_c_1_C_D_0165_resized,176,C:\Users\ASUS\Downloads\3D_Human_Pose_NCKH\paper_baselines\lin2021_yolov8_lstm_gru\data\paper_skeleton_csv\Not_Fall\Not_Fall_Not_Fall_Sit_nf_raw_c_1_C_D_0165_resized.csv,0,Not_Fall,nose,0.02542958,-1.2970468,neck,0.15242918,-0.98831433,right_shoulder,-0.32924706,-1.0206957,right_elbow,-0.7280059,-0.7152512,right_wrist,-0.7000516,-0.3554149,left_shoulder,0.6341056,-0.95593315,left_elbow,1.0355252,-0.69054544,left_wrist,0.86693364,-0.33613443,mid_hip,0.0,0.0,right_hip,-0.31116202,-0.03467999,right_knee,-0.5415262,0.41228953,right_ankle,-0.46573654,1.141371,left_hip,0.31116182,0.03467999,left_knee,0.33449325,0.5710379,left_ankle,0.33535847,1.2503558,0,0,0
Not_Fall__Not_Fall_Sit_nf_raw_c_1_C_D_0165_resized,177,C:\Users\ASUS\Downloads\3D_Human_Pose_NCKH\paper_baselines\lin2021_yolov8_lstm_gru\data\paper_skeleton_csv\Not_Fall\Not_Fall_Not_Fall_Sit_nf_raw_c_1_C_D_0165_resized.csv,0,Not_Fall,nose,0.02162744,-1.2977369,neck,0.15013872,-0.988665,right_shoulder,-0.3284499,-1.0210483,right_elbow,-0.7308722,-0.71417075,right_wrist,-0.70521367,-0.35893673,left_shoulder,0.62872714,-0.9562815,left_elbow,1.0329028,-0.6884584,left_wrist,0.86157864,-0.33472234,mid_hip,0.0,0.0,right_hip,-0.30839247,-0.034792587,right_knee,-0.5322552,0.38080767,right_ankle,-0.4614063,1.1288934,left_hip,0.30839247,0.034792803,left_knee,0.3253287,0.5420929,left_ankle,0.3283591,1.2410374,0,0,0
Not_Fall__Not_Fall_Sit_nf_raw_c_1_C_D_0165_resized,178,C:\Users\ASUS\Downloads\3D_Human_Pose_NCKH\paper_baselines\lin2021_yolov8_lstm_gru\data\paper_skeleton_csv\Not_Fall\Not_Fall_Not_Fall_Sit_nf_raw_c_1_C_D_0165_resized.csv,0,Not_Fall,nose,0.021397533,-1.2973028,neck,0.14734668,-0.989085,right_shoulder,-0.33354583,-1.0192122,right_elbow,-0.74100345,-0.71024877,right_wrist,-0.71307886,-0.3566235,left_shoulder,0.6282392,-0.9589576,left_elbow,1.0240312,-0.6972461,left_wrist,0.860783,-0.3433993,mid_hip,0.0,0.0,right_hip,-0.311144,-0.033725422,right_knee,-0.5442142,0.39546245,right_ankle,-0.4812194,1.1441344,left_hip,0.311144,0.033725422,left_knee,0.33222464,0.55523014,left_ankle,0.33632275,1.2646792,0,0,0
Not_Fall__Not_Fall_Sit_nf_raw_c_1_C_D_0165_resized,179,C:\Users\ASUS\Downloads\3D_Human_Pose_NCKH\paper_baselines\lin2021_yolov8_lstm_gru\data\paper_skeleton_csv\Not_Fall\Not_Fall_Not_Fall_Sit_nf_raw_c_1_C_D_0165_resized.csv,0,Not_Fall,nose,0.04404012,-1.2842277,neck,0.15946037,-0.9872043,right_shoulder,-0.33617654,-1.0170772,right_elbow,-0.7527507,-0.69423056,right_wrist,-0.72047657,-0.3229136,left_shoulder,0.6550973,-0.9573315,left_elbow,1.0553001,-0.69018877,left_wrist,0.88313836,-0.3130894,mid_hip,0.0,0.0,right_hip,-0.32150254,-0.033963524,right_knee,-0.5708674,0.4303329,right_ankle,-0.5032391,1.1796018,left_hip,0.32150277,0.033963524,left_knee,0.3613631,0.5911075,left_ankle,0.3753151,1.3051524,0,0,0
Not_Fall__Not_Fall_Sit_nf_raw_c_1_C_D_0165_resized,180,C:\Users\ASUS\Downloads\3D_Human_Pose_NCKH\paper_baselines\lin2021_yolov8_lstm_gru\data\paper_skeleton_csv\Not_Fall\Not_Fall_Not_Fall_Sit_nf_raw_c_1_C_D_0165_resized.csv,0,Not_Fall,nose,0.049833678,-1.2885991,neck,0.15485795,-0.98793674,right_shoulder,-0.3383049,-1.0156306,right_elbow,-0.7563928,-0.7003413,right_wrist,-0.721136,-0.32096246,left_shoulder,0.64802104,-0.9602428,left_elbow,1.0643419,-0.687048,left_wrist,0.8882456,-0.3130912,mid_hip,0.0,0.0,right_hip,-0.31963158,-0.029685615,right_knee,-0.57565486,0.45806202,right_ankle,-0.5054802,1.2023433,left_hip,0.31963158,0.02968584,left_knee,0.34859356,0.57256263,left_ankle,0.3841353,1.276051,0,0,0
Not_Fall__Not_Fall_Sit_nf_raw_c_1_C_D_0165_resized,181,C:\Users\ASUS\Downloads\3D_Human_Pose_NCKH\paper_baselines\lin2021_yolov8_lstm_gru\data\paper_skeleton_csv\Not_Fall\Not_Fall_Not_Fall_Sit_nf_raw_c_1_C_D_0165_resized.csv,0,Not_Fall,nose,0.05248791,-1.2892545,neck,0.14495757,-0.98943794,right_shoulder,-0.34488404,-1.0160949,right_elbow,-0.76674217,-0.69888246,right_wrist,-0.7268534,-0.32041842,left_shoulder,0.6347994,-0.962781,left_elbow,1.0481746,-0.70318174,left_wrist,0.8783288,-0.3092551,mid_hip,0.0,0.0,right_hip,-0.31774992,-0.029679198,right_knee,-0.5829467,0.44900933,right_ankle,-0.5177824,1.1930974,left_hip,0.3177497,0.029679198,left_knee,0.33749023,0.57733667,left_ankle,0.38476956,1.2792137,0,0,0
Not_Fall__Not_Fall_Sit_nf_raw_c_1_C_D_0165_resized,182,C:\Users\ASUS\Downloads\3D_Human_Pose_NCKH\paper_baselines\lin2021_yolov8_lstm_gru\data\paper_skeleton_csv\Not_Fall\Not_Fall_Not_Fall_Sit_nf_raw_c_1_C_D_0165_resized.csv,0,Not_Fall,nose,0.049592976,-1.2897196,neck,0.14387935,-0.9895953,right_shoulder,-0.34657696,-1.0158591,right_elbow,-0.7706534,-0.69806063,right_wrist,-0.7320871,-0.3183407,left_shoulder,0.6343357,-0.9633315,left_elbow,1.049503,-0.7040169,left_wrist,0.88011575,-0.3092093,mid_hip,0.0,0.0,right_hip,-0.31767046,-0.02948992,right_knee,-0.5840059,0.4442454,right_ankle,-0.5195887,1.2003392,left_hip,0.31767067,0.029490147,left_knee,0.33343917,0.57097334,left_ankle,0.38175488,1.2820643,0,0,0
Not_Fall__Not_Fall_Sit_nf_raw_c_1_C_D_0165_resized,183,C:\Users\ASUS\Downloads\3D_Human_Pose_NCKH\paper_baselines\lin2021_yolov8_lstm_gru\data\paper_skeleton_csv\Not_Fall\Not_Fall_Not_Fall_Sit_nf_raw_c_1_C_D_0165_resized.csv,0,Not_Fall,nose,0.04949467,-1.2811226,neck,0.14492695,-0.98944235,right_shoulder,-0.33630812,-1.0206981,right_elbow,-0.74852747,-0.7064042,right_wrist,-0.71221155,-0.3415649,left_shoulder,0.6261618,-0.9581867,left_elbow,0.9889444,-0.6916815,left_wrist,0.8466867,-0.34760225,mid_hip,0.0,0.0,right_hip,-0.31365597,-0.031007284,right_knee,-0.5637542,0.43621907,right_ankle,-0.50871027,1.1257976,left_hip,0.31365576,0.031007063,left_knee,0.35538575,0.5694984,left_ankle,0.36665025,1.2133255,0,0,0
Not_Fall__Not_Fall_Sit_nf_raw_c_1_C_D_0165_resized,184,C:\Users\ASUS\Downloads\3D_Human_Pose_NCKH\paper_baselines\lin2021_yolov8_lstm_gru\data\paper_skeleton_csv\Not_Fall\Not_Fall_Not_Fall_Sit_nf_raw_c_1_C_D_0165_resized.csv,0,Not_Fall,nose,0.049740355,-1.2805662,neck,0.14536132,-0.9893786,right_shoulder,-0.33465847,-1.0210186,right_elbow,-0.74698967,-0.7054314,right_wrist,-0.70975816,-0.33844507,left_shoulder,0.6253811,-0.9577386,left_elbow,0.99040633,-0.6973866,left_wrist,0.8474068,-0.3479281,mid_hip,0.0,0.0,right_hip,-0.3126795,-0.032105777,right_knee,-0.5605763,0.42682526,right_ankle,-0.507235,1.1201873,left_hip,0.3126795,0.032105558,left_knee,0.35552892,0.5739621,left_ankle,0.36807123,1.2224329,0,0,0
Not_Fall__Not_Fall_Sit_nf_raw_c_1_C_D_0165_resized,185,C:\Users\ASUS\Downloads\3D_Human_Pose_NCKH\paper_baselines\lin2021_yolov8_lstm_gru\data\paper_skeleton_csv\Not_Fall\Not_Fall_Not_Fall_Sit_nf_raw_c_1_C_D_0165_resized.csv,0,Not_Fall,nose,0.022404484,-1.288348,neck,0.11842703,-0.9929627,right_shoulder,-0.37382674,-1.022589,right_elbow,-0.7935317,-0.70233834,right_wrist,-0.7462036,-0.33587265,left_shoulder,0.6106808,-0.9633365,left_elbow,0.98361766,-0.6834859,left_wrist,0.8403116,-0.34901163,mid_hip,0.0,0.0,right_hip,-0.32188988,-0.028815193,right_knee,-0.60693705,0.4490397,right_ankle,-0.5541765,1.1601396,left_hip,0.32188988,0.028815193,left_knee,0.3563364,0.59470445,left_ankle,0.36806318,1.2439013,0,0,0
Not_Fall__Not_Fall_Sit_nf_raw_c_1_C_D_0165_resized,186,C:\Users\ASUS\Downloads\3D_Human_Pose_NCKH\paper_baselines\lin2021_yolov8_lstm_gru\data\paper_skeleton_csv\Not_Fall\Not_Fall_Not_Fall_Sit_nf_raw_c_1_C_D_0165_resized.csv,0,Not_Fall,nose,0.045979865,-1.2854972,neck,0.13051446,-0.9914464,right_shoulder,-0.35287666,-1.0234259,right_elbow,-0.766166,-0.70434254,right_wrist,-0.7202117,-0.34699777,left_shoulder,0.61390585,-0.95946676,left_elbow,0.9863624,-0.69222647,left_wrist,0.8399414,-0.35828307,mid_hip,0.0,0.0,right_hip,-0.31451908,-0.03077021,right_knee,-0.5689446,0.42478022,right_ankle,-0.5202361,1.1254356,left_hip,0.31451884,0.03077021,left_knee,0.3570263,0.56180054,left_ankle,0.3676487,1.212636,0,0,0
Not_Fall__Not_Fall_Sit_nf_raw_c_1_C_D_0165_resized,187,C:\Users\ASUS\Downloads\3D_Human_Pose_NCKH\paper_baselines\lin2021_yolov8_lstm_gru\data\paper_skeleton_csv\Not_Fall\Not_Fall_Not_Fall_Sit_nf_raw_c_1_C_D_0165_resized.csv,0,Not_Fall,nose,0.04337242,-1.2825611,neck,0.11575862,-0.9932774,right_shoulder,-0.37959826,-1.0272076,right_elbow,-0.7859655,-0.6946016,right_wrist,-0.7337115,-0.29926893,left_shoulder,0.6111155,-0.9593472,left_elbow,1.0135809,-0.6885329,left_wrist,0.8500068,-0.3388133,mid_hip,0.0,0.0,right_hip,-0.32557708,-0.032112624,right_knee,-0.61570203,0.4486821,right_ankle,-0.5551143,1.1873691,left_hip,0.32557708,0.032112624,left_knee,0.37943304,0.6285935,left_ankle,0.41222754,1.3010343,0,0,0
Not_Fall__Not_Fall_Sit_nf_raw_c_1_C_D_0165_resized,188,C:\Users\ASUS\Downloads\3D_Human_Pose_NCKH\paper_baselines\lin2021_yolov8_lstm_gru\data\paper_skeleton_csv\Not_Fall\Not_Fall_Not_Fall_Sit_nf_raw_c_1_C_D_0165_resized.csv,0,Not_Fall,nose,0.042205207,-1.281539,neck,0.11448777,-0.9934246,right_shoulder,-0.38090497,-1.0264384,right_elbow,-0.7831362,-0.6963858,right_wrist,-0.7313223,-0.2996027,left_shoulder,0.6098805,-0.9604108,left_elbow,1.0124706,-0.6870499,left_wrist,0.84789145,-0.33996934,mid_hip,0.0,0.0,right_hip,-0.32565898,-0.030472169,right_knee,-0.61564744,0.46059766,right_ankle,-0.55347306,1.1901851,left_hip,0.32565898,0.030472169,left_knee,0.38008913,0.6218289,left_ankle,0.4078137,1.278334,0,0,0
Not_Fall__Not_Fall_Sit_nf_raw_c_1_C_D_0165_resized,189,C:\Users\ASUS\Downloads\3D_Human_Pose_NCKH\paper_baselines\lin2021_yolov8_lstm_gru\data\paper_skeleton_csv\Not_Fall\Not_Fall_Not_Fall_Sit_nf_raw_c_1_C_D_0165_resized.csv,0,Not_Fall,nose,0.06251137,-1.2683609,neck,0.12345958,-0.9923496,right_shoulder,-0.36346918,-1.0258133,right_elbow,-0.7648371,-0.6948408,right_wrist,-0.695219,-0.30457386,left_shoulder,0.61038834,-0.95888597,left_elbow,1.0155474,-0.7026831,left_wrist,0.8274204,-0.3524044,mid_hip,0.0,0.0,right_hip,-0.31665623,-0.030643662,right_knee,-0.56262654,0.44353652,right_ankle,-0.5077411,1.1565454,left_hip,0.31665602,0.030643662,left_knee,0.3705023,0.58586854,left_ankle,0.40520424,1.2240148,0,0,0
Not_Fall__Not_Fall_Sit_nf_raw_c_1_C_D_0165_resized,190,C:\Users\ASUS\Downloads\3D_Human_Pose_NCKH\paper_baselines\lin2021_yolov8_lstm_gru\data\paper_skeleton_csv\Not_Fall\Not_Fall_Not_Fall_Sit_nf_raw_c_1_C_D_0165_resized.csv,0,Not_Fall,nose,0.06382722,-1.2692258,neck,0.12375936,-0.99231225,right_shoulder,-0.36214522,-1.0265706,right_elbow,-0.7630754,-0.69427115,right_wrist,-0.6928696,-0.30157652,left_shoulder,0.6096637,-0.9580538,left_elbow,1.0171356,-0.7045297,left_wrist,0.8321987,-0.35802394,mid_hip,0.0,0.0,right_hip,-0.31567684,-0.031202478,right_knee,-0.5614043,0.4365312,right_ankle,-0.5061765,1.1570432,left_hip,0.31567684,0.031202706,left_knee,0.3673407,0.5836456,left_ankle,0.4055331,1.2262644,0,0,0
Not_Fall__Not_Fall_Sit_nf_raw_c_1_C_D_0165_resized,191,C:\Users\ASUS\Downloads\3D_Human_Pose_NCKH\paper_baselines\lin2021_yolov8_lstm_gru\data\paper_skeleton_csv\Not_Fall\Not_Fall_Not_Fall_Sit_nf_raw_c_1_C_D_0165_resized.csv,0,Not_Fall,nose,0.033595327,-1.2714852,neck,0.09919088,-0.9950685,right_shoulder,-0.39934433,-1.0254279,right_elbow,-0.7906739,-0.6750915,right_wrist,-0.72639185,-0.26597366,left_shoulder,0.59772587,-0.96470886,left_elbow,0.99742585,-0.69777787,left_wrist,0.8361844,-0.3346803,mid_hip,0.0,0.0,right_hip,-0.32813138,-0.027208634,right_knee,-0.59409183,0.47770205,right_ankle,-0.5453537,1.2244935,left_hip,0.32813114,0.027208867,left_knee,0.40844366,0.6336564,left_ankle,0.41822526,1.279256,0,0,0
Not_Fall__Not_Fall_Sit_nf_raw_c_1_C_D_0165_resized,192,C:\Users\ASUS\Downloads\3D_Human_Pose_NCKH\paper_baselines\lin2021_yolov8_lstm_gru\data\paper_skeleton_csv\Not_Fall\Not_Fall_Not_Fall_Sit_nf_raw_c_1_C_D_0165_resized.csv,0,Not_Fall,nose,0.050253905,-1.2685132,neck,0.10640751,-0.99432266,right_shoulder,-0.38497427,-1.024502,right_elbow,-0.7744105,-0.6733379,right_wrist,-0.6935644,-0.2843296,left_shoulder,0.5977893,-0.96414346,left_elbow,0.98926854,-0.70479393,left_wrist,0.8257536,-0.34003386,mid_hip,0.0,0.0,right_hip,-0.32132736,-0.026782129,right_knee,-0.564292,0.46549115,right_ankle,-0.51892966,1.2007753,left_hip,0.32132712,0.0267819,left_knee,0.3977443,0.595335,left_ankle,0.40551093,1.2415562,0,0,0
Not_Fall__Not_Fall_Sit_nf_raw_c_1_C_D_0165_resized,193,C:\Users\ASUS\Downloads\3D_Human_Pose_NCKH\paper_baselines\lin2021_yolov8_lstm_gru\data\paper_skeleton_csv\Not_Fall\Not_Fall_Not_Fall_Sit_nf_raw_c_1_C_D_0165_resized.csv,0,Not_Fall,nose,0.03168869,-1.2623335,neck,0.0887947,-0.99605,right_shoulder,-0.40879446,-1.0267493,right_elbow,-0.7944202,-0.6778093,right_wrist,-0.73037654,-0.27581492,left_shoulder,0.58638364,-0.96535075,left_elbow,0.96675026,-0.6793855,left_wrist,0.81916416,-0.33396712,mid_hip,0.0,0.0,right_hip,-0.3279276,-0.0249692,right_knee,-0.60086787,0.45763397,right_ankle,-0.553506,1.23128,left_hip,0.3279278,0.0249692,left_knee,0.41465724,0.58765036,left_ankle,0.40787256,1.2626442,0,0,0
Not_Fall__Not_Fall_Sit_nf_raw_c_1_C_D_0165_resized,194,C:\Users\ASUS\Downloads\3D_Human_Pose_NCKH\paper_baselines\lin2021_yolov8_lstm_gru\data\paper_skeleton_csv\Not_Fall\Not_Fall_Not_Fall_Sit_nf_raw_c_1_C_D_0165_resized.csv,0,Not_Fall,nose,0.029744877,-1.2630732,neck,0.08730203,-0.99618185,right_shoulder,-0.4101845,-1.0275233,right_elbow,-0.79690874,-0.679514,right_wrist,-0.7343025,-0.2825248,left_shoulder,0.58478856,-0.9648406,left_elbow,0.9642181,-0.68059075,left_wrist,0.8169055,-0.3343526,mid_hip,0.0,0.0,right_hip,-0.32758334,-0.026002761,right_knee,-0.5990772,0.44529107,right_ankle,-0.5514089,1.225835,left_hip,0.32758334,0.026002761,left_knee,0.4136322,0.5870203,left_ankle,0.40423727,1.272288,0,0,0
Not_Fall__Not_Fall_Sit_nf_raw_c_1_C_D_0165_resized,195,C:\Users\ASUS\Downloads\3D_Human_Pose_NCKH\paper_baselines\lin2021_yolov8_lstm_gru\data\paper_skeleton_csv\Not_Fall\Not_Fall_Not_Fall_Sit_nf_raw_c_1_C_D_0165_resized.csv,0,Not_Fall,nose,0.051947586,-1.246631,neck,0.08015612,-0.99678236,right_shoulder,-0.39889577,-1.0295662,right_elbow,-0.770143,-0.6810608,right_wrist,-0.68888575,-0.30236223,left_shoulder,0.5592083,-0.96399873,left_elbow,0.9411026,-0.6977428,left_wrist,0.7862836,-0.3424035,mid_hip,0.0,0.0,right_hip,-0.3123706,-0.026249675,right_knee,-0.54930174,0.41980082,right_ankle,-0.50929123,1.1764058,left_hip,0.31237036,0.026249675,left_knee,0.39792442,0.55301726,left_ankle,0.41409677,1.2143186,0,0,0
Not_Fall__Not_Fall_Sit_nf_raw_c_1_C_D_0165_resized,196,C:\Users\ASUS\Downloads\3D_Human_Pose_NCKH\paper_baselines\lin2021_yolov8_lstm_gru\data\paper_skeleton_csv\Not_Fall\Not_Fall_Not_Fall_Sit_nf_raw_c_1_C_D_0165_resized.csv,0,Not_Fall,nose,0.051153753,-1.2473893,neck,0.08176802,-0.9966514,right_shoulder,-0.39790684,-1.0304985,right_elbow,-0.7690519,-0.67899436,right_wrist,-0.6900687,-0.29871222,left_shoulder,0.56144285,-0.96280426,left_elbow,0.9431535,-0.7019265,left_wrist,0.787773,-0.34447193,mid_hip,0.0,0.0,right_hip,-0.312763,-0.028539943,right_knee,-0.54672784,0.39873925,right_ankle,-0.50874114,1.1611432,left_hip,0.312763,0.028539943,left_knee,0.40356982,0.5568593,left_ankle,0.41089854,1.2292392,0,0,0
Not_Fall__Not_Fall_Sit_nf_raw_c_1_C_D_0165_resized,197,C:\Users\ASUS\Downloads\3D_Human_Pose_NCKH\paper_baselines\lin2021_yolov8_lstm_gru\data\paper_skeleton_csv\Not_Fall\Not_Fall_Not_Fall_Sit_nf_raw_c_1_C_D_0165_resized.csv,0,Not_Fall,nose,0.07165632,-1.2401937,neck,0.06543359,-0.9978569,right_shoulder,-0.40581998,-1.0296377,right_elbow,-0.7444854,-0.6652955,right_wrist,-0.6645124,-0.29889143,left_shoulder,0.5366872,-0.9660762,left_elbow,0.9076274,-0.73700154,left_wrist,0.7710706,-0.35022217,mid_hip,0.0,0.0,right_hip,-0.31019974,-0.02541114,right_knee,-0.5234447,0.43998525,right_ankle,-0.45574474,1.1451354,left_hip,0.31019974,0.02541091,left_knee,0.42290285,0.5693369,left_ankle,0.42959377,1.1754445,0,0,0
Not_Fall__Not_Fall_Sit_nf_raw_c_1_C_D_0165_resized,198,C:\Users\ASUS\Downloads\3D_Human_Pose_NCKH\paper_baselines\lin2021_yolov8_lstm_gru\data\paper_skeleton_csv\Not_Fall\Not_Fall_Not_Fall_Sit_nf_raw_c_1_C_D_0165_resized.csv,0,Not_Fall,nose,0.07006972,-1.2402813,neck,0.065198064,-0.9978723,right_shoulder,-0.4042318,-1.0295509,right_elbow,-0.7417673,-0.6668967,right_wrist,-0.6627831,-0.3026121,left_shoulder,0.53462815,-0.9661937,left_elbow,0.90609896,-0.7377895,left_wrist,0.7699923,-0.35430193,mid_hip,0.0,0.0,right_hip,-0.30907503,-0.025114808,right_knee,-0.52267945,0.4390766,right_ankle,-0.4558233,1.1448873,left_hip,0.30907503,0.025115037,left_knee,0.41852108,0.5645889,left_ankle,0.42720905,1.1685255,0,0,0
Not_Fall__Not_Fall_Sit_nf_raw_c_1_C_D_0165_resized,199,C:\Users\ASUS\Downloads\3D_Human_Pose_NCKH\paper_baselines\lin2021_yolov8_lstm_gru\data\paper_skeleton_csv\Not_Fall\Not_Fall_Not_Fall_Sit_nf_raw_c_1_C_D_0165_resized.csv,0,Not_Fall,nose,0.06349163,-1.2265683,neck,0.048092168,-0.99884284,right_shoulder,-0.4210426,-1.0308411,right_elbow,-0.74572396,-0.6604065,right_wrist,-0.6575074,-0.27802354,left_shoulder,0.5172272,-0.9668445,left_elbow,0.89482373,-0.7213674,left_wrist,0.74229497,-0.3357965,mid_hip,0.0,0.0,right_hip,-0.30842957,-0.022601277,right_knee,-0.5218565,0.42934823,right_ankle,-0.43464613,1.1727054,left_hip,0.30842933,0.022601046,left_knee,0.41523248,0.5315046,left_ankle,0.43606803,1.1611503,0,0,0
Not_Fall__Not_Fall_Sit_nf_raw_c_1_C_D_0165_resized,200,C:\Users\ASUS\Downloads\3D_Human_Pose_NCKH\paper_baselines\lin2021_yolov8_lstm_gru\data\paper_skeleton_csv\Not_Fall\Not_Fall_Not_Fall_Sit_nf_raw_c_1_C_D_0165_resized.csv,0,Not_Fall,nose,0.062525526,-1.2258179,neck,0.045633752,-0.99895823,right_shoulder,-0.42365554,-1.0301212,right_elbow,-0.74732345,-0.6586258,right_wrist,-0.6601155,-0.27716225,left_shoulder,0.51492304,-0.9677952,left_elbow,0.8911075,-0.7231371,left_wrist,0.7403298,-0.3374941,mid_hip,0.0,0.0,right_hip,-0.3088583,-0.02198748,right_knee,-0.53009313,0.4424611,right_ankle,-0.4367584,1.1765971,left_hip,0.3088583,0.02198748,left_knee,0.41276178,0.54053515,left_ankle,0.43689525,1.1591504,0,0,0
Not_Fall__Not_Fall_Sit_nf_raw_c_1_C_D_0165_resized,201,C:\Users\ASUS\Downloads\3D_Human_Pose_NCKH\paper_baselines\lin2021_yolov8_lstm_gru\data\paper_skeleton_csv\Not_Fall\Not_Fall_Not_Fall_Sit_nf_raw_c_1_C_D_0165_resized.csv,0,Not_Fall,nose,0.06137287,-1.2242336,neck,0.033566214,-0.9994365,right_shoulder,-0.43798655,-1.0296777,right_elbow,-0.7561437,-0.6653059,right_wrist,-0.66284364,-0.294757,left_shoulder,0.5051192,-0.96919525,left_elbow,0.896514,-0.7271746,left_wrist,0.7358665,-0.33886585,mid_hip,0.0,0.0,right_hip,-0.30829483,-0.01980454,right_knee,-0.5093758,0.4234416,right_ankle,-0.41844535,1.1870567,left_hip,0.30829483,0.01980454,left_knee,0.41313678,0.50857884,left_ankle,0.44122094,1.1543607,0,0,0
Not_Fall__Not_Fall_Sit_nf_raw_c_1_C_D_0165_resized,202,C:\Users\ASUS\Downloads\3D_Human_Pose_NCKH\paper_baselines\lin2021_yolov8_lstm_gru\data\paper_skeleton_csv\Not_Fall\Not_Fall_Not_Fall_Sit_nf_raw_c_1_C_D_0165_resized.csv,0,Not_Fall,nose,0.059777733,-1.2242184,neck,0.034066666,-0.9994195,right_shoulder,-0.43843052,-1.0304945,right_elbow,-0.75583535,-0.66424865,right_wrist,-0.6626659,-0.29349554,left_shoulder,0.50656384,-0.96834445,left_elbow,0.89649314,-0.7255639,left_wrist,0.73517334,-0.33700046,mid_hip,0.0,0.0,right_hip,-0.30878207,-0.020522386,right_knee,-0.50666606,0.3946856,right_ankle,-0.41570285,1.1783539,left_hip,0.3087823,0.020522153,left_knee,0.41973242,0.4864039,left_ankle,0.44128728,1.1521127,0,0,0
Not_Fall__Not_Fall_Sit_nf_raw_c_1_C_D_0165_resized,203,C:\Users\ASUS\Downloads\3D_Human_Pose_NCKH\paper_baselines\lin2021_yolov8_lstm_gru\data\paper_skeleton_csv\Not_Fall\Not_Fall_Not_Fall_Sit_nf_raw_c_1_C_D_0165_resized.csv,0,Not_Fall,nose,0.05745405,-1.2159586,neck,0.025086928,-0.9996853,right_shoulder,-0.44075468,-1.030313,right_elbow,-0.7598401,-0.6655972,right_wrist,-0.6518745,-0.28618968,left_shoulder,0.49092844,-0.9690575,left_elbow,0.86808264,-0.73424333,left_wrist,0.7121835,-0.34561118,mid_hip,0.0,0.0,right_hip,-0.30472782,-0.020125888,right_knee,-0.48127002,0.41783875,right_ankle,-0.39705765,1.1695119,left_hip,0.30472806,0.020125888,left_knee,0.43711412,0.5240001,left_ankle,0.44896033,1.170443,0,0,0
Not_Fall__Not_Fall_Sit_nf_raw_c_1_C_D_0165_resized,204,C:\Users\ASUS\Downloads\3D_Human_Pose_NCKH\paper_baselines\lin2021_yolov8_lstm_gru\data\paper_skeleton_csv\Not_Fall\Not_Fall_Not_Fall_Sit_nf_raw_c_1_C_D_0165_resized.csv,0,Not_Fall,nose,0.05380341,-1.2214354,neck,0.023539389,-0.9997229,right_shoulder,-0.4465159,-1.0282618,right_elbow,-0.7682777,-0.6612463,right_wrist,-0.662212,-0.2758586,left_shoulder,0.49359444,-0.9711841,left_elbow,0.878063,-0.72122556,left_wrist,0.7122176,-0.3182464,mid_hip,0.0,0.0,right_hip,-0.30740833,-0.017633688,right_knee,-0.48883724,0.43222052,right_ankle,-0.40923715,1.2090144,left_hip,0.30740833,0.017633453,left_knee,0.43290707,0.5102679,left_ankle,0.45308098,1.1760335,0,0,0
Not_Fall__Not_Fall_Sit_nf_raw_c_1_C_D_0165_resized,205,C:\Users\ASUS\Downloads\3D_Human_Pose_NCKH\paper_baselines\lin2021_yolov8_lstm_gru\data\paper_skeleton_csv\Not_Fall\Not_Fall_Not_Fall_Sit_nf_raw_c_1_C_D_0165_resized.csv,0,Not_Fall,nose,0.038973853,-1.2144943,neck,0.015207913,-0.9998844,right_shoulder,-0.45140558,-1.0281683,right_elbow,-0.7858863,-0.6670433,right_wrist,-0.66959876,-0.27205983,left_shoulder,0.4818215,-0.9716005,left_elbow,0.8675651,-0.7295599,left_wrist,0.7084252,-0.33405071,mid_hip,0.0,0.0,right_hip,-0.30468607,-0.017395034,right_knee,-0.48162377,0.4662873,right_ankle,-0.40381166,1.2126682,left_hip,0.30468607,0.017395034,left_knee,0.42423666,0.5507945,left_ankle,0.46101657,1.1857857,0,0,0
Not_Fall__Not_Fall_Sit_nf_raw_c_1_C_D_0165_resized,206,C:\Users\ASUS\Downloads\3D_Human_Pose_NCKH\paper_baselines\lin2021_yolov8_lstm_gru\data\paper_skeleton_csv\Not_Fall\Not_Fall_Not_Fall_Sit_nf_raw_c_1_C_D_0165_resized.csv,0,Not_Fall,nose,0.039685924,-1.2134309,neck,0.016609449,-0.9998621,right_shoulder,-0.44977728,-1.0284514,right_elbow,-0.78223604,-0.6674053,right_wrist,-0.6664889,-0.2734216,left_shoulder,0.48299608,-0.9712726,left_elbow,0.86795,-0.72884876,left_wrist,0.70835567,-0.33737582,mid_hip,0.0,0.0,right_hip,-0.30450094,-0.017340017,right_knee,-0.478083,0.45975345,right_ankle,-0.4003281,1.2098749,left_hip,0.30450118,0.017339783,left_knee,0.42918426,0.5424748,left_ankle,0.46001783,1.1795413,0,0,0
Not_Fall__Not_Fall_Sit_nf_raw_c_1_C_D_0165_resized,207,C:\Users\ASUS\Downloads\3D_Human_Pose_NCKH\paper_baselines\lin2021_yolov8_lstm_gru\data\paper_skeleton_csv\Not_Fall\Not_Fall_Not_Fall_Sit_nf_raw_c_1_C_D_0165_resized.csv,0,Not_Fall,nose,0.04106741,-1.2077383,neck,0.0062294817,-0.99998057,right_shoulder,-0.4668856,-1.0232328,right_elbow,-0.8051138,-0.6685333,right_wrist,-0.6767458,-0.27235723,left_shoulder,0.47934446,-0.9767283,left_elbow,0.85926753,-0.75169426,left_wrist,0.7149837,-0.34581724,mid_hip,0.0,0.0,right_hip,-0.30866712,-0.013878761,right_knee,-0.4755609,0.47941306,right_ankle,-0.4020748,1.2303841,left_hip,0.30866712,0.013878999,left_knee,0.44618097,0.5521784,left_ankle,0.4689973,1.202827,0,0,0
Not_Fall__Not_Fall_Sit_nf_raw_c_1_C_D_0165_resized,208,C:\Users\ASUS\Downloads\3D_Human_Pose_NCKH\paper_baselines\lin2021_yolov8_lstm_gru\data\paper_skeleton_csv\Not_Fall\Not_Fall_Not_Fall_Sit_nf_raw_c_1_C_D_0165_resized.csv,0,Not_Fall,nose,0.041914422,-1.2073927,neck,0.0071376287,-0.9999745,right_shoulder,-0.46630272,-1.0225585,right_elbow,-0.8025203,-0.6680207,right_wrist,-0.67659944,-0.27530047,left_shoulder,0.48057786,-0.9773905,left_elbow,0.8626924,-0.75119,left_wrist,0.71249443,-0.34307185,mid_hip,0.0,0.0,right_hip,-0.3085654,-0.013565901,right_knee,-0.47514263,0.4847442,right_ankle,-0.39899904,1.2310255,left_hip,0.30856517,0.013566139,left_knee,0.44371182,0.5539834,left_ankle,0.46687093,1.1979408,0,0,0
Not_Fall__Not_Fall_Sit_nf_raw_c_1_C_D_0165_resized,209,C:\Users\ASUS\Downloads\3D_Human_Pose_NCKH\paper_baselines\lin2021_yolov8_lstm_gru\data\paper_skeleton_csv\Not_Fall\Not_Fall_Not_Fall_Sit_nf_raw_c_1_C_D_0165_resized.csv,0,Not_Fall,nose,0.022251228,-1.1935744,neck,-0.01829385,-0.9998327,right_shoulder,-0.4835049,-1.0197891,right_elbow,-0.80879337,-0.6721645,right_wrist,-0.6724053,-0.2848063,left_shoulder,0.44691706,-0.97987616,left_elbow,0.828684,-0.7498821,left_wrist,0.678846,-0.34145907,mid_hip,0.0,0.0,right_hip,-0.30272502,-0.010038389,right_knee,-0.45946056,0.4967833,right_ankle,-0.41074455,1.2082722,left_hip,0.30272502,0.010038389,left_knee,0.4329543,0.5446097,left_ankle,0.4565747,1.1493154,0,0,0
Not_Fall__Not_Fall_Sit_nf_raw_c_1_C_D_0165_resized,210,C:\Users\ASUS\Downloads\3D_Human_Pose_NCKH\paper_baselines\lin2021_yolov8_lstm_gru\data\paper_skeleton_csv\Not_Fall\Not_Fall_Not_Fall_Sit_nf_raw_c_1_C_D_0165_resized.csv,0,Not_Fall,nose,0.024654157,-1.194973,neck,-0.01597479,-0.9998724,right_shoulder,-0.48168635,-1.0187738,right_elbow,-0.8095717,-0.6715555,right_wrist,-0.67349666,-0.28122428,left_shoulder,0.44973677,-0.9809711,left_elbow,0.8315961,-0.74979395,left_wrist,0.6842652,-0.34379962,mid_hip,0.0,0.0,right_hip,-0.30279356,-0.009586189,right_knee,-0.45963657,0.5087111,right_ankle,-0.41213614,1.2126021,left_hip,0.30279356,0.009586189,left_knee,0.42905486,0.5520298,left_ankle,0.45652902,1.1539364,0,0,0
Not_Fall__Not_Fall_Sit_nf_raw_c_1_C_D_0165_resized,211,C:\Users\ASUS\Downloads\3D_Human_Pose_NCKH\paper_baselines\lin2021_yolov8_lstm_gru\data\paper_skeleton_csv\Not_Fall\Not_Fall_Not_Fall_Sit_nf_raw_c_1_C_D_0165_resized.csv,0,Not_Fall,nose,-0.010069538,-1.1899023,neck,-0.042041767,-0.9991159,right_shoulder,-0.5170387,-1.0140537,right_elbow,-0.8294229,-0.68039966,right_wrist,-0.72406846,-0.2820358,left_shoulder,0.4329553,-0.98417807,left_elbow,0.81479686,-0.72303563,left_wrist,0.6519982,-0.32057607,mid_hip,0.0,0.0,right_hip,-0.31304142,-0.0059597557,right_knee,-0.5026103,0.5108465,right_ankle,-0.4116943,1.2455229,left_hip,0.31304142,0.0059599946,left_knee,0.42665774,0.57256097,left_ankle,0.4513596,1.2148896,0,0,0
Not_Fall__Not_Fall_Sit_nf_raw_c_1_C_D_0165_resized,212,C:\Users\ASUS\Downloads\3D_Human_Pose_NCKH\paper_baselines\lin2021_yolov8_lstm_gru\data\paper_skeleton_csv\Not_Fall\Not_Fall_Not_Fall_Sit_nf_raw_c_1_C_D_0165_resized.csv,0,Not_Fall,nose,0.028048433,-1.185134,neck,-0.021525487,-0.99976826,right_shoulder,-0.48823485,-1.0173374,right_elbow,-0.8132618,-0.6830083,right_wrist,-0.6716871,-0.29623216,left_shoulder,0.44518387,-0.9821992,left_elbow,0.8253045,-0.7586961,left_wrist,0.67441076,-0.33613947,mid_hip,0.0,0.0,right_hip,-0.30300277,-0.009504426,right_knee,-0.46678302,0.48088962,right_ankle,-0.4063536,1.1903112,left_hip,0.30300254,0.009504426,left_knee,0.43246,0.5305006,left_ankle,0.460893,1.1572025,0,0,0
Not_Fall__Not_Fall_Sit_nf_raw_c_1_C_D_0165_resized,213,C:\Users\ASUS\Downloads\3D_Human_Pose_NCKH\paper_baselines\lin2021_yolov8_lstm_gru\data\paper_skeleton_csv\Not_Fall\Not_Fall_Not_Fall_Sit_nf_raw_c_1_C_D_0165_resized.csv,0,Not_Fall,nose,-0.01844685,-1.1808149,neck,-0.05039065,-0.99872965,right_shoulder,-0.5254517,-1.0121963,right_elbow,-0.8369492,-0.6778703,right_wrist,-0.73040724,-0.3003144,left_shoulder,0.4246703,-0.9852631,left_elbow,0.80022764,-0.72349244,left_wrist,0.6293556,-0.3201793,mid_hip,0.0,0.0,right_hip,-0.31422806,-0.006566705,right_knee,-0.5141071,0.500462,right_ankle,-0.4108091,1.2123839,left_hip,0.31422782,0.006566705,left_knee,0.428621,0.57725555,left_ankle,0.462969,1.2142057,0,0,0
Not_Fall__Not_Fall_Sit_nf_raw_c_1_C_D_0165_resized,214,C:\Users\ASUS\Downloads\3D_Human_Pose_NCKH\paper_baselines\lin2021_yolov8_lstm_gru\data\paper_skeleton_csv\Not_Fall\Not_Fall_Not_Fall_Sit_nf_raw_c_1_C_D_0165_resized.csv,0,Not_Fall,nose,-0.019157713,-1.1813831,neck,-0.0532613,-0.9985806,right_shoulder,-0.5270154,-1.0130675,right_elbow,-0.83752894,-0.6777068,right_wrist,-0.7310639,-0.2974945,left_shoulder,0.42049268,-0.9840939,left_elbow,0.8012572,-0.72347033,left_wrist,0.6292205,-0.31919315,mid_hip,0.0,0.0,right_hip,-0.3134212,-0.006963394,right_knee,-0.51537734,0.50544214,right_ankle,-0.41170815,1.221666,left_hip,0.3134212,0.006963156,left_knee,0.42372918,0.58535606,left_ankle,0.46410534,1.221583,0,0,0
Not_Fall__Not_Fall_Sit_nf_raw_c_1_C_D_0165_resized,215,C:\Users\ASUS\Downloads\3D_Human_Pose_NCKH\paper_baselines\lin2021_yolov8_lstm_gru\data\paper_skeleton_csv\Not_Fall\Not_Fall_Not_Fall_Sit_nf_raw_c_1_C_D_0165_resized.csv,0,Not_Fall,nose,-0.017100194,-1.1680189,neck,-0.06005744,-0.9981949,right_shoulder,-0.5283456,-1.0105104,right_elbow,-0.8527247,-0.69585764,right_wrist,-0.7322052,-0.31972468,left_shoulder,0.40823045,-0.98587936,left_elbow,0.81213224,-0.74570847,left_wrist,0.6233635,-0.31724715,mid_hip,0.0,0.0,right_hip,-0.3025714,-0.009111089,right_knee,-0.4787964,0.4976435,right_ankle,-0.4067128,1.2175364,left_hip,0.30257115,0.009111327,left_knee,0.40537468,0.59275454,left_ankle,0.4339254,1.2403189,0,0,0
Not_Fall__Not_Fall_Sit_nf_raw_c_1_C_D_0165_resized,216,C:\Users\ASUS\Downloads\3D_Human_Pose_NCKH\paper_baselines\lin2021_yolov8_lstm_gru\data\paper_skeleton_csv\Not_Fall\Not_Fall_Not_Fall_Sit_nf_raw_c_1_C_D_0165_resized.csv,0,Not_Fall,nose,-0.011394083,-1.168698,neck,-0.045442704,-0.99896693,right_shoulder,-0.51498425,-1.0094628,right_elbow,-0.8486555,-0.69711685,right_wrist,-0.72853583,-0.32599914,left_shoulder,0.42409873,-0.98847115,left_elbow,0.82131386,-0.7454805,left_wrist,0.63090384,-0.3116982,mid_hip,0.0,0.0,right_hip,-0.30341214,-0.008701977,right_knee,-0.46633488,0.51644593,right_ankle,-0.40108937,1.2212225,left_hip,0.30341214,0.008701739,left_knee,0.41958287,0.6073392,left_ankle,0.44744456,1.2487311,0,0,0
Not_Fall__Not_Fall_Sit_nf_raw_c_1_C_D_0165_resized,217,C:\Users\ASUS\Downloads\3D_Human_Pose_NCKH\paper_baselines\lin2021_yolov8_lstm_gru\data\paper_skeleton_csv\Not_Fall\Not_Fall_Not_Fall_Sit_nf_raw_c_1_C_D_0165_resized.csv,0,Not_Fall,nose,-0.01643862,-1.1632649,neck,-0.050536938,-0.99872226,right_shoulder,-0.5272279,-1.0069926,right_elbow,-0.8638987,-0.68936694,right_wrist,-0.7435792,-0.3170092,left_shoulder,0.42615402,-0.9904519,left_elbow,0.82934874,-0.7386617,left_wrist,0.6520143,-0.3056599,mid_hip,0.0,0.0,right_hip,-0.30755505,-0.003987548,right_knee,-0.46176666,0.5151259,right_ankle,-0.4051932,1.2741587,left_hip,0.30755478,0.003987548,left_knee,0.43935686,0.56343,left_ankle,0.44842234,1.2401441,0,0,0
Not_Fall__Not_Fall_Sit_nf_raw_c_1_C_D_0165_resized,218,C:\Users\ASUS\Downloads\3D_Human_Pose_NCKH\paper_baselines\lin2021_yolov8_lstm_gru\data\paper_skeleton_csv\Not_Fall\Not_Fall_Not_Fall_Sit_nf_raw_c_1_C_D_0165_resized.csv,0,Not_Fall,nose,-0.01536769,-1.1649722,neck,-0.049301255,-0.99878395,right_shoulder,-0.5251484,-1.006574,right_elbow,-0.861322,-0.6913564,right_wrist,-0.7428951,-0.31817335,left_shoulder,0.4265459,-0.99099374,left_elbow,0.82777786,-0.7372895,left_wrist,0.6492523,-0.30550048,mid_hip,0.0,0.0,right_hip,-0.307029,-0.0033006542,right_knee,-0.46236444,0.51398546,right_ankle,-0.4049829,1.2730342,left_hip,0.307029,0.003300896,left_knee,0.43988818,0.55311793,left_ankle,0.44856492,1.230101,0,0,0
Not_Fall__Not_Fall_Sit_nf_raw_c_1_C_D_0165_resized,219,C:\Users\ASUS\Downloads\3D_Human_Pose_NCKH\paper_baselines\lin2021_yolov8_lstm_gru\data\paper_skeleton_csv\Not_Fall\Not_Fall_Not_Fall_Sit_nf_raw_c_1_C_D_0165_resized.csv,0,Not_Fall,nose,-0.019836186,-1.1653726,neck,-0.060970847,-0.99813956,right_shoulder,-0.5409409,-1.0077735,right_elbow,-0.87659,-0.69255114,right_wrist,-0.7492477,-0.30796835,left_shoulder,0.41899893,-0.9885058,left_elbow,0.8445267,-0.7442136,left_wrist,0.6583142,-0.30775532,mid_hip,0.0,0.0,right_hip,-0.30977368,-0.0032842793,right_knee,-0.46468794,0.5020493,right_ankle,-0.40278322,1.308335,left_hip,0.30977368,0.0032842793,left_knee,0.45383558,0.5462773,left_ankle,0.45595092,1.260398,0,0,0
Not_Fall__Not_Fall_Sit_nf_raw_c_1_C_D_0165_resized,220,C:\Users\ASUS\Downloads\3D_Human_Pose_NCKH\paper_baselines\lin2021_yolov8_lstm_gru\data\paper_skeleton_csv\Not_Fall\Not_Fall_Not_Fall_Sit_nf_raw_c_1_C_D_0165_resized.csv,0,Not_Fall,nose,-0.02095478,-1.1655415,neck,-0.0626674,-0.9980344,right_shoulder,-0.5415678,-1.007987,right_elbow,-0.8757488,-0.69528294,right_wrist,-0.74599713,-0.3123855,left_shoulder,0.41623276,-0.9880819,left_elbow,0.8415651,-0.74443537,left_wrist,0.6552658,-0.31279376,mid_hip,0.0,0.0,right_hip,-0.30936867,-0.0036398638,right_knee,-0.46704823,0.50341576,right_ankle,-0.40303165,1.2996068,left_hip,0.30936867,0.0036398638,left_knee,0.45153493,0.5504562,left_ankle,0.45593742,1.2585553,0,0,0
Not_Fall__Not_Fall_Sit_nf_raw_c_1_C_D_0165_resized,221,C:\Users\ASUS\Downloads\3D_Human_Pose_NCKH\paper_baselines\lin2021_yolov8_lstm_gru\data\paper_skeleton_csv\Not_Fall\Not_Fall_Not_Fall_Sit_nf_raw_c_1_C_D_0165_resized.csv,0,Not_Fall,nose,-0.04850699,-1.1658409,neck,-0.069156356,-0.9976058,right_shoulder,-0.5554786,-1.0074981,right_elbow,-0.8783243,-0.6911007,right_wrist,-0.7675877,-0.3000252,left_shoulder,0.41716585,-0.98771363,left_elbow,0.81145316,-0.73556095,left_wrist,0.656318,-0.3307865,mid_hip,0.0,0.0,right_hip,-0.32320538,-0.0020296325,right_knee,-0.5019015,0.5335896,right_ankle,-0.4273958,1.2956142,left_hip,0.32320538,0.0020296325,left_knee,0.48288578,0.57994676,left_ankle,0.4930462,1.2631717,0,0,0
Not_Fall__Not_Fall_Sit_nf_raw_c_1_C_D_0165_resized,222,C:\Users\ASUS\Downloads\3D_Human_Pose_NCKH\paper_baselines\lin2021_yolov8_lstm_gru\data\paper_skeleton_csv\Not_Fall\Not_Fall_Not_Fall_Sit_nf_raw_c_1_C_D_0165_resized.csv,0,Not_Fall,nose,-0.045986526,-1.1658906,neck,-0.06891186,-0.9976228,right_shoulder,-0.55260885,-1.0078661,right_elbow,-0.872548,-0.69341356,right_wrist,-0.7642506,-0.30388862,left_shoulder,0.41478488,-0.98737955,left_elbow,0.8098858,-0.7378782,left_wrist,0.6571509,-0.33321056,mid_hip,0.0,0.0,right_hip,-0.3215408,-0.0018103184,right_knee,-0.49490255,0.52933884,right_ankle,-0.4224064,1.2900826,left_hip,0.3215408,0.0018100746,left_knee,0.4842492,0.5736961,left_ankle,0.49386373,1.252162,0,0,0
Not_Fall__Not_Fall_Sit_nf_raw_c_1_C_D_0165_resized,223,C:\Users\ASUS\Downloads\3D_Human_Pose_NCKH\paper_baselines\lin2021_yolov8_lstm_gru\data\paper_skeleton_csv\Not_Fall\Not_Fall_Not_Fall_Sit_nf_raw_c_1_C_D_0165_resized.csv,0,Not_Fall,nose,-0.04229664,-1.1640347,neck,-0.07633893,-0.9970819,right_shoulder,-0.5681005,-1.0063294,right_elbow,-0.8901654,-0.69223404,right_wrist,-0.7684553,-0.31009868,left_shoulder,0.41542238,-0.9878344,left_elbow,0.8173606,-0.7394408,left_wrist,0.6814544,-0.34769335,mid_hip,0.0,0.0,right_hip,-0.32699624,0.0011066046,right_knee,-0.50876987,0.5326405,right_ankle,-0.4312373,1.3138424,left_hip,0.32699648,-0.0011068515,left_knee,0.5013598,0.55410254,left_ankle,0.5044332,1.250907,0,0,0
Not_Fall__Not_Fall_Sit_nf_raw_c_1_C_D_0165_resized,224,C:\Users\ASUS\Downloads\3D_Human_Pose_NCKH\paper_baselines\lin2021_yolov8_lstm_gru\data\paper_skeleton_csv\Not_Fall\Not_Fall_Not_Fall_Sit_nf_raw_c_1_C_D_0165_resized.csv,0,Not_Fall,nose,-0.041273262,-1.1628705,neck,-0.074824266,-0.99719673,right_shoulder,-0.5643723,-1.0066928,right_elbow,-0.8849303,-0.6921564,right_wrist,-0.76580167,-0.31307122,left_shoulder,0.41472375,-0.9877007,left_elbow,0.81495553,-0.7406728,left_wrist,0.679028,-0.34926134,mid_hip,0.0,0.0,right_hip,-0.32559937,0.0008747837,right_knee,-0.5060763,0.5249413,right_ankle,-0.42667502,1.3065923,left_hip,0.32559937,-0.0008747837,left_knee,0.49932832,0.5481937,left_ankle,0.50321317,1.2435306,0,0,0
Not_Fall__Not_Fall_Sit_nf_raw_c_1_C_D_0165_resized,225,C:\Users\ASUS\Downloads\3D_Human_Pose_NCKH\paper_baselines\lin2021_yolov8_lstm_gru\data\paper_skeleton_csv\Not_Fall\Not_Fall_Not_Fall_Sit_nf_raw_c_1_C_D_0165_resized.csv,0,Not_Fall,nose,-0.038766794,-1.1570905,neck,-0.076236166,-0.9970898,right_shoulder,-0.57075953,-1.0048075,right_elbow,-0.9003126,-0.69752425,right_wrist,-0.7618472,-0.31057334,left_shoulder,0.41828722,-0.989372,left_elbow,0.82114255,-0.7402366,left_wrist,0.67712986,-0.3447214,mid_hip,0.0,0.0,right_hip,-0.32936898,0.0029625108,right_knee,-0.51016587,0.5378146,right_ankle,-0.44294718,1.3201526,left_hip,0.32936898,-0.002962264,left_knee,0.51501226,0.5412798,left_ankle,0.5064248,1.2487777,0,0,0
Not_Fall__Not_Fall_Sit_nf_raw_c_1_C_D_0165_resized,226,C:\Users\ASUS\Downloads\3D_Human_Pose_NCKH\paper_baselines\lin2021_yolov8_lstm_gru\data\paper_skeleton_csv\Not_Fall\Not_Fall_Not_Fall_Sit_nf_raw_c_1_C_D_0165_resized.csv,0,Not_Fall,nose,-0.040622722,-1.158206,neck,-0.075734444,-0.997128,right_shoulder,-0.57008743,-1.0057663,right_elbow,-0.9001164,-0.6975631,right_wrist,-0.76233476,-0.30952308,left_shoulder,0.4186187,-0.9884897,left_elbow,0.82136554,-0.7397746,left_wrist,0.6719836,-0.33813116,mid_hip,0.0,0.0,right_hip,-0.32954285,0.002111111,right_knee,-0.50851864,0.53426284,right_ankle,-0.44204602,1.3188938,left_hip,0.32954285,-0.0021108643,left_knee,0.51962006,0.5454991,left_ankle,0.5098772,1.253742,0,0,0
Not_Fall__Not_Fall_Sit_nf_raw_c_1_C_D_0165_resized,227,C:\Users\ASUS\Downloads\3D_Human_Pose_NCKH\paper_baselines\lin2021_yolov8_lstm_gru\data\paper_skeleton_csv\Not_Fall\Not_Fall_Not_Fall_Sit_nf_raw_c_1_C_D_0165_resized.csv,0,Not_Fall,nose,-0.0422709,-1.1540788,neck,-0.077837154,-0.9969661,right_shoulder,-0.576314,-1.0019169,right_elbow,-0.9084034,-0.7040496,right_wrist,-0.7679542,-0.32277733,left_shoulder,0.42063987,-0.9920153,left_elbow,0.8240011,-0.75263005,left_wrist,0.68728006,-0.35280302,mid_hip,0.0,0.0,right_hip,-0.33193216,0.004836386,right_knee,-0.5155012,0.5246125,right_ankle,-0.44686338,1.3291295,left_hip,0.3319319,-0.004836386,left_knee,0.52528566,0.514973,left_ankle,0.50236404,1.2454576,0,0,0
Not_Fall__Not_Fall_Sit_nf_raw_c_1_C_D_0165_resized,228,C:\Users\ASUS\Downloads\3D_Human_Pose_NCKH\paper_baselines\lin2021_yolov8_lstm_gru\data\paper_skeleton_csv\Not_Fall\Not_Fall_Not_Fall_Sit_nf_raw_c_1_C_D_0165_resized.csv,0,Not_Fall,nose,-0.033263184,-1.1534238,neck,-0.072919235,-0.9973378,right_shoulder,-0.5675822,-1.0023631,right_elbow,-0.900565,-0.7108663,right_wrist,-0.75985503,-0.34271267,left_shoulder,0.42174372,-0.99231255,left_elbow,0.8182591,-0.756405,left_wrist,0.6892577,-0.3643141,mid_hip,0.0,0.0,right_hip,-0.32928085,0.0046429727,right_knee,-0.50519335,0.51987034,right_ankle,-0.4351504,1.3093878,left_hip,0.32928085,-0.0046429727,left_knee,0.5239406,0.5131427,left_ankle,0.4982753,1.2398525,0,0,0
Not_Fall__Not_Fall_Sit_nf_raw_c_1_C_D_0165_resized,229,C:\Users\ASUS\Downloads\3D_Human_Pose_NCKH\paper_baselines\lin2021_yolov8_lstm_gru\data\paper_skeleton_csv\Not_Fall\Not_Fall_Not_Fall_Sit_nf_raw_c_1_C_D_0165_resized.csv,0,Not_Fall,nose,-0.02800546,-1.1518036,neck,-0.07002783,-0.997545,right_shoulder,-0.5715902,-0.9993946,right_elbow,-0.9195895,-0.7105722,right_wrist,-0.7835881,-0.3415207,left_shoulder,0.4315344,-0.9956956,left_elbow,0.8342943,-0.76438904,left_wrist,0.709926,-0.36247244,mid_hip,0.0,0.0,right_hip,-0.33411518,0.006417804,right_knee,-0.51934576,0.5309675,right_ankle,-0.44638282,1.3271431,left_hip,0.33411518,-0.006417555,left_knee,0.5347221,0.51217484,left_ankle,0.51672065,1.248264,0,0,0
Not_Fall__Not_Fall_Sit_nf_raw_c_1_C_D_0165_resized,230,C:\Users\ASUS\Downloads\3D_Human_Pose_NCKH\paper_baselines\lin2021_yolov8_lstm_gru\data\paper_skeleton_csv\Not_Fall\Not_Fall_Not_Fall_Sit_nf_raw_c_1_C_D_0165_resized.csv,0,Not_Fall,nose,-0.028706368,-1.1521099,neck,-0.069835305,-0.99755853,right_shoulder,-0.5701785,-0.9993952,right_elbow,-0.91864395,-0.71311486,right_wrist,-0.7851369,-0.3468379,left_shoulder,0.43050778,-0.995722,left_elbow,0.83221847,-0.76469606,left_wrist,0.71017855,-0.3638154,mid_hip,0.0,0.0,right_hip,-0.33322278,0.0063532055,right_knee,-0.5183725,0.5288479,right_ankle,-0.44464982,1.3197426,left_hip,0.33322278,-0.0063532055,left_knee,0.5331779,0.5099876,left_ankle,0.5152382,1.2426076,0,0,0
Not_Fall__Not_Fall_Sit_nf_raw_c_1_C_D_0165_resized,231,C:\Users\ASUS\Downloads\3D_Human_Pose_NCKH\paper_baselines\lin2021_yolov8_lstm_gru\data\paper_skeleton_csv\Not_Fall\Not_Fall_Not_Fall_Sit_nf_raw_c_1_C_D_0165_resized.csv,0,Not_Fall,nose,-0.025600165,-1.1507633,neck,-0.062408168,-0.99805075,right_shoulder,-0.56491965,-1.0003024,right_elbow,-0.93784755,-0.71946204,right_wrist,-0.80783844,-0.35505155,left_shoulder,0.44010356,-0.9957991,left_elbow,0.8508796,-0.7738741,left_wrist,0.7329031,-0.39179868,mid_hip,0.0,0.0,right_hip,-0.33351374,0.0051326603,right_knee,-0.50492597,0.55543935,right_ankle,-0.4493982,1.3317803,left_hip,0.33351374,-0.005132409,left_knee,0.5273799,0.54682565,left_ankle,0.524657,1.2634007,0,0,0
Not_Fall__Not_Fall_Sit_nf_raw_c_1_C_D_0165_resized,232,C:\Users\ASUS\Downloads\3D_Human_Pose_NCKH\paper_baselines\lin2021_yolov8_lstm_gru\data\paper_skeleton_csv\Not_Fall\Not_Fall_Not_Fall_Sit_nf_raw_c_1_C_D_0165_resized.csv,0,Not_Fall,nose,-0.01338026,-1.1389174,neck,-0.062027752,-0.9980745,right_shoulder,-0.5496869,-0.99517006,right_elbow,-0.9120513,-0.7260697,right_wrist,-0.7717101,-0.3810728,left_shoulder,0.42563143,-1.0009787,left_elbow,0.85059094,-0.78839695,left_wrist,0.7089067,-0.3974773,mid_hip,0.0,0.0,right_hip,-0.3164662,0.0037917644,right_knee,-0.46585873,0.52558273,right_ankle,-0.4064189,1.2865987,left_hip,0.3164662,-0.0037917644,left_knee,0.49054223,0.52300924,left_ankle,0.47884238,1.2333032,0,0,0
Not_Fall__Not_Fall_Sit_nf_raw_c_1_C_D_0165_resized,233,C:\Users\ASUS\Downloads\3D_Human_Pose_NCKH\paper_baselines\lin2021_yolov8_lstm_gru\data\paper_skeleton_csv\Not_Fall\Not_Fall_Not_Fall_Sit_nf_raw_c_1_C_D_0165_resized.csv,0,Not_Fall,nose,-0.019936997,-1.1520656,neck,-0.057058338,-0.9983709,right_shoulder,-0.56048024,-1.0041502,right_elbow,-0.933671,-0.7359199,right_wrist,-0.81988865,-0.3825402,left_shoulder,0.44636372,-0.9925917,left_elbow,0.86080724,-0.7842234,left_wrist,0.73585045,-0.4051712,mid_hip,0.0,0.0,right_hip,-0.33421418,0.0034877649,right_knee,-0.5122475,0.544661,right_ankle,-0.45849153,1.3206336,left_hip,0.33421442,-0.0034877649,left_knee,0.5272705,0.5399196,left_ankle,0.51449585,1.2371546,0,0,0
Not_Fall__Not_Fall_Sit_nf_raw_c_1_C_D_0165_resized,234,C:\Users\ASUS\Downloads\3D_Human_Pose_NCKH\paper_baselines\lin2021_yolov8_lstm_gru\data\paper_skeleton_csv\Not_Fall\Not_Fall_Not_Fall_Sit_nf_raw_c_1_C_D_0165_resized.csv,0,Not_Fall,nose,-0.022323703,-1.153144,neck,-0.059362084,-0.9982365,right_shoulder,-0.5634749,-1.0038617,right_elbow,-0.93763584,-0.7359446,right_wrist,-0.8224486,-0.37896916,left_shoulder,0.44475064,-0.9926113,left_elbow,0.8611876,-0.7849339,left_wrist,0.73591846,-0.40466052,mid_hip,0.0,0.0,right_hip,-0.33478385,0.0040174616,right_knee,-0.5145458,0.5456953,right_ankle,-0.4625233,1.3329465,left_hip,0.3347836,-0.0040177135,left_knee,0.52985615,0.5360507,left_ankle,0.5176166,1.2410715,0,0,0
Not_Fall__Not_Fall_Sit_nf_raw_c_1_C_D_0165_resized,235,C:\Users\ASUS\Downloads\3D_Human_Pose_NCKH\paper_baselines\lin2021_yolov8_lstm_gru\data\paper_skeleton_csv\Not_Fall\Not_Fall_Not_Fall_Sit_nf_raw_c_1_C_D_0165_resized.csv,0,Not_Fall,nose,-0.019255193,-1.1375246,neck,-0.06989701,-0.9975542,right_shoulder,-0.5737651,-1.0013715,right_elbow,-0.94643134,-0.74210894,right_wrist,-0.8292182,-0.39042524,left_shoulder,0.43397132,-0.9937368,left_elbow,0.87583286,-0.7846488,left_wrist,0.69578964,-0.39236948,mid_hip,0.0,0.0,right_hip,-0.33404753,0.006043077,right_knee,-0.52153766,0.56086916,right_ankle,-0.45973313,1.337861,left_hip,0.33404753,-0.006043077,left_knee,0.5316364,0.53071207,left_ankle,0.542505,1.2251238,0,0,0
Not_Fall__Not_Fall_Sit_nf_raw_c_1_C_D_0165_resized,236,C:\Users\ASUS\Downloads\3D_Human_Pose_NCKH\paper_baselines\lin2021_yolov8_lstm_gru\data\paper_skeleton_csv\Not_Fall\Not_Fall_Not_Fall_Sit_nf_raw_c_1_C_D_0165_resized.csv,0,Not_Fall,nose,-0.020963108,-1.1369656,neck,-0.070191234,-0.99753356,right_shoulder,-0.57645303,-1.0021003,right_elbow,-0.9487963,-0.7415606,right_wrist,-0.82965344,-0.38915727,left_shoulder,0.4360708,-0.9929668,left_elbow,0.8775648,-0.78574127,left_wrist,0.70579493,-0.3983226,mid_hip,0.0,0.0,right_hip,-0.33575687,0.0056349584,right_knee,-0.52476794,0.55742,right_ankle,-0.4601563,1.3397334,left_hip,0.33575687,-0.0056352094,left_knee,0.5381951,0.5313759,left_ankle,0.54424906,1.2289925,0,0,0
Not_Fall__Not_Fall_Sit_nf_raw_c_1_C_D_0165_resized,237,C:\Users\ASUS\Downloads\3D_Human_Pose_NCKH\paper_baselines\lin2021_yolov8_lstm_gru\data\paper_skeleton_csv\Not_Fall\Not_Fall_Not_Fall_Sit_nf_raw_c_1_C_D_0165_resized.csv,0,Not_Fall,nose,-0.0013976155,-1.1323745,neck,-0.060864665,-0.99814606,right_shoulder,-0.57064414,-1.00078,right_elbow,-0.9580902,-0.7470989,right_wrist,-0.8399155,-0.39973384,left_shoulder,0.44891492,-0.9955122,left_elbow,0.89188623,-0.7919629,left_wrist,0.67712927,-0.38424817,mid_hip,0.0,0.0,right_hip,-0.33619466,0.005397722,right_knee,-0.52934253,0.53862154,right_ankle,-0.4611278,1.3281566,left_hip,0.33619466,-0.005397722,left_knee,0.52587414,0.51266843,left_ankle,0.5370746,1.2264886,0,0,0
Not_Fall__Not_Fall_Sit_nf_raw_c_1_C_D_0165_resized,238,C:\Users\ASUS\Downloads\3D_Human_Pose_NCKH\paper_baselines\lin2021_yolov8_lstm_gru\data\paper_skeleton_csv\Not_Fall\Not_Fall_Not_Fall_Sit_nf_raw_c_1_C_D_0165_resized.csv,0,Not_Fall,nose,4.51193e-05,-1.1325772,neck,-0.059263952,-0.9982424,right_shoulder,-0.5694438,-1.0008091,right_elbow,-0.95609653,-0.74899757,right_wrist,-0.8373403,-0.39960235,left_shoulder,0.45091578,-0.9956757,left_elbow,0.89164287,-0.7896625,left_wrist,0.66937965,-0.3747143,mid_hip,0.0,0.0,right_hip,-0.3365629,0.005492022,right_knee,-0.5297052,0.54337776,right_ankle,-0.45868808,1.3286183,left_hip,0.3365629,-0.005491771,left_knee,0.5268107,0.5148235,left_ankle,0.53753054,1.2250184,0,0,0
Not_Fall__Not_Fall_Sit_nf_raw_c_1_C_D_0165_resized,239,C:\Users\ASUS\Downloads\3D_Human_Pose_NCKH\paper_baselines\lin2021_yolov8_lstm_gru\data\paper_skeleton_csv\Not_Fall\Not_Fall_Not_Fall_Sit_nf_raw_c_1_C_D_0165_resized.csv,0,Not_Fall,nose,0.0007753,-1.1310707,neck,-0.051973272,-0.99864846,right_shoulder,-0.56888205,-1.0014933,right_elbow,-0.97189546,-0.7534588,right_wrist,-0.8571074,-0.4100832,left_shoulder,0.46493563,-0.9958035,left_elbow,0.9105867,-0.8059529,left_wrist,0.7645339,-0.44198218,mid_hip,0.0,0.0,right_hip,-0.3402326,0.0058988784,right_knee,-0.536246,0.56507266,right_ankle,-0.4765905,1.3636198,left_hip,0.34023288,-0.0058988784,left_knee,0.52607137,0.5307727,left_ankle,0.5199063,1.2447299,0,0,0
Not_Fall__Not_Fall_Sit_nf_raw_c_1_C_D_0165_resized,240,C:\Users\ASUS\Downloads\3D_Human_Pose_NCKH\paper_baselines\lin2021_yolov8_lstm_gru\data\paper_skeleton_csv\Not_Fall\Not_Fall_Not_Fall_Sit_nf_raw_c_1_C_D_0165_resized.csv,0,Not_Fall,nose,0.051655307,-1.1379235,neck,-0.027486812,-0.99962217,right_shoulder,-0.5210114,-1.0086751,right_elbow,-0.92946804,-0.76692706,right_wrist,-0.777855,-0.44543403,left_shoulder,0.46603766,-0.9905691,left_elbow,0.8967896,-0.84164315,left_wrist,0.75623345,-0.46229404,mid_hip,0.0,0.0,right_hip,-0.321356,0.0013314527,right_knee,-0.47306955,0.5073053,right_ankle,-0.4447994,1.2569706,left_hip,0.321356,-0.0013314527,left_knee,0.5219437,0.46552467,left_ankle,0.5330354,1.142491,0,0,0
Not_Fall__Not_Fall_Sit_nf_raw_c_1_C_D_0165_resized,241,C:\Users\ASUS\Downloads\3D_Human_Pose_NCKH\paper_baselines\lin2021_yolov8_lstm_gru\data\paper_skeleton_csv\Not_Fall\Not_Fall_Not_Fall_Sit_nf_raw_c_1_C_D_0165_resized.csv,0,Not_Fall,nose,0.049559165,-1.1407145,neck,-0.023712749,-0.99971884,right_shoulder,-0.52890617,-1.0108514,right_elbow,-0.9549275,-0.7765983,right_wrist,-0.7881457,-0.45536208,left_shoulder,0.48148078,-0.9885864,left_elbow,0.9286569,-0.8482871,left_wrist,0.7878876,-0.47535527,mid_hip,0.0,0.0,right_hip,-0.3275322,8.213113e-06,right_knee,-0.48353356,0.51394993,right_ankle,-0.45733932,1.2807684,left_hip,0.32753244,-8.461994e-06,left_knee,0.51484716,0.4764618,left_ankle,0.5055435,1.1615942,0,0,0
Not_Fall__Not_Fall_Sit_nf_raw_c_1_C_D_0165_resized,242,C:\Users\ASUS\Downloads\3D_Human_Pose_NCKH\paper_baselines\lin2021_yolov8_lstm_gru\data\paper_skeleton_csv\Not_Fall\Not_Fall_Not_Fall_Sit_nf_raw_c_1_C_D_0165_resized.csv,0,Not_Fall,nose,0.053688727,-1.1413026,neck,-0.022358825,-0.99975,right_shoulder,-0.52738446,-1.0107012,right_elbow,-0.95299727,-0.77858067,right_wrist,-0.78772235,-0.45497754,left_shoulder,0.48266655,-0.98879874,left_elbow,0.93237567,-0.8481945,left_wrist,0.7903671,-0.47239196,mid_hip,0.0,0.0,right_hip,-0.32724762,9.214896e-05,right_knee,-0.48452884,0.51166433,right_ankle,-0.45475128,1.2795902,left_hip,0.32724738,-9.214896e-05,left_knee,0.5124227,0.4719514,left_ankle,0.50724643,1.1608354,0,0,0
Not_Fall__Not_Fall_Sit_nf_raw_c_1_C_D_0165_resized,243,C:\Users\ASUS\Downloads\3D_Human_Pose_NCKH\paper_baselines\lin2021_yolov8_lstm_gru\data\paper_skeleton_csv\Not_Fall\Not_Fall_Not_Fall_Sit_nf_raw_c_1_C_D_0165_resized.csv,0,Not_Fall,nose,0.068701886,-1.1333388,neck,-0.010287437,-0.9999471,right_shoulder,-0.5149159,-1.0086719,right_elbow,-0.95882887,-0.79257166,right_wrist,-0.80137295,-0.48028046,left_shoulder,0.49434087,-0.9912222,left_elbow,0.9427788,-0.8542388,left_wrist,0.79782736,-0.4665537,mid_hip,0.0,0.0,right_hip,-0.3261286,4.1298925e-05,right_knee,-0.48537788,0.51730734,right_ankle,-0.4658725,1.27725,left_hip,0.32612833,-4.1298925e-05,left_knee,0.5106652,0.47425607,left_ankle,0.4994614,1.1815879,0,0,0
Not_Fall__Not_Fall_Sit_nf_raw_c_1_C_D_0165_resized,244,C:\Users\ASUS\Downloads\3D_Human_Pose_NCKH\paper_baselines\lin2021_yolov8_lstm_gru\data\paper_skeleton_csv\Not_Fall\Not_Fall_Not_Fall_Sit_nf_raw_c_1_C_D_0165_resized.csv,0,Not_Fall,nose,0.06841206,-1.132656,neck,-0.01043916,-0.9999455,right_shoulder,-0.515627,-1.0093098,right_elbow,-0.95762336,-0.79312646,right_wrist,-0.8001362,-0.4797443,left_shoulder,0.49474844,-0.99058115,left_elbow,0.9427517,-0.8555027,left_wrist,0.79929936,-0.46588293,mid_hip,0.0,0.0,right_hip,-0.32647774,-0.0003427433,right_knee,-0.48352596,0.5133451,right_ankle,-0.46425852,1.2719433,left_hip,0.3264775,0.00034299347,left_knee,0.5148935,0.47407225,left_ankle,0.49854186,1.1772299,0,0,0
Not_Fall__Not_Fall_Sit_nf_raw_c_1_C_D_0165_resized,245,C:\Users\ASUS\Downloads\3D_Human_Pose_NCKH\paper_baselines\lin2021_yolov8_lstm_gru\data\paper_skeleton_csv\Not_Fall\Not_Fall_Not_Fall_Sit_nf_raw_c_1_C_D_0165_resized.csv,0,Not_Fall,nose,0.079486296,-1.1322818,neck,-0.0059374445,-0.9999824,right_shoulder,-0.51798797,-1.0156691,right_elbow,-0.9694896,-0.80718356,right_wrist,-0.8188222,-0.49563062,left_shoulder,0.50611305,-0.98429567,left_elbow,0.9646779,-0.83671653,left_wrist,0.8210654,-0.45706916,mid_hip,0.0,0.0,right_hip,-0.33110118,-0.0022124394,right_knee,-0.4900358,0.53487355,right_ankle,-0.4828128,1.3032278,left_hip,0.33110118,0.0022126918,left_knee,0.5147511,0.4907772,left_ankle,0.49003264,1.1947958,0,0,0
Not_Fall__Not_Fall_Sit_nf_raw_c_1_C_D_0165_resized,246,C:\Users\ASUS\Downloads\3D_Human_Pose_NCKH\paper_baselines\lin2021_yolov8_lstm_gru\data\paper_skeleton_csv\Not_Fall\Not_Fall_Not_Fall_Sit_nf_raw_c_1_C_D_0165_resized.csv,0,Not_Fall,nose,0.07964718,-1.1326097,neck,-0.00692871,-0.999976,right_shoulder,-0.519161,-1.0162971,right_elbow,-0.9708536,-0.80675614,right_wrist,-0.8196731,-0.49408025,left_shoulder,0.5053038,-0.98365504,left_elbow,0.96648866,-0.8355085,left_wrist,0.8212761,-0.4557832,mid_hip,0.0,0.0,right_hip,-0.3310222,-0.0025123174,right_knee,-0.48810685,0.52773523,right_ankle,-0.48257658,1.3046395,left_hip,0.33102196,0.0025123174,left_knee,0.51453155,0.48606217,left_ankle,0.48955747,1.1970111,0,0,0
Not_Fall__Not_Fall_Sit_nf_raw_c_1_C_D_0165_resized,247,C:\Users\ASUS\Downloads\3D_Human_Pose_NCKH\paper_baselines\lin2021_yolov8_lstm_gru\data\paper_skeleton_csv\Not_Fall\Not_Fall_Not_Fall_Sit_nf_raw_c_1_C_D_0165_resized.csv,0,Not_Fall,nose,0.09122514,-1.1384284,neck,0.0034547353,-0.99999404,right_shoulder,-0.52270675,-1.0210665,right_elbow,-0.997996,-0.8072664,right_wrist,-0.8438114,-0.50587106,left_shoulder,0.5296165,-0.9789217,left_elbow,0.9962811,-0.8268265,left_wrist,0.8364935,-0.46172607,mid_hip,0.0,0.0,right_hip,-0.34070736,-0.0051990086,right_knee,-0.50240034,0.5303892,right_ankle,-0.51202494,1.3375429,left_hip,0.34070736,0.0051992666,left_knee,0.5321454,0.5010688,left_ankle,0.49824068,1.2381082,0,0,0
Not_Fall__Not_Fall_Sit_nf_raw_c_1_C_D_0165_resized,248,C:\Users\ASUS\Downloads\3D_Human_Pose_NCKH\paper_baselines\lin2021_yolov8_lstm_gru\data\paper_skeleton_csv\Not_Fall\Not_Fall_Not_Fall_Sit_nf_raw_c_1_C_D_0165_resized.csv,0,Not_Fall,nose,0.09245676,-1.138928,neck,0.004508147,-0.99998987,right_shoulder,-0.5223102,-1.0208375,right_elbow,-0.99649936,-0.80721056,right_wrist,-0.84183514,-0.5057466,left_shoulder,0.5313265,-0.97914225,left_elbow,0.9964442,-0.8301191,left_wrist,0.83859766,-0.4634934,mid_hip,0.0,0.0,right_hip,-0.34128773,-0.0053905235,right_knee,-0.50519687,0.5309569,right_ankle,-0.51310754,1.3316562,left_hip,0.34128773,0.0053907814,left_knee,0.53605837,0.50448996,left_ankle,0.50111663,1.2349597,0,0,0
Not_Fall__Not_Fall_Sit_nf_raw_c_1_C_D_0165_resized,249,C:\Users\ASUS\Downloads\3D_Human_Pose_NCKH\paper_baselines\lin2021_yolov8_lstm_gru\data\paper_skeleton_csv\Not_Fall\Not_Fall_Not_Fall_Sit_nf_raw_c_1_C_D_0165_resized.csv,0,Not_Fall,nose,0.10373726,-1.1420321,neck,0.005590969,-0.9999844,right_shoulder,-0.5194512,-1.0243049,right_elbow,-0.9985105,-0.8250484,right_wrist,-0.8452986,-0.5260996,left_shoulder,0.530633,-0.9756641,left_elbow,1.0022849,-0.81789035,left_wrist,0.88388914,-0.45687783,mid_hip,0.0,0.0,right_hip,-0.34062752,-0.0058291187,right_knee,-0.51576114,0.50807947,right_ankle,-0.51743567,1.3120077,left_hip,0.34062776,0.0058293766,left_knee,0.5271578,0.47092658,left_ankle,0.49284333,1.216834,0,0,0
Not_Fall__Not_Fall_Sit_nf_raw_c_1_C_D_0165_resized,250,C:\Users\ASUS\Downloads\3D_Human_Pose_NCKH\paper_baselines\lin2021_yolov8_lstm_gru\data\paper_skeleton_csv\Not_Fall\Not_Fall_Not_Fall_Sit_nf_raw_c_1_C_D_0165_resized.csv,0,Not_Fall,nose,0.10090313,-1.1413194,neck,0.0035488661,-0.9999937,right_shoulder,-0.52222073,-1.0248203,right_elbow,-1.0020316,-0.8234607,right_wrist,-0.8481022,-0.5248044,left_shoulder,0.52931845,-0.975167,left_elbow,1.0001692,-0.81829625,left_wrist,0.87820494,-0.45558658,mid_hip,0.0,0.0,right_hip,-0.34106672,-0.0067100106,right_knee,-0.5180509,0.49703923,right_ankle,-0.5180509,1.3069185,left_hip,0.341067,0.006709752,left_knee,0.52720046,0.46983883,left_ankle,0.49108583,1.2231288,0,0,0
Not_Fall__Not_Fall_Sit_nf_raw_c_1_C_D_0165_resized,251,C:\Users\ASUS\Downloads\3D_Human_Pose_NCKH\paper_baselines\lin2021_yolov8_lstm_gru\data\paper_skeleton_csv\Not_Fall\Not_Fall_Not_Fall_Sit_nf_raw_c_1_C_D_0165_resized.csv,0,Not_Fall,nose,0.12069755,-1.1384782,neck,0.023878561,-0.99971485,right_shoulder,-0.5155122,-1.0248376,right_elbow,-1.0150416,-0.8252378,right_wrist,-0.85024536,-0.5136863,left_shoulder,0.5632693,-0.974592,left_elbow,1.0282602,-0.81049824,left_wrist,0.92429787,-0.4371926,mid_hip,0.0,0.0,right_hip,-0.3503416,-0.006202968,right_knee,-0.54445857,0.5230709,right_ankle,-0.5360249,1.3498542,left_hip,0.3503416,0.006202968,left_knee,0.5395852,0.47760776,left_ankle,0.50951153,1.2556287,0,0,0
Not_Fall__Not_Fall_Sit_nf_raw_c_1_C_D_0165_resized,252,C:\Users\ASUS\Downloads\3D_Human_Pose_NCKH\paper_baselines\lin2021_yolov8_lstm_gru\data\paper_skeleton_csv\Not_Fall\Not_Fall_Not_Fall_Sit_nf_raw_c_1_C_D_0165_resized.csv,0,Not_Fall,nose,0.1237438,-1.1355104,neck,0.02005093,-0.999799,right_shoulder,-0.51605743,-1.0229218,right_elbow,-1.0168241,-0.8221548,right_wrist,-0.8439903,-0.51221573,left_shoulder,0.55615956,-0.97667634,left_elbow,1.0193386,-0.8099038,left_wrist,0.9085974,-0.4375783,mid_hip,0.0,0.0,right_hip,-0.34838206,-0.0052578817,right_knee,-0.53776973,0.5315451,right_ankle,-0.5432745,1.337353,left_hip,0.34838206,0.0052576205,left_knee,0.5366338,0.48276436,left_ankle,0.5052035,1.2540591,0,0,0
Not_Fall__Not_Fall_Sit_nf_raw_c_1_C_D_0165_resized,253,C:\Users\ASUS\Downloads\3D_Human_Pose_NCKH\paper_baselines\lin2021_yolov8_lstm_gru\data\paper_skeleton_csv\Not_Fall\Not_Fall_Not_Fall_Sit_nf_raw_c_1_C_D_0165_resized.csv,0,Not_Fall,nose,0.08375041,-1.1301056,neck,-0.00094303366,-0.9999995,right_shoulder,-0.55156344,-1.0142707,right_elbow,-1.0494555,-0.823526,right_wrist,-0.9061917,-0.49934953,left_shoulder,0.5496774,-0.9857284,left_elbow,1.024931,-0.7788245,left_wrist,0.8770324,-0.43116575,mid_hip,0.0,0.0,right_hip,-0.35836256,0.0022441882,right_knee,-0.5978828,0.54517,right_ankle,-0.604809,1.3845829,left_hip,0.35836256,-0.0022441882,left_knee,0.54628074,0.47679108,left_ankle,0.4760445,1.2698423,0,0,0
Not_Fall__Not_Fall_Sit_nf_raw_c_1_C_D_0165_resized,254,C:\Users\ASUS\Downloads\3D_Human_Pose_NCKH\paper_baselines\lin2021_yolov8_lstm_gru\data\paper_skeleton_csv\Not_Fall\Not_Fall_Not_Fall_Sit_nf_raw_c_1_C_D_0165_resized.csv,0,Not_Fall,nose,0.08287505,-1.126881,neck,-0.00018435268,-1.0,right_shoulder,-0.54893696,-1.0128509,right_elbow,-1.044469,-0.8233441,right_wrist,-0.902136,-0.5014529,left_shoulder,0.54856825,-0.98714906,left_elbow,1.0209855,-0.782309,left_wrist,0.8740368,-0.43550214,mid_hip,0.0,0.0,right_hip,-0.35706466,0.0028796257,right_knee,-0.59573424,0.5372349,right_ankle,-0.6048753,1.3732497,left_hip,0.3570649,-0.0028796257,left_knee,0.54772884,0.4645727,left_ankle,0.4719835,1.2596024,0,0,0
Not_Fall__Not_Fall_Sit_nf_raw_c_1_C_D_0165_resized,255,C:\Users\ASUS\Downloads\3D_Human_Pose_NCKH\paper_baselines\lin2021_yolov8_lstm_gru\data\paper_skeleton_csv\Not_Fall\Not_Fall_Not_Fall_Sit_nf_raw_c_1_C_D_0165_resized.csv,0,Not_Fall,nose,0.12473533,-1.1016334,neck,0.00847002,-0.9999641,right_shoulder,-0.51583296,-1.0123434,right_elbow,-1.0013067,-0.8229388,right_wrist,-0.82894754,-0.50068605,left_shoulder,0.5327727,-0.98758477,left_elbow,1.0048248,-0.7567262,left_wrist,0.8425607,-0.3857367,mid_hip,0.0,0.0,right_hip,-0.33686262,0.0023423452,right_knee,-0.522716,0.5387579,right_ankle,-0.5116229,1.30964,left_hip,0.33686262,-0.0023420916,left_knee,0.50224745,0.44950613,left_ankle,0.44213527,1.2275355,0,0,0
Not_Fall__Not_Fall_Sit_nf_raw_c_1_C_D_0165_resized,256,C:\Users\ASUS\Downloads\3D_Human_Pose_NCKH\paper_baselines\lin2021_yolov8_lstm_gru\data\paper_skeleton_csv\Not_Fall\Not_Fall_Not_Fall_Sit_nf_raw_c_1_C_D_0165_resized.csv,0,Not_Fall,nose,0.12457273,-1.1022042,neck,0.007893284,-0.9999689,right_shoulder,-0.51636744,-1.0120085,right_elbow,-1.0049189,-0.82463783,right_wrist,-0.83130103,-0.5021528,left_shoulder,0.5321538,-0.9879294,left_elbow,1.0075212,-0.75255114,left_wrist,0.8353893,-0.38226315,mid_hip,0.0,0.0,right_hip,-0.3363842,0.0031042632,right_knee,-0.52719766,0.5338182,right_ankle,-0.5158583,1.317912,left_hip,0.3363842,-0.0031045175,left_knee,0.49304864,0.4331357,left_ankle,0.4416982,1.2240858,0,0,0
Not_Fall__Not_Fall_Sit_nf_raw_c_1_C_D_0165_resized,257,C:\Users\ASUS\Downloads\3D_Human_Pose_NCKH\paper_baselines\lin2021_yolov8_lstm_gru\data\paper_skeleton_csv\Not_Fall\Not_Fall_Not_Fall_Sit_nf_raw_c_1_C_D_0165_resized.csv,0,Not_Fall,nose,0.1085441,-1.1251384,neck,0.0040749805,-0.9999917,right_shoulder,-0.55341625,-1.0228368,right_elbow,-1.0630943,-0.82233,right_wrist,-0.9068347,-0.48454365,left_shoulder,0.5615665,-0.97714657,left_elbow,1.0305251,-0.7542773,left_wrist,0.8832755,-0.38596895,mid_hip,0.0,0.0,right_hip,-0.36485615,0.0006440951,right_knee,-0.6285061,0.55651665,right_ankle,-0.6556332,1.421108,left_hip,0.3648559,-0.0006443631,left_knee,0.5804203,0.4847313,left_ankle,0.48017678,1.2916117,0,0,0
Not_Fall__Not_Fall_Sit_nf_raw_c_1_C_D_0165_resized,258,C:\Users\ASUS\Downloads\3D_Human_Pose_NCKH\paper_baselines\lin2021_yolov8_lstm_gru\data\paper_skeleton_csv\Not_Fall\Not_Fall_Not_Fall_Sit_nf_raw_c_1_C_D_0165_resized.csv,0,Not_Fall,nose,0.1085583,-1.1246034,neck,0.005323954,-0.9999858,right_shoulder,-0.55349785,-1.0234708,right_elbow,-1.0638196,-0.82134366,right_wrist,-0.9070502,-0.482919,left_shoulder,0.5641455,-0.9765008,left_elbow,1.0316467,-0.751641,left_wrist,0.8802305,-0.3812176,mid_hip,0.0,0.0,right_hip,-0.3657558,6.999557e-05,right_knee,-0.62829494,0.55411524,right_ankle,-0.6558216,1.4198636,left_hip,0.3657558,-6.9727386e-05,left_knee,0.58382845,0.48674837,left_ankle,0.47930336,1.2944509,0,0,0
Not_Fall__Not_Fall_Sit_nf_raw_c_1_C_D_0165_resized,259,C:\Users\ASUS\Downloads\3D_Human_Pose_NCKH\paper_baselines\lin2021_yolov8_lstm_gru\data\paper_skeleton_csv\Not_Fall\Not_Fall_Not_Fall_Sit_nf_raw_c_1_C_D_0165_resized.csv,0,Not_Fall,nose,0.13853294,-1.1122668,neck,0.0074844593,-0.999972,right_shoulder,-0.53165287,-1.028521,right_elbow,-1.0288805,-0.8181406,right_wrist,-0.8680266,-0.47956368,left_shoulder,0.5466215,-0.9714232,left_elbow,1.0210932,-0.728318,left_wrist,0.8755401,-0.353784,mid_hip,0.0,0.0,right_hip,-0.34832668,-0.0058254995,right_knee,-0.5519707,0.52970695,right_ankle,-0.55639064,1.3311253,left_hip,0.34832695,0.00582576,left_knee,0.5464377,0.49457115,left_ankle,0.43749756,1.2710444,0,0,0
Not_Fall__Not_Fall_Sit_nf_raw_c_1_C_D_0165_resized,260,C:\Users\ASUS\Downloads\3D_Human_Pose_NCKH\paper_baselines\lin2021_yolov8_lstm_gru\data\paper_skeleton_csv\Not_Fall\Not_Fall_Not_Fall_Sit_nf_raw_c_1_C_D_0165_resized.csv,0,Not_Fall,nose,0.13768844,-1.112258,neck,0.005492568,-0.99998486,right_shoulder,-0.5316618,-1.029255,right_elbow,-1.0259634,-0.8198087,right_wrist,-0.86525136,-0.47995704,left_shoulder,0.54264694,-0.97071475,left_elbow,1.018021,-0.73208225,left_wrist,0.8754191,-0.35673437,mid_hip,0.0,0.0,right_hip,-0.34701243,-0.0059849746,right_knee,-0.5472668,0.520337,right_ankle,-0.5536182,1.3262086,left_hip,0.34701243,0.0059849746,left_knee,0.54757935,0.48792022,left_ankle,0.43694237,1.2646978,0,0,0
Not_Fall__Not_Fall_Sit_nf_raw_c_1_C_D_0165_resized,261,C:\Users\ASUS\Downloads\3D_Human_Pose_NCKH\paper_baselines\lin2021_yolov8_lstm_gru\data\paper_skeleton_csv\Not_Fall\Not_Fall_Not_Fall_Sit_nf_raw_c_1_C_D_0165_resized.csv,0,Not_Fall,nose,0.13132158,-1.1295824,neck,0.005217782,-0.9999864,right_shoulder,-0.5658508,-1.0273211,right_elbow,-1.077128,-0.81480014,right_wrist,-0.95524406,-0.4640586,left_shoulder,0.5762864,-0.9726517,left_elbow,1.0384637,-0.7310351,left_wrist,0.8961166,-0.31932017,mid_hip,0.0,0.0,right_hip,-0.37475076,-0.0013769603,right_knee,-0.65770596,0.5679783,right_ankle,-0.65843207,1.4444551,left_hip,0.37475076,0.0013769603,left_knee,0.6174581,0.5100043,left_ankle,0.48496205,1.3324945,0,0,0
Not_Fall__Not_Fall_Sit_nf_raw_c_1_C_D_0165_resized,262,C:\Users\ASUS\Downloads\3D_Human_Pose_NCKH\paper_baselines\lin2021_yolov8_lstm_gru\data\paper_skeleton_csv\Not_Fall\Not_Fall_Not_Fall_Sit_nf_raw_c_1_C_D_0165_resized.csv,0,Not_Fall,nose,0.12881249,-1.1306043,neck,0.004444332,-0.99999017,right_shoulder,-0.5668758,-1.0268602,right_elbow,-1.079102,-0.8149763,right_wrist,-0.95743454,-0.46296346,left_shoulder,0.5757648,-0.9731202,left_elbow,1.0383677,-0.7296106,left_wrist,0.8933923,-0.31636268,mid_hip,0.0,0.0,right_hip,-0.37471557,-0.0011180674,right_knee,-0.65923387,0.5712174,right_ankle,-0.65930426,1.44767,left_hip,0.37471557,0.0011180674,left_knee,0.612767,0.5099502,left_ankle,0.48245296,1.3324383,0,0,0
Not_Fall__Not_Fall_Sit_nf_raw_c_1_C_D_0165_resized,263,C:\Users\ASUS\Downloads\3D_Human_Pose_NCKH\paper_baselines\lin2021_yolov8_lstm_gru\data\paper_skeleton_csv\Not_Fall\Not_Fall_Not_Fall_Sit_nf_raw_c_1_C_D_0165_resized.csv,0,Not_Fall,nose,0.14846036,-1.1273558,neck,0.014253304,-0.99989843,right_shoulder,-0.5629065,-1.0265316,right_elbow,-1.0866599,-0.803982,right_wrist,-0.9757548,-0.450256,left_shoulder,0.59141284,-0.97326523,left_elbow,1.0400652,-0.71388537,left_wrist,0.89136356,-0.2736073,mid_hip,0.0,0.0,right_hip,-0.37879667,-0.0010798083,right_knee,-0.67836887,0.59025353,right_ankle,-0.6495971,1.4627348,left_hip,0.37879667,0.0010798083,left_knee,0.6044312,0.525775,left_ankle,0.4900499,1.3466955,0,0,0
Not_Fall__Not_Fall_Sit_nf_raw_c_1_C_D_0165_resized,264,C:\Users\ASUS\Downloads\3D_Human_Pose_NCKH\paper_baselines\lin2021_yolov8_lstm_gru\data\paper_skeleton_csv\Not_Fall\Not_Fall_Not_Fall_Sit_nf_raw_c_1_C_D_0165_resized.csv,0,Not_Fall,nose,0.17353953,-1.1091121,neck,0.026315257,-0.99965376,right_shoulder,-0.52395034,-1.0219829,right_elbow,-1.0390782,-0.80267245,right_wrist,-0.9130834,-0.45804527,left_shoulder,0.5765809,-0.9773247,left_elbow,1.0372084,-0.71268904,left_wrist,0.89730316,-0.28713697,mid_hip,0.0,0.0,right_hip,-0.35640013,-0.0041243047,right_knee,-0.58661187,0.5749593,right_ankle,-0.5528202,1.3460133,left_hip,0.35640013,0.004124039,left_knee,0.54290026,0.52231175,left_ankle,0.44784465,1.2987872,0,0,0
Not_Fall__Not_Fall_Sit_nf_raw_c_1_C_D_0165_resized,265,C:\Users\ASUS\Downloads\3D_Human_Pose_NCKH\paper_baselines\lin2021_yolov8_lstm_gru\data\paper_skeleton_csv\Not_Fall\Not_Fall_Not_Fall_Sit_nf_raw_c_1_C_D_0165_resized.csv,0,Not_Fall,nose,0.16634004,-1.1158053,neck,0.0284171,-0.9995962,right_shoulder,-0.565729,-1.0331247,right_elbow,-1.1092389,-0.80270666,right_wrist,-0.9720966,-0.41541657,left_shoulder,0.6225635,-0.96606755,left_elbow,1.0649331,-0.7146559,left_wrist,0.936709,-0.25989112,mid_hip,0.0,0.0,right_hip,-0.38984317,-0.004421094,right_knee,-0.67325205,0.60426384,right_ankle,-0.67268795,1.4829342,left_hip,0.38984317,0.0044208127,left_knee,0.6468996,0.5662593,left_ankle,0.4982929,1.3796419,0,0,0
Not_Fall__Not_Fall_Sit_nf_raw_c_1_C_D_0165_resized,266,C:\Users\ASUS\Downloads\3D_Human_Pose_NCKH\paper_baselines\lin2021_yolov8_lstm_gru\data\paper_skeleton_csv\Not_Fall\Not_Fall_Not_Fall_Sit_nf_raw_c_1_C_D_0165_resized.csv,0,Not_Fall,nose,0.17321274,-1.1149634,neck,0.03255996,-0.99946976,right_shoulder,-0.5599274,-1.0325731,right_elbow,-1.0995044,-0.8033468,right_wrist,-0.9615096,-0.41762617,left_shoulder,0.625047,-0.9663664,left_elbow,1.0632967,-0.71689165,left_wrist,0.9376141,-0.2628599,mid_hip,0.0,0.0,right_hip,-0.38892636,-0.0042523555,right_knee,-0.6699364,0.5930901,right_ankle,-0.66310406,1.467241,left_hip,0.38892663,0.004252636,left_knee,0.6485922,0.55387735,left_ankle,0.49805558,1.3678501,0,0,0
Not_Fall__Not_Fall_Sit_nf_raw_c_1_C_D_0165_resized,267,C:\Users\ASUS\Downloads\3D_Human_Pose_NCKH\paper_baselines\lin2021_yolov8_lstm_gru\data\paper_skeleton_csv\Not_Fall\Not_Fall_Not_Fall_Sit_nf_raw_c_1_C_D_0165_resized.csv,0,Not_Fall,nose,0.18724656,-1.1113198,neck,0.030045431,-0.9995485,right_shoulder,-0.5635785,-1.0377215,right_elbow,-1.1161098,-0.80024016,right_wrist,-0.98955023,-0.40560538,left_shoulder,0.6236696,-0.96137565,left_elbow,1.0706794,-0.6891786,left_wrist,0.9453529,-0.24889727,mid_hip,0.0,0.0,right_hip,-0.38971004,-0.0056284503,right_knee,-0.6726435,0.6002279,right_ankle,-0.6673446,1.4828843,left_hip,0.38971004,0.005628734,left_knee,0.65415394,0.5635317,left_ankle,0.5194235,1.4018428,0,0,0
Not_Fall__Not_Fall_Sit_nf_raw_c_1_C_D_0165_resized,268,C:\Users\ASUS\Downloads\3D_Human_Pose_NCKH\paper_baselines\lin2021_yolov8_lstm_gru\data\paper_skeleton_csv\Not_Fall\Not_Fall_Not_Fall_Sit_nf_raw_c_1_C_D_0165_resized.csv,0,Not_Fall,nose,0.1904392,-1.1125684,neck,0.0333883,-0.99944246,right_shoulder,-0.5627747,-1.0376674,right_elbow,-1.1157082,-0.80045474,right_wrist,-0.9888208,-0.40468857,left_shoulder,0.62955135,-0.96121746,left_elbow,1.0765759,-0.6867689,left_wrist,0.9494796,-0.24438551,mid_hip,0.0,0.0,right_hip,-0.39112782,-0.0058881263,right_knee,-0.6741078,0.60345066,right_ankle,-0.66283196,1.4855028,left_hip,0.39112756,0.0058881263,left_knee,0.6531658,0.5670636,left_ankle,0.5175372,1.4046055,0,0,0
Not_Fall__Not_Fall_Sit_nf_raw_c_1_C_D_0165_resized,269,C:\Users\ASUS\Downloads\3D_Human_Pose_NCKH\paper_baselines\lin2021_yolov8_lstm_gru\data\paper_skeleton_csv\Not_Fall\Not_Fall_Not_Fall_Sit_nf_raw_c_1_C_D_0165_resized.csv,0,Not_Fall,nose,0.2068583,-1.1096271,neck,0.04974721,-0.9987619,right_shoulder,-0.55077875,-1.0383569,right_elbow,-1.1098696,-0.8085767,right_wrist,-1.0000281,-0.40730494,left_shoulder,0.6502732,-0.95916694,left_elbow,1.076284,-0.68562365,left_wrist,0.9466908,-0.22643445,mid_hip,0.0,0.0,right_hip,-0.39420697,-0.0081681,right_knee,-0.6855464,0.57246226,right_ankle,-0.6810758,1.4535044,left_hip,0.39420697,0.0081681,left_knee,0.66658825,0.5456762,left_ankle,0.5121487,1.3915612,0,0,0
Not_Fall__Not_Fall_Sit_nf_raw_c_1_C_D_0165_resized,270,C:\Users\ASUS\Downloads\3D_Human_Pose_NCKH\paper_baselines\lin2021_yolov8_lstm_gru\data\paper_skeleton_csv\Not_Fall\Not_Fall_Not_Fall_Sit_nf_raw_c_1_C_D_0165_resized.csv,0,Not_Fall,nose,0.20733702,-1.1111906,neck,0.052531693,-0.99861926,right_shoulder,-0.5481343,-1.0378692,right_elbow,-1.1096027,-0.8085101,right_wrist,-1.0000157,-0.40912935,left_shoulder,0.653198,-0.9593691,left_elbow,1.0797917,-0.68689895,left_wrist,0.94999,-0.24040039,mid_hip,0.0,0.0,right_hip,-0.39424095,-0.008190822,right_knee,-0.6830726,0.5713672,right_ankle,-0.679273,1.4511873,left_hip,0.39424095,0.008190822,left_knee,0.66959995,0.5443233,left_ankle,0.5163644,1.3928317,0,0,0
Not_Fall__Not_Fall_Sit_nf_raw_c_1_C_D_0165_resized,271,C:\Users\ASUS\Downloads\3D_Human_Pose_NCKH\paper_baselines\lin2021_yolov8_lstm_gru\data\paper_skeleton_csv\Not_Fall\Not_Fall_Not_Fall_Sit_nf_raw_c_1_C_D_0165_resized.csv,0,Not_Fall,nose,0.22627537,-1.1121956,neck,0.065145925,-0.99787575,right_shoulder,-0.5355864,-1.0451052,right_elbow,-1.108605,-0.7990623,right_wrist,-0.9823501,-0.37879932,left_shoulder,0.66587824,-0.95064634,left_elbow,1.0863109,-0.67651784,left_wrist,0.9498306,-0.18651953,mid_hip,0.0,0.0,right_hip,-0.39511853,-0.011283779,right_knee,-0.6677117,0.53641516,right_ankle,-0.67899066,1.4595809,left_hip,0.39511883,0.01128349,left_knee,0.68233514,0.53049684,left_ankle,0.5255924,1.3818018,0,0,0
Not_Fall__Not_Fall_Sit_nf_raw_c_1_C_D_0165_resized,272,C:\Users\ASUS\Downloads\3D_Human_Pose_NCKH\paper_baselines\lin2021_yolov8_lstm_gru\data\paper_skeleton_csv\Not_Fall\Not_Fall_Not_Fall_Sit_nf_raw_c_1_C_D_0165_resized.csv,0,Not_Fall,nose,0.2276619,-1.1092811,neck,0.06637225,-0.9977949,right_shoulder,-0.53420335,-1.045233,right_elbow,-1.1065133,-0.7964863,right_wrist,-0.98086214,-0.37580428,left_shoulder,0.66694814,-0.95035684,left_elbow,1.0854933,-0.6716117,left_wrist,0.9516491,-0.18923976,mid_hip,0.0,0.0,right_hip,-0.3950738,-0.0113730915,right_knee,-0.66599786,0.536403,right_ankle,-0.67560315,1.4602808,left_hip,0.3950738,0.011373379,left_knee,0.6842282,0.53016824,left_ankle,0.5277043,1.3857058,0,0,0
Not_Fall__Not_Fall_Sit_nf_raw_c_1_C_D_0165_resized,273,C:\Users\ASUS\Downloads\3D_Human_Pose_NCKH\paper_baselines\lin2021_yolov8_lstm_gru\data\paper_skeleton_csv\Not_Fall\Not_Fall_Not_Fall_Sit_nf_raw_c_1_C_D_0165_resized.csv,0,Not_Fall,nose,0.25913736,-1.1199217,neck,0.074354075,-0.9972319,right_shoulder,-0.52771217,-1.0505006,right_elbow,-1.1031656,-0.8130047,right_wrist,-0.98342687,-0.3972916,left_shoulder,0.6764203,-0.943963,left_elbow,1.0971594,-0.6676272,left_wrist,0.95383114,-0.18453957,mid_hip,0.0,0.0,right_hip,-0.39595133,-0.01611812,right_knee,-0.6841885,0.5644175,right_ankle,-0.6540247,1.434991,left_hip,0.39595133,0.01611812,left_knee,0.685845,0.5443786,left_ankle,0.52038425,1.3757807,0,0,0
Not_Fall__Not_Fall_Sit_nf_raw_c_1_C_D_0165_resized,274,C:\Users\ASUS\Downloads\3D_Human_Pose_NCKH\paper_baselines\lin2021_yolov8_lstm_gru\data\paper_skeleton_csv\Not_Fall\Not_Fall_Not_Fall_Sit_nf_raw_c_1_C_D_0165_resized.csv,0,Not_Fall,nose,0.2578528,-1.1200246,neck,0.0734654,-0.9972977,right_shoulder,-0.52327806,-1.0510898,right_elbow,-1.0964715,-0.8133543,right_wrist,-0.97553015,-0.39901397,left_shoulder,0.67020917,-0.94350564,left_elbow,1.089481,-0.6676059,left_wrist,0.9476762,-0.18702342,mid_hip,0.0,0.0,right_hip,-0.39271575,-0.016855467,right_knee,-0.6792061,0.55399424,right_ankle,-0.6486805,1.4149722,left_hip,0.39271605,0.016855467,left_knee,0.6791265,0.5417835,left_ankle,0.5199583,1.366081,0,0,0
Not_Fall__Not_Fall_Sit_nf_raw_c_1_C_D_0165_resized,275,C:\Users\ASUS\Downloads\3D_Human_Pose_NCKH\paper_baselines\lin2021_yolov8_lstm_gru\data\paper_skeleton_csv\Not_Fall\Not_Fall_Not_Fall_Sit_nf_raw_c_1_C_D_0165_resized.csv,0,Not_Fall,nose,0.27870384,-1.1048937,neck,0.09949607,-0.9950379,right_shoulder,-0.49848962,-1.0473164,right_elbow,-1.0832281,-0.8104588,right_wrist,-0.9703437,-0.3873115,left_shoulder,0.69748175,-0.94275934,left_elbow,1.1015704,-0.6620742,left_wrist,0.94116485,-0.13948368,mid_hip,0.0,0.0,right_hip,-0.39277357,-0.01737153,right_knee,-0.67045164,0.5367838,right_ankle,-0.65411544,1.4089305,left_hip,0.39277327,0.01737182,left_knee,0.69295895,0.52175134,left_ankle,0.5331028,1.3690882,0,0,0
Not_Fall__Not_Fall_Sit_nf_raw_c_1_C_D_0165_resized,276,C:\Users\ASUS\Downloads\3D_Human_Pose_NCKH\paper_baselines\lin2021_yolov8_lstm_gru\data\paper_skeleton_csv\Not_Fall\Not_Fall_Not_Fall_Sit_nf_raw_c_1_C_D_0165_resized.csv,0,Not_Fall,nose,0.27200702,-1.1011605,neck,0.086131,-0.9962838,right_shoulder,-0.51033705,-1.0519217,right_elbow,-1.0942926,-0.8014697,right_wrist,-0.981448,-0.36867023,left_shoulder,0.68259877,-0.9406459,left_elbow,1.0838331,-0.6545813,left_wrist,0.9375682,-0.12225568,mid_hip,0.0,0.0,right_hip,-0.39195868,-0.018498363,right_knee,-0.66877353,0.54098576,right_ankle,-0.6528788,1.439698,left_hip,0.39195868,0.01849807,left_knee,0.67962486,0.54088277,left_ankle,0.5314704,1.3994306,0,0,0
Not_Fall__Not_Fall_Sit_nf_raw_c_1_C_D_0165_resized,277,C:\Users\ASUS\Downloads\3D_Human_Pose_NCKH\paper_baselines\lin2021_yolov8_lstm_gru\data\paper_skeleton_csv\Not_Fall\Not_Fall_Not_Fall_Sit_nf_raw_c_1_C_D_0165_resized.csv,0,Not_Fall,nose,0.30216533,-1.0970669,neck,0.10500864,-0.9944714,right_shoulder,-0.48845404,-1.0509106,right_elbow,-1.080438,-0.8098016,right_wrist,-0.99209076,-0.3750843,left_shoulder,0.6984713,-0.938032,left_elbow,1.067537,-0.6381734,left_wrist,0.9355548,-0.12050798,mid_hip,0.0,0.0,right_hip,-0.39051104,-0.019194337,right_knee,-0.67781204,0.5251733,right_ankle,-0.64965165,1.4156755,left_hip,0.39051074,0.019194629,left_knee,0.66585255,0.51125735,left_ankle,0.5331628,1.3868532,0,0,0
Not_Fall__Not_Fall_Sit_nf_raw_c_1_C_D_0165_resized,278,C:\Users\ASUS\Downloads\3D_Human_Pose_NCKH\paper_baselines\lin2021_yolov8_lstm_gru\data\paper_skeleton_csv\Not_Fall\Not_Fall_Not_Fall_Sit_nf_raw_c_1_C_D_0165_resized.csv,0,Not_Fall,nose,0.30319226,-1.096509,neck,0.106190905,-0.9943457,right_shoulder,-0.4908473,-1.0509696,right_elbow,-1.0861605,-0.8088704,right_wrist,-0.9987235,-0.37021196,left_shoulder,0.70322907,-0.93772185,left_elbow,1.0810522,-0.638531,left_wrist,0.9413731,-0.12285117,mid_hip,0.0,0.0,right_hip,-0.39273873,-0.019937867,right_knee,-0.68611354,0.5292316,right_ankle,-0.6569214,1.4243045,left_hip,0.39273873,0.019937867,left_knee,0.6649426,0.5200969,left_ankle,0.5374535,1.4024028,0,0,0
Not_Fall__Not_Fall_Sit_nf_raw_c_1_C_D_0165_resized,279,C:\Users\ASUS\Downloads\3D_Human_Pose_NCKH\paper_baselines\lin2021_yolov8_lstm_gru\data\paper_skeleton_csv\Not_Fall\Not_Fall_Not_Fall_Sit_nf_raw_c_1_C_D_0165_resized.csv,0,Not_Fall,nose,0.3333885,-1.0952224,neck,0.12661466,-0.99195194,right_shoulder,-0.4801009,-1.0557774,right_elbow,-1.075795,-0.8093043,right_wrist,-0.9887503,-0.35511962,left_shoulder,0.73333025,-0.92812645,left_elbow,1.0878886,-0.6125527,left_wrist,0.9567932,-0.09973683,mid_hip,0.0,0.0,right_hip,-0.400861,-0.021851463,right_knee,-0.69273585,0.54148674,right_ankle,-0.6276248,1.4445423,left_hip,0.4008607,0.021851463,left_knee,0.6941569,0.5281383,left_ankle,0.54809827,1.4034127,0,0,0
Not_Fall__Not_Fall_Sit_nf_raw_c_1_C_D_0165_resized,280,C:\Users\ASUS\Downloads\3D_Human_Pose_NCKH\paper_baselines\lin2021_yolov8_lstm_gru\data\paper_skeleton_csv\Not_Fall\Not_Fall_Not_Fall_Sit_nf_raw_c_1_C_D_0165_resized.csv,0,Not_Fall,nose,0.331855,-1.0947461,neck,0.12659606,-0.9919544,right_shoulder,-0.47859246,-1.0561318,right_elbow,-1.0747677,-0.8085043,right_wrist,-0.9846165,-0.3533908,left_shoulder,0.7317843,-0.92777693,left_elbow,1.0867192,-0.6090627,left_wrist,0.9512148,-0.10055004,mid_hip,0.0,0.0,right_hip,-0.3996113,-0.02237274,right_knee,-0.68966943,0.5370089,right_ankle,-0.6239775,1.4350479,left_hip,0.3996113,0.022372445,left_knee,0.68894655,0.5273956,left_ankle,0.5476025,1.4010954,0,0,0
Not_Fall__Not_Fall_Sit_nf_raw_c_1_C_D_0165_resized,281,C:\Users\ASUS\Downloads\3D_Human_Pose_NCKH\paper_baselines\lin2021_yolov8_lstm_gru\data\paper_skeleton_csv\Not_Fall\Not_Fall_Not_Fall_Sit_nf_raw_c_1_C_D_0165_resized.csv,0,Not_Fall,nose,0.33850062,-1.0907854,neck,0.13199002,-0.991251,right_shoulder,-0.47243488,-1.0547128,right_elbow,-1.0651284,-0.8040664,right_wrist,-0.9853093,-0.34377888,left_shoulder,0.7364149,-0.92778915,left_elbow,1.0917182,-0.6257841,left_wrist,0.9447903,-0.10384299,mid_hip,0.0,0.0,right_hip,-0.3989453,-0.023324503,right_knee,-0.68315184,0.5211462,right_ankle,-0.62477136,1.4162191,left_hip,0.398945,0.023324799,left_knee,0.69159955,0.5246397,left_ankle,0.5410142,1.3843573,0,0,0
Not_Fall__Not_Fall_Sit_nf_raw_c_1_C_D_0165_resized,282,C:\Users\ASUS\Downloads\3D_Human_Pose_NCKH\paper_baselines\lin2021_yolov8_lstm_gru\data\paper_skeleton_csv\Not_Fall\Not_Fall_Not_Fall_Sit_nf_raw_c_1_C_D_0165_resized.csv,0,Not_Fall,nose,0.33751836,-1.089589,neck,0.12896924,-0.99164855,right_shoulder,-0.47312382,-1.0539012,right_elbow,-1.0639539,-0.8034021,right_wrist,-0.98555666,-0.34262672,left_shoulder,0.7310626,-0.92939585,left_elbow,1.0927184,-0.6262385,left_wrist,0.94353306,-0.106984526,mid_hip,0.0,0.0,right_hip,-0.3972121,-0.022837635,right_knee,-0.6819786,0.5241509,right_ankle,-0.62489766,1.4129852,left_hip,0.3972121,0.022837931,left_knee,0.6874654,0.5250423,left_ankle,0.54056257,1.3857301,0,0,0
Not_Fall__Not_Fall_Sit_nf_raw_c_1_C_D_0165_resized,283,C:\Users\ASUS\Downloads\3D_Human_Pose_NCKH\paper_baselines\lin2021_yolov8_lstm_gru\data\paper_skeleton_csv\Not_Fall\Not_Fall_Not_Fall_Sit_nf_raw_c_1_C_D_0165_resized.csv,0,Not_Fall,nose,0.34344923,-1.0716999,neck,0.14769162,-0.98903346,right_shoulder,-0.45620808,-1.0483282,right_elbow,-1.067556,-0.78266907,right_wrist,-1.0255784,-0.31610754,left_shoulder,0.7515913,-0.92973864,left_elbow,1.100373,-0.59412265,left_wrist,0.9375628,-0.10130341,mid_hip,0.0,0.0,right_hip,-0.39631063,-0.025472276,right_knee,-0.6693929,0.5647557,right_ankle,-0.60130584,1.4233493,left_hip,0.39631093,0.025472276,left_knee,0.6766276,0.5834154,left_ankle,0.51551837,1.4167337,0,0,0
Not_Fall__Not_Fall_Sit_nf_raw_c_1_C_D_0165_resized,284,C:\Users\ASUS\Downloads\3D_Human_Pose_NCKH\paper_baselines\lin2021_yolov8_lstm_gru\data\paper_skeleton_csv\Not_Fall\Not_Fall_Not_Fall_Sit_nf_raw_c_1_C_D_0165_resized.csv,0,Not_Fall,nose,0.3615003,-1.0834826,neck,0.15489258,-0.9879313,right_shoulder,-0.4583353,-1.0584604,right_elbow,-1.075158,-0.7960758,right_wrist,-1.01555,-0.31716013,left_shoulder,0.76812017,-0.9174021,left_elbow,1.1236506,-0.60721755,left_wrist,0.9690864,-0.09843403,mid_hip,0.0,0.0,right_hip,-0.4051051,-0.026753424,right_knee,-0.68800586,0.54055583,right_ankle,-0.6486065,1.4752121,left_hip,0.4051054,0.026753731,left_knee,0.7120005,0.5535529,left_ankle,0.5753423,1.4295164,0,0,0
Not_Fall__Not_Fall_Sit_nf_raw_c_1_C_D_0165_resized,285,C:\Users\ASUS\Downloads\3D_Human_Pose_NCKH\paper_baselines\lin2021_yolov8_lstm_gru\data\paper_skeleton_csv\Not_Fall\Not_Fall_Not_Fall_Sit_nf_raw_c_1_C_D_0165_resized.csv,0,Not_Fall,nose,0.3369314,-1.0801673,neck,0.12836356,-0.9917272,right_shoulder,-0.48263982,-1.0543034,right_elbow,-1.1026344,-0.78700864,right_wrist,-1.0515153,-0.30899024,left_shoulder,0.73936725,-0.92915094,left_elbow,1.1125208,-0.60128653,left_wrist,0.9212355,-0.07471547,mid_hip,0.0,0.0,right_hip,-0.4009207,-0.025470054,right_knee,-0.6926759,0.55681115,right_ankle,-0.6266625,1.4594047,left_hip,0.4009207,0.025469746,left_knee,0.680748,0.5793468,left_ankle,0.5223781,1.4334908,0,0,0
Not_Fall__Not_Fall_Sit_nf_raw_c_1_C_D_0165_resized,286,C:\Users\ASUS\Downloads\3D_Human_Pose_NCKH\paper_baselines\lin2021_yolov8_lstm_gru\data\paper_skeleton_csv\Not_Fall\Not_Fall_Not_Fall_Sit_nf_raw_c_1_C_D_0165_resized.csv,0,Not_Fall,nose,0.3369258,-1.082646,neck,0.12893291,-0.9916533,right_shoulder,-0.48408595,-1.0540466,right_elbow,-1.1069899,-0.7845666,right_wrist,-1.0537024,-0.30560216,left_shoulder,0.7419514,-0.9292598,left_elbow,1.1191348,-0.59786296,left_wrist,0.9315065,-0.07049337,mid_hip,0.0,0.0,right_hip,-0.40215924,-0.025279382,right_knee,-0.6916398,0.5571131,right_ankle,-0.6300075,1.4658785,left_hip,0.40215954,0.025279382,left_knee,0.68539983,0.5786446,left_ankle,0.52493984,1.4400011,0,0,0
Not_Fall__Not_Fall_Sit_nf_raw_c_1_C_D_0165_resized,287,C:\Users\ASUS\Downloads\3D_Human_Pose_NCKH\paper_baselines\lin2021_yolov8_lstm_gru\data\paper_skeleton_csv\Not_Fall\Not_Fall_Not_Fall_Sit_nf_raw_c_1_C_D_0165_resized.csv,0,Not_Fall,nose,0.35994303,-1.070286,neck,0.13774882,-0.99046725,right_shoulder,-0.49272782,-1.0523965,right_elbow,-1.13545,-0.78392303,right_wrist,-1.0797193,-0.30693805,left_shoulder,0.7682252,-0.9285381,left_elbow,1.120135,-0.593695,left_wrist,0.93049574,-0.0769949,mid_hip,0.0,0.0,right_hip,-0.4137931,-0.024916235,right_knee,-0.73821896,0.5786917,right_ankle,-0.6349989,1.4789196,left_hip,0.4137931,0.02491655,left_knee,0.69268084,0.58907855,left_ankle,0.5349851,1.4663281,0,0,0
Not_Fall__Not_Fall_Sit_nf_raw_c_1_C_D_0165_resized,288,C:\Users\ASUS\Downloads\3D_Human_Pose_NCKH\paper_baselines\lin2021_yolov8_lstm_gru\data\paper_skeleton_csv\Not_Fall\Not_Fall_Not_Fall_Sit_nf_raw_c_1_C_D_0165_resized.csv,0,Not_Fall,nose,0.34974813,-1.0656683,neck,0.12956999,-0.9915703,right_shoulder,-0.49685824,-1.0538024,right_elbow,-1.1289182,-0.7832702,right_wrist,-1.0805926,-0.31177533,left_shoulder,0.7559979,-0.9293384,left_elbow,1.1090163,-0.59589636,left_wrist,0.9267809,-0.07414718,mid_hip,0.0,0.0,right_hip,-0.4109189,-0.025954422,right_knee,-0.74237084,0.5625323,right_ankle,-0.6246877,1.4501551,left_hip,0.4109189,0.025954422,left_knee,0.682509,0.5872415,left_ankle,0.5365766,1.4536147,0,0,0
Not_Fall__Not_Fall_Sit_nf_raw_c_1_C_D_0165_resized,289,C:\Users\ASUS\Downloads\3D_Human_Pose_NCKH\paper_baselines\lin2021_yolov8_lstm_gru\data\paper_skeleton_csv\Not_Fall\Not_Fall_Not_Fall_Sit_nf_raw_c_1_C_D_0165_resized.csv,0,Not_Fall,nose,0.37405568,-1.0549711,neck,0.15285917,-0.98824793,right_shoulder,-0.48289555,-1.0482754,right_elbow,-1.1364871,-0.7773027,right_wrist,-1.0780951,-0.30437553,left_shoulder,0.78861386,-0.9282206,left_elbow,1.1197699,-0.62219524,left_wrist,0.91870373,-0.102192804,mid_hip,0.0,0.0,right_hip,-0.41746056,-0.026890052,right_knee,-0.7580461,0.56282973,right_ankle,-0.6447919,1.46266,left_hip,0.41746023,0.026890052,left_knee,0.690062,0.5954642,left_ankle,0.5282424,1.4768808,0,0,0
Not_Fall__Not_Fall_Sit_nf_raw_c_1_C_D_0165_resized,290,C:\Users\ASUS\Downloads\3D_Human_Pose_NCKH\paper_baselines\lin2021_yolov8_lstm_gru\data\paper_skeleton_csv\Not_Fall\Not_Fall_Not_Fall_Sit_nf_raw_c_1_C_D_0165_resized.csv,0,Not_Fall,nose,0.37277463,-1.0552969,neck,0.15104064,-0.9885276,right_shoulder,-0.48446116,-1.0504824,right_elbow,-1.137592,-0.7788296,right_wrist,-1.0757816,-0.3015037,left_shoulder,0.7865421,-0.9265726,left_elbow,1.1126902,-0.6131389,left_wrist,0.9161959,-0.095199905,mid_hip,0.0,0.0,right_hip,-0.4175598,-0.02702651,right_knee,-0.759759,0.5637898,right_ankle,-0.64598006,1.4647791,left_hip,0.41756013,0.02702651,left_knee,0.6907602,0.592994,left_ankle,0.52690613,1.4724082,0,0,0
Not_Fall__Not_Fall_Sit_nf_raw_c_1_C_D_0165_resized,291,C:\Users\ASUS\Downloads\3D_Human_Pose_NCKH\paper_baselines\lin2021_yolov8_lstm_gru\data\paper_skeleton_csv\Not_Fall\Not_Fall_Not_Fall_Sit_nf_raw_c_1_C_D_0165_resized.csv,0,Not_Fall,nose,0.40143424,-1.0637089,neck,0.1495914,-0.98874784,right_shoulder,-0.496661,-1.0557945,right_elbow,-1.1589992,-0.7921966,right_wrist,-1.0893638,-0.296037,left_shoulder,0.79584414,-0.9217012,left_elbow,1.1277498,-0.6037373,left_wrist,0.93184257,-0.089780256,mid_hip,0.0,0.0,right_hip,-0.42568275,-0.027926132,right_knee,-0.7881366,0.55545884,right_ankle,-0.66343087,1.480821,left_hip,0.42568275,0.027925806,left_knee,0.71110666,0.57866526,left_ankle,0.5400738,1.4900026,0,0,0
Not_Fall__Not_Fall_Sit_nf_raw_c_1_C_D_0165_resized,292,C:\Users\ASUS\Downloads\3D_Human_Pose_NCKH\paper_baselines\lin2021_yolov8_lstm_gru\data\paper_skeleton_csv\Not_Fall\Not_Fall_Not_Fall_Sit_nf_raw_c_1_C_D_0165_resized.csv,0,Not_Fall,nose,0.4031826,-1.0667313,neck,0.1472186,-0.989104,right_shoulder,-0.5009889,-1.0553671,right_elbow,-1.1630754,-0.79217684,right_wrist,-1.0929933,-0.29678887,left_shoulder,0.7954264,-0.92284065,left_elbow,1.1351739,-0.6067023,left_wrist,0.935668,-0.0910112,mid_hip,0.0,0.0,right_hip,-0.42710334,-0.026690273,right_knee,-0.78962654,0.5562597,right_ankle,-0.6631063,1.4908234,left_hip,0.427103,0.026690273,left_knee,0.7181576,0.5703075,left_ankle,0.5461986,1.4892355,0,0,0
Not_Fall__Not_Fall_Sit_nf_raw_c_1_C_D_0165_resized,293,C:\Users\ASUS\Downloads\3D_Human_Pose_NCKH\paper_baselines\lin2021_yolov8_lstm_gru\data\paper_skeleton_csv\Not_Fall\Not_Fall_Not_Fall_Sit_nf_raw_c_1_C_D_0165_resized.csv,0,Not_Fall,nose,0.4143914,-1.064122,neck,0.15885396,-0.98730206,right_shoulder,-0.48742718,-1.0534381,right_elbow,-1.1595386,-0.79399437,right_wrist,-1.1043966,-0.30753952,left_shoulder,0.8051348,-0.9211659,left_elbow,1.1423591,-0.6320798,left_wrist,0.9317113,-0.11201935,mid_hip,0.0,0.0,right_hip,-0.42642632,-0.027659133,right_knee,-0.79049015,0.55731523,right_ankle,-0.66611874,1.4967306,left_hip,0.42642632,0.027659133,left_knee,0.73284787,0.5834227,left_ankle,0.55972266,1.4882,0,0,0
Not_Fall__Not_Fall_Sit_nf_raw_c_1_C_D_0165_resized,294,C:\Users\ASUS\Downloads\3D_Human_Pose_NCKH\paper_baselines\lin2021_yolov8_lstm_gru\data\paper_skeleton_csv\Not_Fall\Not_Fall_Not_Fall_Sit_nf_raw_c_1_C_D_0165_resized.csv,0,Not_Fall,nose,0.41667214,-1.0641254,neck,0.16214293,-0.98676723,right_shoulder,-0.48613977,-1.0553563,right_elbow,-1.1622305,-0.7965323,right_wrist,-1.1068126,-0.30651844,left_shoulder,0.81042564,-0.91817826,left_elbow,1.1475773,-0.6245382,left_wrist,0.9310394,-0.109507635,mid_hip,0.0,0.0,right_hip,-0.42739466,-0.028960448,right_knee,-0.78781265,0.5506948,right_ankle,-0.6658786,1.5014982,left_hip,0.427395,0.028960116,left_knee,0.7325025,0.58115274,left_ankle,0.5600157,1.4921421,0,0,0
Not_Fall__Not_Fall_Sit_nf_raw_c_1_C_D_0165_resized,295,C:\Users\ASUS\Downloads\3D_Human_Pose_NCKH\paper_baselines\lin2021_yolov8_lstm_gru\data\paper_skeleton_csv\Not_Fall\Not_Fall_Not_Fall_Sit_nf_raw_c_1_C_D_0165_resized.csv,0,Not_Fall,nose,0.4520788,-1.0507022,neck,0.1951808,-0.9807673,right_shoulder,-0.4639106,-1.0488299,right_elbow,-1.1393375,-0.78910923,right_wrist,-1.0887226,-0.29593787,left_shoulder,0.85427254,-0.91270447,left_elbow,1.1610675,-0.6273386,left_wrist,0.92432046,-0.12481513,mid_hip,0.0,0.0,right_hip,-0.43578812,-0.030168189,right_knee,-0.80006415,0.5749835,right_ankle,-0.6356373,1.4975127,left_hip,0.43578812,0.030168189,left_knee,0.75602126,0.6063772,left_ankle,0.5642979,1.4936099,0,0,0
Not_Fall__Not_Fall_Sit_nf_raw_c_1_C_D_0165_resized,296,C:\Users\ASUS\Downloads\3D_Human_Pose_NCKH\paper_baselines\lin2021_yolov8_lstm_gru\data\paper_skeleton_csv\Not_Fall\Not_Fall_Not_Fall_Sit_nf_raw_c_1_C_D_0165_resized.csv,0,Not_Fall,nose,0.44776064,-1.0490314,neck,0.19212088,-0.9813713,right_shoulder,-0.46554416,-1.0492214,right_elbow,-1.1429952,-0.7876193,right_wrist,-1.0880455,-0.29451162,left_shoulder,0.8497863,-0.9135211,left_elbow,1.1573861,-0.626241,left_wrist,0.92154354,-0.1266408,mid_hip,0.0,0.0,right_hip,-0.43463755,-0.02957198,right_knee,-0.7986861,0.57209384,right_ankle,-0.63350314,1.5007412,left_hip,0.43463755,0.02957198,left_knee,0.7494842,0.59893936,left_ankle,0.56589884,1.4892792,0,0,0
Not_Fall__Not_Fall_Sit_nf_raw_c_1_C_D_0165_resized,297,C:\Users\ASUS\Downloads\3D_Human_Pose_NCKH\paper_baselines\lin2021_yolov8_lstm_gru\data\paper_skeleton_csv\Not_Fall\Not_Fall_Not_Fall_Sit_nf_raw_c_1_C_D_0165_resized.csv,0,Not_Fall,nose,0.45250285,-1.0228884,neck,0.20379686,-0.97901314,right_shoulder,-0.46220657,-1.0525829,right_elbow,-1.1511035,-0.78906095,right_wrist,-1.1087823,-0.30484354,left_shoulder,0.8698003,-0.9054433,left_elbow,1.1658504,-0.615898,left_wrist,0.93678135,-0.12759931,mid_hip,0.0,0.0,right_hip,-0.44130373,-0.031627208,right_knee,-0.8244524,0.55733246,right_ankle,-0.6498722,1.5292891,left_hip,0.44130373,0.031627208,left_knee,0.7601758,0.5834502,left_ankle,0.5722977,1.4872392,0,0,0
Not_Fall__Not_Fall_Sit_nf_raw_c_1_C_D_0165_resized,298,C:\Users\ASUS\Downloads\3D_Human_Pose_NCKH\paper_baselines\lin2021_yolov8_lstm_gru\data\paper_skeleton_csv\Not_Fall\Not_Fall_Not_Fall_Sit_nf_raw_c_1_C_D_0165_resized.csv,0,Not_Fall,nose,0.45194435,-1.0244675,neck,0.20417579,-0.9789342,right_shoulder,-0.46285978,-1.0536966,right_elbow,-1.1505709,-0.7904284,right_wrist,-1.1077418,-0.30424634,left_shoulder,0.871211,-0.904172,left_elbow,1.1664686,-0.6194277,left_wrist,0.9367822,-0.12917958,mid_hip,0.0,0.0,right_hip,-0.44209054,-0.03275605,right_knee,-0.8282189,0.55690014,right_ankle,-0.64795053,1.5261146,left_hip,0.44209054,0.03275605,left_knee,0.7609506,0.59309995,left_ankle,0.57155985,1.4898759,0,0,0
Not_Fall__Not_Fall_Sit_nf_raw_c_1_C_D_0165_resized,299,C:\Users\ASUS\Downloads\3D_Human_Pose_NCKH\paper_baselines\lin2021_yolov8_lstm_gru\data\paper_skeleton_csv\Not_Fall\Not_Fall_Not_Fall_Sit_nf_raw_c_1_C_D_0165_resized.csv,0,Not_Fall,nose,0.4541296,-1.0080135,neck,0.20661491,-0.97842234,right_shoulder,-0.4525028,-1.0471011,right_elbow,-1.1328403,-0.77813977,right_wrist,-1.0971246,-0.2681565,left_shoulder,0.8657326,-0.90974355,left_elbow,1.1652681,-0.61244863,left_wrist,0.95141,-0.122283466,mid_hip,0.0,0.0,right_hip,-0.43859237,-0.030981282,right_knee,-0.823361,0.5482253,right_ankle,-0.6508935,1.4936227,left_hip,0.43859237,0.030981282,left_knee,0.7671481,0.57528895,left_ankle,0.595182,1.4838222,0,0,0
Not_Fall__Not_Fall_Sit_nf_raw_c_1_C_D_0165_resized,300,C:\Users\ASUS\Downloads\3D_Human_Pose_NCKH\paper_baselines\lin2021_yolov8_lstm_gru\data\paper_skeleton_csv\Not_Fall\Not_Fall_Not_Fall_Sit_nf_raw_c_1_C_D_0165_resized.csv,0,Not_Fall,nose,0.44786844,-1.0341114,neck,0.18280603,-0.983149,right_shoulder,-0.5135982,-1.0677803,right_elbow,-1.2239602,-0.7777594,right_wrist,-1.1822463,-0.25635523,left_shoulder,0.8792106,-0.8985182,left_elbow,1.1976974,-0.5903316,left_wrist,0.98287755,-0.09736859,mid_hip,0.0,0.0,right_hip,-0.46465623,-0.029814754,right_knee,-0.8605604,0.52103454,right_ankle,-0.74072766,1.6031767,left_hip,0.46465623,0.029814754,left_knee,0.84706926,0.5754902,left_ankle,0.6606583,1.5543396,0,0,0
Not_Fall__Not_Fall_Sit_nf_raw_c_1_C_D_0165_resized,301,C:\Users\ASUS\Downloads\3D_Human_Pose_NCKH\paper_baselines\lin2021_yolov8_lstm_gru\data\paper_skeleton_csv\Not_Fall\Not_Fall_Not_Fall_Sit_nf_raw_c_1_C_D_0165_resized.csv,0,Not_Fall,nose,0.44746852,-1.0175954,neck,0.17891847,-0.98386395,right_shoulder,-0.5222504,-1.0662261,right_elbow,-1.2319018,-0.78484833,right_wrist,-1.1832346,-0.2745827,left_shoulder,0.8800873,-0.9015015,left_elbow,1.2136253,-0.620329,left_wrist,0.989182,-0.10149162,mid_hip,0.0,0.0,right_hip,-0.46946,-0.027971793,right_knee,-0.8800747,0.52549803,right_ankle,-0.74063754,1.6108487,left_hip,0.46945965,0.027971793,left_knee,0.86264193,0.5738739,left_ankle,0.67309374,1.5447283,0,0,0
Not_Fall__Not_Fall_Sit_nf_raw_c_1_C_D_0165_resized,302,C:\Users\ASUS\Downloads\3D_Human_Pose_NCKH\paper_baselines\lin2021_yolov8_lstm_gru\data\paper_skeleton_csv\Not_Fall\Not_Fall_Not_Fall_Sit_nf_raw_c_1_C_D_0165_resized.csv,0,Not_Fall,nose,0.451852,-1.0175236,neck,0.18181258,-0.9833332,right_shoulder,-0.51957446,-1.0654244,right_elbow,-1.2342702,-0.78532636,right_wrist,-1.1833123,-0.27252328,left_shoulder,0.8831993,-0.90124226,left_elbow,1.2200649,-0.6183505,left_wrist,0.9929547,-0.10092661,mid_hip,0.0,0.0,right_hip,-0.46925765,-0.027652647,right_knee,-0.8789519,0.522815,right_ankle,-0.7413144,1.6174833,left_hip,0.46925765,0.027652647,left_knee,0.86075085,0.5665837,left_ankle,0.6773257,1.5516462,0,0,0
Not_Fall__Not_Fall_Sit_nf_raw_c_1_C_D_0165_resized,303,C:\Users\ASUS\Downloads\3D_Human_Pose_NCKH\paper_baselines\lin2021_yolov8_lstm_gru\data\paper_skeleton_csv\Not_Fall\Not_Fall_Not_Fall_Sit_nf_raw_c_1_C_D_0165_resized.csv,0,Not_Fall,nose,0.479844,-1.0018976,neck,0.20241831,-0.9792992,right_shoulder,-0.51394033,-1.0610181,right_elbow,-1.2411885,-0.7867052,right_wrist,-1.1684098,-0.26087198,left_shoulder,0.918777,-0.8975798,left_elbow,1.2490746,-0.611175,left_wrist,1.0316373,-0.101735964,mid_hip,0.0,0.0,right_hip,-0.4791217,-0.027517088,right_knee,-0.8839225,0.51010454,right_ankle,-0.74347967,1.6182383,left_hip,0.47912133,0.027517088,left_knee,0.87624156,0.5460365,left_ankle,0.6917626,1.57128,0,0,0
Not_Fall__Not_Fall_Sit_nf_raw_c_1_C_D_0165_resized,304,C:\Users\ASUS\Downloads\3D_Human_Pose_NCKH\paper_baselines\lin2021_yolov8_lstm_gru\data\paper_skeleton_csv\Not_Fall\Not_Fall_Not_Fall_Sit_nf_raw_c_1_C_D_0165_resized.csv,0,Not_Fall,nose,0.48158696,-1.0030005,neck,0.19966903,-0.9798634,right_shoulder,-0.51839155,-1.0622606,right_elbow,-1.2439705,-0.787492,right_wrist,-1.1695672,-0.2566779,left_shoulder,0.9177296,-0.8974658,left_elbow,1.2535478,-0.6091279,left_wrist,1.0341035,-0.09652969,mid_hip,0.0,0.0,right_hip,-0.4801603,-0.027100073,right_knee,-0.8875455,0.51662797,right_ankle,-0.7364233,1.6221422,left_hip,0.48015994,0.027099712,left_knee,0.87603396,0.547331,left_ankle,0.6965431,1.5660077,0,0,0
Not_Fall__Not_Fall_Sit_nf_raw_c_1_C_D_0165_resized,305,C:\Users\ASUS\Downloads\3D_Human_Pose_NCKH\paper_baselines\lin2021_yolov8_lstm_gru\data\paper_skeleton_csv\Not_Fall\Not_Fall_Not_Fall_Sit_nf_raw_c_1_C_D_0165_resized.csv,0,Not_Fall,nose,0.48570186,-1.0044059,neck,0.19598088,-0.98060775,right_shoulder,-0.52643734,-1.0652531,right_elbow,-1.2448748,-0.8025522,right_wrist,-1.1585147,-0.27359775,left_shoulder,0.91839874,-0.8959624,left_elbow,1.2545046,-0.6559554,left_wrist,1.0528089,-0.14118329,mid_hip,0.0,0.0,right_hip,-0.48410612,-0.026325356,right_knee,-0.90361434,0.49388316,right_ankle,-0.7490935,1.6246868,left_hip,0.48410612,0.026325356,left_knee,0.90573543,0.5245317,left_ankle,0.7095337,1.5368409,0,0,0
Not_Fall__Not_Fall_Sit_nf_raw_c_1_C_D_0165_resized,306,C:\Users\ASUS\Downloads\3D_Human_Pose_NCKH\paper_baselines\lin2021_yolov8_lstm_gru\data\paper_skeleton_csv\Not_Fall\Not_Fall_Not_Fall_Sit_nf_raw_c_1_C_D_0165_resized.csv,0,Not_Fall,nose,0.49892285,-1.0069256,neck,0.20831278,-0.97806233,right_shoulder,-0.48862526,-1.0497731,right_elbow,-1.1802064,-0.8031249,right_wrist,-1.1046954,-0.28903952,left_shoulder,0.9052505,-0.90635157,left_elbow,1.2341917,-0.66925526,left_wrist,1.0326955,-0.16079009,mid_hip,0.0,0.0,right_hip,-0.46521366,-0.0286429,right_knee,-0.89291376,0.5330726,right_ankle,-0.67244124,1.5149945,left_hip,0.4652133,0.028642548,left_knee,0.84144264,0.54309285,left_ankle,0.64719516,1.4702307,0,0,0
Not_Fall__Not_Fall_Sit_nf_raw_c_1_C_D_0165_resized,307,C:\Users\ASUS\Downloads\3D_Human_Pose_NCKH\paper_baselines\lin2021_yolov8_lstm_gru\data\paper_skeleton_csv\Not_Fall\Not_Fall_Not_Fall_Sit_nf_raw_c_1_C_D_0165_resized.csv,0,Not_Fall,nose,0.49386817,-0.97162247,neck,0.2272278,-0.9738416,right_shoulder,-0.5016288,-1.0540296,right_elbow,-1.2357328,-0.7759787,right_wrist,-1.1496876,-0.24124637,left_shoulder,0.9560848,-0.8936533,left_elbow,1.2750301,-0.65064424,left_wrist,1.06341,-0.133859,mid_hip,0.0,0.0,right_hip,-0.4891129,-0.026945256,right_knee,-0.9066222,0.4982652,right_ankle,-0.7624177,1.6368458,left_hip,0.4891133,0.026945256,left_knee,0.90110826,0.53217137,left_ankle,0.71281976,1.5547823,0,0,0
Not_Fall__Not_Fall_Sit_nf_raw_c_1_C_D_0165_resized,308,C:\Users\ASUS\Downloads\3D_Human_Pose_NCKH\paper_baselines\lin2021_yolov8_lstm_gru\data\paper_skeleton_csv\Not_Fall\Not_Fall_Not_Fall_Sit_nf_raw_c_1_C_D_0165_resized.csv,0,Not_Fall,nose,0.4938558,-0.9720923,neck,0.22261943,-0.9749054,right_shoulder,-0.5014734,-1.0532182,right_elbow,-1.2320825,-0.7739179,right_wrist,-1.1426246,-0.24355474,left_shoulder,0.94671226,-0.8965922,left_elbow,1.2676665,-0.65512955,left_wrist,1.0600083,-0.13569294,mid_hip,0.0,0.0,right_hip,-0.4861629,-0.025459662,right_knee,-0.90153563,0.4977272,right_ankle,-0.7588972,1.6291171,left_hip,0.4861629,0.025460025,left_knee,0.8973783,0.5245972,left_ankle,0.7142154,1.5422387,0,0,0
Not_Fall__Not_Fall_Sit_nf_raw_c_1_C_D_0165_resized,309,C:\Users\ASUS\Downloads\3D_Human_Pose_NCKH\paper_baselines\lin2021_yolov8_lstm_gru\data\paper_skeleton_csv\Not_Fall\Not_Fall_Not_Fall_Sit_nf_raw_c_1_C_D_0165_resized.csv,0,Not_Fall,nose,0.4937196,-0.9827862,neck,0.20188962,-0.9794083,right_shoulder,-0.52611804,-1.0629685,right_elbow,-1.2344426,-0.7910972,right_wrist,-1.1198014,-0.2457555,left_shoulder,0.92989725,-0.8958477,left_elbow,1.3342794,-0.67185974,left_wrist,1.0821798,-0.17280084,mid_hip,0.0,0.0,right_hip,-0.4885736,-0.02724178,right_knee,-0.9114744,0.47638658,right_ankle,-0.78293097,1.612608,left_hip,0.4885736,0.027242146,left_knee,0.92257416,0.5142288,left_ankle,0.7203695,1.5343852,0,0,0
Not_Fall__Not_Fall_Sit_nf_raw_c_1_C_D_0165_resized,310,C:\Users\ASUS\Downloads\3D_Human_Pose_NCKH\paper_baselines\lin2021_yolov8_lstm_gru\data\paper_skeleton_csv\Not_Fall\Not_Fall_Not_Fall_Sit_nf_raw_c_1_C_D_0165_resized.csv,0,Not_Fall,nose,0.4970241,-0.9836061,neck,0.20637867,-0.9784722,right_shoulder,-0.5223286,-1.0617516,right_elbow,-1.2323312,-0.79008037,right_wrist,-1.1214124,-0.24231121,left_shoulder,0.93508595,-0.8951931,left_elbow,1.336825,-0.6700541,left_wrist,1.0848037,-0.16876799,mid_hip,0.0,0.0,right_hip,-0.48932904,-0.027612837,right_knee,-0.91359496,0.48318094,right_ankle,-0.785836,1.6151397,left_hip,0.48932868,0.027612837,left_knee,0.9241497,0.5224286,left_ankle,0.7231732,1.5391772,0,0,0
Not_Fall__Not_Fall_Sit_nf_raw_c_1_C_D_0165_resized,311,C:\Users\ASUS\Downloads\3D_Human_Pose_NCKH\paper_baselines\lin2021_yolov8_lstm_gru\data\paper_skeleton_csv\Not_Fall\Not_Fall_Not_Fall_Sit_nf_raw_c_1_C_D_0165_resized.csv,0,Not_Fall,nose,0.5288129,-0.9843966,neck,0.2238173,-0.9746312,right_shoulder,-0.5140871,-1.0564685,right_elbow,-1.2091675,-0.8077417,right_wrist,-1.0778906,-0.25549066,left_shoulder,0.9617213,-0.8927935,left_elbow,1.3835304,-0.7049836,left_wrist,1.1165857,-0.19260459,mid_hip,0.0,0.0,right_hip,-0.49474183,-0.031544473,right_knee,-0.93605995,0.48970926,right_ankle,-0.7472644,1.5827589,left_hip,0.49474144,0.031544104,left_knee,0.9285464,0.51378846,left_ankle,0.70698327,1.5097193,0,0,0
Not_Fall__Not_Fall_Sit_nf_raw_c_1_C_D_0165_resized,312,C:\Users\ASUS\Downloads\3D_Human_Pose_NCKH\paper_baselines\lin2021_yolov8_lstm_gru\data\paper_skeleton_csv\Not_Fall\Not_Fall_Not_Fall_Sit_nf_raw_c_1_C_D_0165_resized.csv,0,Not_Fall,nose,0.5159589,-0.98487633,neck,0.21361229,-0.9769185,right_shoulder,-0.52630556,-1.0588385,right_elbow,-1.2588714,-0.78707623,right_wrist,-1.1355296,-0.25028396,left_shoulder,0.95353013,-0.89499855,left_elbow,1.3651147,-0.69351566,left_wrist,1.109062,-0.198091,mid_hip,0.0,0.0,right_hip,-0.49611253,-0.02704948,right_knee,-0.9187279,0.48996437,right_ankle,-0.79324365,1.6231018,left_hip,0.49611253,0.027049107,left_knee,0.9384592,0.5352149,left_ankle,0.7392629,1.5529763,0,0,0
Not_Fall__Not_Fall_Sit_nf_raw_c_1_C_D_0165_resized,313,C:\Users\ASUS\Downloads\3D_Human_Pose_NCKH\paper_baselines\lin2021_yolov8_lstm_gru\data\paper_skeleton_csv\Not_Fall\Not_Fall_Not_Fall_Sit_nf_raw_c_1_C_D_0165_resized.csv,0,Not_Fall,nose,0.57366216,-0.984675,neck,0.2326481,-0.972561,right_shoulder,-0.5017126,-1.0442425,right_elbow,-1.1948587,-0.80463165,right_wrist,-1.0628775,-0.2848581,left_shoulder,0.9670088,-0.90087956,left_elbow,1.4053626,-0.74296975,left_wrist,1.1363436,-0.24341871,mid_hip,0.0,0.0,right_hip,-0.49172089,-0.027150696,right_knee,-0.9255154,0.4858628,right_ankle,-0.71683997,1.5414642,left_hip,0.49172089,0.027150696,left_knee,0.9336089,0.49630103,left_ankle,0.7239702,1.5037907,0,0,0
Not_Fall__Not_Fall_Sit_nf_raw_c_1_C_D_0165_resized,314,C:\Users\ASUS\Downloads\3D_Human_Pose_NCKH\paper_baselines\lin2021_yolov8_lstm_gru\data\paper_skeleton_csv\Not_Fall\Not_Fall_Not_Fall_Sit_nf_raw_c_1_C_D_0165_resized.csv,0,Not_Fall,nose,0.57097656,-0.9852377,neck,0.2321939,-0.97266954,right_shoulder,-0.5054855,-1.0443981,right_elbow,-1.1955005,-0.8059847,right_wrist,-1.0635597,-0.28528857,left_shoulder,0.96987295,-0.900941,left_elbow,1.4090697,-0.7393857,left_wrist,1.137503,-0.24418353,mid_hip,0.0,0.0,right_hip,-0.49369153,-0.027188119,right_knee,-0.93400425,0.48327312,right_ankle,-0.71578455,1.5375925,left_hip,0.49369192,0.027188119,left_knee,0.93264854,0.48985237,left_ankle,0.7205275,1.4978524,0,0,0
Not_Fall__Not_Fall_Sit_nf_raw_c_1_C_D_0165_resized,315,C:\Users\ASUS\Downloads\3D_Human_Pose_NCKH\paper_baselines\lin2021_yolov8_lstm_gru\data\paper_skeleton_csv\Not_Fall\Not_Fall_Not_Fall_Sit_nf_raw_c_1_C_D_0165_resized.csv,0,Not_Fall,nose,0.57014966,-0.96597934,neck,0.23452815,-0.9721093,right_shoulder,-0.501954,-1.0418732,right_elbow,-1.2024059,-0.8068886,right_wrist,-1.0416707,-0.28465426,left_shoulder,0.97100997,-0.9023451,left_elbow,1.3871367,-0.7716439,left_wrist,1.1180719,-0.24604072,mid_hip,0.0,0.0,right_hip,-0.4918614,-0.026577897,right_knee,-0.9383472,0.43488654,right_ankle,-0.7275458,1.5054886,left_hip,0.49186105,0.026578262,left_knee,0.9212102,0.4490718,left_ankle,0.7133139,1.4691049,0,0,0
Not_Fall__Not_Fall_Sit_nf_raw_c_1_C_D_0165_resized,316,C:\Users\ASUS\Downloads\3D_Human_Pose_NCKH\paper_baselines\lin2021_yolov8_lstm_gru\data\paper_skeleton_csv\Not_Fall\Not_Fall_Not_Fall_Sit_nf_raw_c_1_C_D_0165_resized.csv,0,Not_Fall,nose,0.56818485,-0.96662605,neck,0.23731351,-0.97143316,right_shoulder,-0.49965808,-1.0429355,right_elbow,-1.2038003,-0.80846006,right_wrist,-1.0426141,-0.28494698,left_shoulder,0.9742855,-0.8999305,left_elbow,1.3874384,-0.768007,left_wrist,1.1164392,-0.24653834,mid_hip,0.0,0.0,right_hip,-0.49220538,-0.027604513,right_knee,-0.9383168,0.43036756,right_ankle,-0.7336275,1.5078794,left_hip,0.49220574,0.027604513,left_knee,0.9210859,0.44855875,left_ankle,0.7125588,1.4694544,0,0,0
Not_Fall__Not_Fall_Sit_nf_raw_c_1_C_D_0165_resized,317,C:\Users\ASUS\Downloads\3D_Human_Pose_NCKH\paper_baselines\lin2021_yolov8_lstm_gru\data\paper_skeleton_csv\Not_Fall\Not_Fall_Not_Fall_Sit_nf_raw_c_1_C_D_0165_resized.csv,0,Not_Fall,nose,0.56543964,-0.9881867,neck,0.24654953,-0.9691302,right_shoulder,-0.47989014,-1.0459967,right_elbow,-1.1589237,-0.8062116,right_wrist,-0.9872446,-0.2853613,left_shoulder,0.9729892,-0.8922634,left_elbow,1.4075376,-0.78459495,left_wrist,1.122584,-0.2521427,mid_hip,0.0,0.0,right_hip,-0.48753673,-0.030425834,right_knee,-0.9070489,0.38814983,right_ankle,-0.7164606,1.4762177,left_hip,0.48753673,0.030425834,left_knee,0.95047814,0.4342117,left_ankle,0.74761593,1.4126222,0,0,0
Not_Fall__Not_Fall_Sit_nf_raw_c_1_C_D_0165_resized,318,C:\Users\ASUS\Downloads\3D_Human_Pose_NCKH\paper_baselines\lin2021_yolov8_lstm_gru\data\paper_skeleton_csv\Not_Fall\Not_Fall_Not_Fall_Sit_nf_raw_c_1_C_D_0165_resized.csv,0,Not_Fall,nose,0.56865066,-0.9868662,neck,0.24932256,-0.9684205,right_shoulder,-0.4835327,-1.0468218,right_elbow,-1.1689951,-0.80422026,right_wrist,-0.9958104,-0.27863383,left_shoulder,0.98217785,-0.8900195,left_elbow,1.4219085,-0.776551,left_wrist,1.1299036,-0.23968492,mid_hip,0.0,0.0,right_hip,-0.49168736,-0.031345353,right_knee,-0.916364,0.400216,right_ankle,-0.7264005,1.4993074,left_hip,0.49168772,0.031345353,left_knee,0.95139784,0.4488559,left_ankle,0.7492241,1.433756,0,0,0
Not_Fall__Not_Fall_Sit_nf_raw_c_1_C_D_0165_resized,319,C:\Users\ASUS\Downloads\3D_Human_Pose_NCKH\paper_baselines\lin2021_yolov8_lstm_gru\data\paper_skeleton_csv\Not_Fall\Not_Fall_Not_Fall_Sit_nf_raw_c_1_C_D_0165_resized.csv,0,Not_Fall,nose,0.5558435,-0.9694813,neck,0.24987783,-0.9682774,right_shoulder,-0.4894065,-1.0381898,right_elbow,-1.1867268,-0.7740112,right_wrist,-0.991955,-0.25728816,left_shoulder,0.9891618,-0.8983647,left_elbow,1.430927,-0.7891996,left_wrist,1.139928,-0.2520448,mid_hip,0.0,0.0,right_hip,-0.4954261,-0.0277821,right_knee,-0.9198435,0.42679307,right_ankle,-0.7591075,1.5134444,left_hip,0.4954261,0.0277821,left_knee,0.9538646,0.46662724,left_ankle,0.7323399,1.4371525,0,0,0
Not_Fall__Not_Fall_Sit_nf_raw_c_1_C_D_0165_resized,320,C:\Users\ASUS\Downloads\3D_Human_Pose_NCKH\paper_baselines\lin2021_yolov8_lstm_gru\data\paper_skeleton_csv\Not_Fall\Not_Fall_Not_Fall_Sit_nf_raw_c_1_C_D_0165_resized.csv,0,Not_Fall,nose,0.56556356,-0.9670676,neck,0.25612164,-0.9666446,right_shoulder,-0.4825132,-1.0379084,right_elbow,-1.1797547,-0.77351975,right_wrist,-0.98689497,-0.25801805,left_shoulder,0.99475646,-0.8953803,left_elbow,1.4348335,-0.7877227,left_wrist,1.1457168,-0.25043753,mid_hip,0.0,0.0,right_hip,-0.4952181,-0.028328713,right_knee,-0.912268,0.4222588,right_ankle,-0.75842375,1.5147791,left_hip,0.4952185,0.028328713,left_knee,0.96187264,0.46483272,left_ankle,0.7389542,1.4384812,0,0,0
Not_Fall__Not_Fall_Sit_nf_raw_c_1_C_D_0165_resized,321,C:\Users\ASUS\Downloads\3D_Human_Pose_NCKH\paper_baselines\lin2021_yolov8_lstm_gru\data\paper_skeleton_csv\Not_Fall\Not_Fall_Not_Fall_Sit_nf_raw_c_1_C_D_0165_resized.csv,0,Not_Fall,nose,0.6142643,-0.9739139,neck,0.2774683,-0.96073484,right_shoulder,-0.46430245,-1.0296676,right_elbow,-1.159448,-0.76631993,right_wrist,-0.9199768,-0.24843644,left_shoulder,1.0192391,-0.891802,left_elbow,1.4839404,-0.8083763,left_wrist,1.1735574,-0.27266094,mid_hip,0.0,0.0,right_hip,-0.49772993,-0.026176972,right_knee,-0.8807488,0.39831272,right_ankle,-0.7480445,1.5030893,left_hip,0.49772993,0.026176604,left_knee,1.0058191,0.43572882,left_ankle,0.77287537,1.4370716,0,0,0
Not_Fall__Not_Fall_Sit_nf_raw_c_1_C_D_0165_resized,322,C:\Users\ASUS\Downloads\3D_Human_Pose_NCKH\paper_baselines\lin2021_yolov8_lstm_gru\data\paper_skeleton_csv\Not_Fall\Not_Fall_Not_Fall_Sit_nf_raw_c_1_C_D_0165_resized.csv,0,Not_Fall,nose,0.61005986,-0.97106886,neck,0.27711818,-0.96083593,right_shoulder,-0.4650028,-1.0282661,right_elbow,-1.1659235,-0.7617477,right_wrist,-0.9273379,-0.2436405,left_shoulder,1.0192392,-0.8934061,left_elbow,1.4802479,-0.8063052,left_wrist,1.1691557,-0.2682357,mid_hip,0.0,0.0,right_hip,-0.4981402,-0.025782766,right_knee,-0.884531,0.40776452,right_ankle,-0.75480324,1.5119283,left_hip,0.49814057,0.025782766,left_knee,1.000034,0.4436376,left_ankle,0.7727045,1.4462063,0,0,0
Not_Fall__Not_Fall_Sit_nf_raw_c_1_C_D_0165_resized,323,C:\Users\ASUS\Downloads\3D_Human_Pose_NCKH\paper_baselines\lin2021_yolov8_lstm_gru\data\paper_skeleton_csv\Not_Fall\Not_Fall_Not_Fall_Sit_nf_raw_c_1_C_D_0165_resized.csv,0,Not_Fall,nose,0.5936896,-0.9831621,neck,0.26208577,-0.9650446,right_shoulder,-0.4683108,-1.02354,right_elbow,-1.1384878,-0.7610164,right_wrist,-0.8888612,-0.24948283,left_shoulder,0.99248236,-0.90654886,left_elbow,1.4488631,-0.8371267,left_wrist,1.1457782,-0.3105076,mid_hip,0.0,0.0,right_hip,-0.49214202,-0.02204324,right_knee,-0.89003915,0.37043574,right_ankle,-0.76005447,1.4335797,left_hip,0.49214202,0.02204324,left_knee,0.980601,0.39085007,left_ankle,0.7566407,1.3729974,0,0,0
Not_Fall__Not_Fall_Sit_nf_raw_c_1_C_D_0165_resized,324,C:\Users\ASUS\Downloads\3D_Human_Pose_NCKH\paper_baselines\lin2021_yolov8_lstm_gru\data\paper_skeleton_csv\Not_Fall\Not_Fall_Not_Fall_Sit_nf_raw_c_1_C_D_0165_resized.csv,0,Not_Fall,nose,0.5985718,-0.9771871,neck,0.2625492,-0.9649187,right_shoulder,-0.47282606,-1.0250258,right_elbow,-1.1507192,-0.76221067,right_wrist,-0.8945504,-0.24630906,left_shoulder,0.9979248,-0.90481144,left_elbow,1.4522126,-0.8207392,left_wrist,1.1462761,-0.3032339,mid_hip,0.0,0.0,right_hip,-0.49446464,-0.022189418,right_knee,-0.8914739,0.3791021,right_ankle,-0.7494301,1.4365298,left_hip,0.49446464,0.022189418,left_knee,0.96433526,0.39244217,left_ankle,0.7514978,1.3779523,0,0,0
Not_Fall__Not_Fall_Sit_nf_raw_c_1_C_D_0165_resized,325,C:\Users\ASUS\Downloads\3D_Human_Pose_NCKH\paper_baselines\lin2021_yolov8_lstm_gru\data\paper_skeleton_csv\Not_Fall\Not_Fall_Not_Fall_Sit_nf_raw_c_1_C_D_0165_resized.csv,0,Not_Fall,nose,0.5624951,-0.9953,neck,0.23951593,-0.9708924,right_shoulder,-0.48406798,-1.0245899,right_elbow,-1.1431696,-0.75483334,right_wrist,-0.89954585,-0.25161412,left_shoulder,0.96309984,-0.9171946,left_elbow,1.4303119,-0.84653425,left_wrist,1.128803,-0.33983582,mid_hip,0.0,0.0,right_hip,-0.4873212,-0.020437429,right_knee,-0.9069472,0.3458851,right_ankle,-0.77027154,1.4037035,left_hip,0.4873212,0.020437429,left_knee,0.9523442,0.36311525,left_ankle,0.740507,1.3469664,0,0,0
Not_Fall__Not_Fall_Sit_nf_raw_c_1_C_D_0165_resized,326,C:\Users\ASUS\Downloads\3D_Human_Pose_NCKH\paper_baselines\lin2021_yolov8_lstm_gru\data\paper_skeleton_csv\Not_Fall\Not_Fall_Not_Fall_Sit_nf_raw_c_1_C_D_0165_resized.csv,0,Not_Fall,nose,0.5652086,-0.9955605,neck,0.2404133,-0.97067064,right_shoulder,-0.48582652,-1.0259033,right_elbow,-1.1453463,-0.7557378,right_wrist,-0.9008894,-0.25044414,left_shoulder,0.96665347,-0.91543835,left_elbow,1.4356446,-0.8449534,left_wrist,1.135069,-0.3382794,mid_hip,0.0,0.0,right_hip,-0.4889985,-0.021220203,right_knee,-0.90712816,0.3471377,right_ankle,-0.76891285,1.4077846,left_hip,0.4889985,0.021219844,left_knee,0.95729285,0.36948833,left_ankle,0.7442463,1.3545552,0,0,0
Not_Fall__Not_Fall_Sit_nf_raw_c_1_C_D_0165_resized,327,C:\Users\ASUS\Downloads\3D_Human_Pose_NCKH\paper_baselines\lin2021_yolov8_lstm_gru\data\paper_skeleton_csv\Not_Fall\Not_Fall_Not_Fall_Sit_nf_raw_c_1_C_D_0165_resized.csv,0,Not_Fall,nose,0.57114094,-0.99295896,neck,0.24925987,-0.9684366,right_shoulder,-0.47311535,-1.0194924,right_elbow,-1.1184149,-0.7335572,right_wrist,-0.8723648,-0.24109629,left_shoulder,0.97163475,-0.9173808,left_elbow,1.4411404,-0.84384024,left_wrist,1.1351879,-0.354227,mid_hip,0.0,0.0,right_hip,-0.4878988,-0.020018814,right_knee,-0.906179,0.3466173,right_ankle,-0.7655524,1.3969392,left_hip,0.48789915,0.020018814,left_knee,0.96673363,0.3676044,left_ankle,0.76092196,1.3472079,0,0,0
Not_Fall__Not_Fall_Sit_nf_raw_c_1_C_D_0165_resized,328,C:\Users\ASUS\Downloads\3D_Human_Pose_NCKH\paper_baselines\lin2021_yolov8_lstm_gru\data\paper_skeleton_csv\Not_Fall\Not_Fall_Not_Fall_Sit_nf_raw_c_1_C_D_0165_resized.csv,0,Not_Fall,nose,0.5627589,-0.9951004,neck,0.24197087,-0.9702835,right_shoulder,-0.48228619,-1.0213046,right_elbow,-1.129297,-0.7362967,right_wrist,-0.8835697,-0.24227397,left_shoulder,0.96622795,-0.91926235,left_elbow,1.4346465,-0.84652096,left_wrist,1.1321671,-0.3566629,mid_hip,0.0,0.0,right_hip,-0.48933068,-0.020026576,right_knee,-0.91733736,0.34931493,right_ankle,-0.77385175,1.3960394,left_hip,0.48933068,0.020026576,left_knee,0.9614661,0.37110615,left_ankle,0.75608855,1.3472157,0,0,0
Not_Fall__Not_Fall_Sit_nf_raw_c_1_C_D_0165_resized,329,C:\Users\ASUS\Downloads\3D_Human_Pose_NCKH\paper_baselines\lin2021_yolov8_lstm_gru\data\paper_skeleton_csv\Not_Fall\Not_Fall_Not_Fall_Sit_nf_raw_c_1_C_D_0165_resized.csv,0,Not_Fall,nose,0.52388513,-1.0078692,neck,0.22461458,-0.9744477,right_shoulder,-0.5048499,-1.0221843,right_elbow,-1.142974,-0.72556394,right_wrist,-0.8796801,-0.2331293,left_shoulder,0.9540791,-0.92671156,left_elbow,1.4342648,-0.8581422,left_wrist,1.1244053,-0.35830578,mid_hip,0.0,0.0,right_hip,-0.49247265,-0.020218814,right_knee,-0.94033223,0.31883022,right_ankle,-0.7886779,1.3603791,left_hip,0.4924723,0.020218456,left_knee,0.94797844,0.35739034,left_ankle,0.72855085,1.3242592,0,0,0
Not_Fall__Not_Fall_Sit_nf_raw_c_1_C_D_0165_resized,330,C:\Users\ASUS\Downloads\3D_Human_Pose_NCKH\paper_baselines\lin2021_yolov8_lstm_gru\data\paper_skeleton_csv\Not_Fall\Not_Fall_Not_Fall_Sit_nf_raw_c_1_C_D_0165_resized.csv,0,Not_Fall,nose,0.53263956,-1.0054715,neck,0.2355604,-0.97185975,right_shoulder,-0.4961288,-1.0205936,right_elbow,-1.1367682,-0.7218401,right_wrist,-0.87492406,-0.22893047,left_shoulder,0.9672496,-0.9231258,left_elbow,1.4451193,-0.853966,left_wrist,1.1361432,-0.35362878,mid_hip,0.0,0.0,right_hip,-0.49397716,-0.020988226,right_knee,-0.9360285,0.32105875,right_ankle,-0.78561234,1.3698168,left_hip,0.49397716,0.020988585,left_knee,0.9555,0.3624567,left_ankle,0.7350374,1.3317889,0,0,0
Not_Fall__Not_Fall_Sit_nf_raw_c_1_C_D_0165_resized,331,C:\Users\ASUS\Downloads\3D_Human_Pose_NCKH\paper_baselines\lin2021_yolov8_lstm_gru\data\paper_skeleton_csv\Not_Fall\Not_Fall_Not_Fall_Sit_nf_raw_c_1_C_D_0165_resized.csv,0,Not_Fall,nose,0.5315191,-1.0231115,neck,0.2249148,-0.9743784,right_shoulder,-0.50484914,-1.0137516,right_elbow,-1.1294204,-0.71160704,right_wrist,-0.8646008,-0.24058743,left_shoulder,0.9546788,-0.9350055,left_elbow,1.4399698,-0.8744803,left_wrist,1.1354884,-0.4070797,mid_hip,0.0,0.0,right_hip,-0.49162126,-0.016667971,right_knee,-0.9363658,0.31086475,right_ankle,-0.7777362,1.3271755,left_hip,0.4916209,0.016667616,left_knee,0.94018465,0.332502,left_ankle,0.7290672,1.2948534,0,0,0
Not_Fall__Not_Fall_Sit_nf_raw_c_1_C_D_0165_resized,332,C:\Users\ASUS\Downloads\3D_Human_Pose_NCKH\paper_baselines\lin2021_yolov8_lstm_gru\data\paper_skeleton_csv\Not_Fall\Not_Fall_Not_Fall_Sit_nf_raw_c_1_C_D_0165_resized.csv,0,Not_Fall,nose,0.5320286,-1.0223014,neck,0.22295503,-0.97482866,right_shoulder,-0.5076493,-1.014076,right_elbow,-1.1311342,-0.70932186,right_wrist,-0.8643966,-0.23993528,left_shoulder,0.95355976,-0.9355814,left_elbow,1.437487,-0.87423337,left_wrist,1.1367488,-0.40505818,mid_hip,0.0,0.0,right_hip,-0.4925871,-0.016335906,right_knee,-0.9413792,0.31120685,right_ankle,-0.7819317,1.3295069,left_hip,0.49258745,0.016335906,left_knee,0.94240856,0.33140236,left_ankle,0.72930855,1.2942331,0,0,0
Not_Fall__Not_Fall_Sit_nf_raw_c_1_C_D_0165_resized,333,C:\Users\ASUS\Downloads\3D_Human_Pose_NCKH\paper_baselines\lin2021_yolov8_lstm_gru\data\paper_skeleton_csv\Not_Fall\Not_Fall_Not_Fall_Sit_nf_raw_c_1_C_D_0165_resized.csv,0,Not_Fall,nose,0.47354332,-1.0423088,neck,0.18896013,-0.98198473,right_shoulder,-0.49173042,-1.0089046,right_elbow,-1.0773517,-0.7049622,right_wrist,-0.84945595,-0.29778814,left_shoulder,0.8696507,-0.95506465,left_elbow,1.3131688,-0.8390779,left_wrist,1.0503143,-0.42990577,mid_hip,0.0,0.0,right_hip,-0.4541875,-0.013993959,right_knee,-0.9359787,0.30240873,right_ankle,-0.6879862,1.1480188,left_hip,0.45418718,0.013993959,left_knee,0.83879536,0.28503516,left_ankle,0.6268685,1.1516852,0,0,0
Not_Fall__Not_Fall_Sit_nf_raw_c_1_C_D_0165_resized,334,C:\Users\ASUS\Downloads\3D_Human_Pose_NCKH\paper_baselines\lin2021_yolov8_lstm_gru\data\paper_skeleton_csv\Not_Fall\Not_Fall_Not_Fall_Sit_nf_raw_c_1_C_D_0165_resized.csv,0,Not_Fall,nose,0.47623998,-1.0381767,neck,0.19231117,-0.981334,right_shoulder,-0.4888402,-1.0085859,right_elbow,-1.0788218,-0.7015214,right_wrist,-0.8481791,-0.29241717,left_shoulder,0.8734622,-0.954082,left_elbow,1.3162471,-0.8351266,left_wrist,1.0517035,-0.42500952,mid_hip,0.0,0.0,right_hip,-0.45431674,-0.014429862,right_knee,-0.9343191,0.30866152,right_ankle,-0.6866934,1.1538572,left_hip,0.45431674,0.014429862,left_knee,0.83512926,0.29429597,left_ankle,0.62781584,1.1603025,0,0,0
Not_Fall__Not_Fall_Sit_nf_raw_c_1_C_D_0165_resized,335,C:\Users\ASUS\Downloads\3D_Human_Pose_NCKH\paper_baselines\lin2021_yolov8_lstm_gru\data\paper_skeleton_csv\Not_Fall\Not_Fall_Not_Fall_Sit_nf_raw_c_1_C_D_0165_resized.csv,0,Not_Fall,nose,0.45123556,-1.0605555,neck,0.16997665,-0.98544806,right_shoulder,-0.51425356,-1.0126294,right_elbow,-1.0796063,-0.6988478,right_wrist,-0.8551024,-0.304551,left_shoulder,0.85420656,-0.9582664,left_elbow,1.3167002,-0.8340298,left_wrist,1.0467981,-0.44320074,mid_hip,0.0,0.0,right_hip,-0.4563999,-0.014314704,right_knee,-0.9625045,0.30562067,right_ankle,-0.6948194,1.1472256,left_hip,0.45640022,0.014314704,left_knee,0.8222922,0.29063118,left_ankle,0.6160661,1.1431941,0,0,0
Not_Fall__Not_Fall_Sit_nf_raw_c_1_C_D_0165_resized,336,C:\Users\ASUS\Downloads\3D_Human_Pose_NCKH\paper_baselines\lin2021_yolov8_lstm_gru\data\paper_skeleton_csv\Not_Fall\Not_Fall_Not_Fall_Sit_nf_raw_c_1_C_D_0165_resized.csv,0,Not_Fall,nose,0.4357219,-1.0633568,neck,0.16185407,-0.9868147,right_shoulder,-0.5180799,-1.0120778,right_elbow,-1.0842872,-0.69512194,right_wrist,-0.8586816,-0.30495155,left_shoulder,0.841788,-0.96155196,left_elbow,1.3125428,-0.8403698,left_wrist,1.0340164,-0.44827965,mid_hip,0.0,0.0,right_hip,-0.4535445,-0.013266495,right_knee,-0.9462661,0.29451397,right_ankle,-0.7050649,1.1464111,left_hip,0.45354414,0.013266159,left_knee,0.8174952,0.27846864,left_ankle,0.6206234,1.1329465,0,0,0
Not_Fall__Not_Fall_Sit_nf_raw_c_1_C_D_0165_resized,337,C:\Users\ASUS\Downloads\3D_Human_Pose_NCKH\paper_baselines\lin2021_yolov8_lstm_gru\data\paper_skeleton_csv\Not_Fall\Not_Fall_Not_Fall_Sit_nf_raw_c_1_C_D_0165_resized.csv,0,Not_Fall,nose,0.40076742,-1.0670301,neck,0.15203802,-0.9883747,right_shoulder,-0.5527905,-1.0189099,right_elbow,-1.1302211,-0.71221393,right_wrist,-0.8834662,-0.28907096,left_shoulder,0.8568666,-0.9578394,left_elbow,1.3643137,-0.90136886,left_wrist,1.0548468,-0.47549164,mid_hip,0.0,0.0,right_hip,-0.47474226,-0.013857606,right_knee,-0.9727308,0.22407791,right_ankle,-0.8086114,1.245584,left_hip,0.47474226,0.013857952,left_knee,0.8535602,0.24278295,left_ankle,0.65919167,1.1841631,0,0,0
Not_Fall__Not_Fall_Sit_nf_raw_c_1_C_D_0165_resized,338,C:\Users\ASUS\Downloads\3D_Human_Pose_NCKH\paper_baselines\lin2021_yolov8_lstm_gru\data\paper_skeleton_csv\Not_Fall\Not_Fall_Not_Fall_Sit_nf_raw_c_1_C_D_0165_resized.csv,0,Not_Fall,nose,0.39995146,-1.0680526,neck,0.15348712,-0.98815066,right_shoulder,-0.5540456,-1.0195962,right_elbow,-1.1355268,-0.71311706,right_wrist,-0.89036286,-0.2861664,left_shoulder,0.86101985,-0.9567051,left_elbow,1.3681684,-0.90046287,left_wrist,1.0589857,-0.4767536,mid_hip,0.0,0.0,right_hip,-0.4765304,-0.014458637,right_knee,-0.9811332,0.23045823,right_ankle,-0.8159814,1.2582383,left_hip,0.4765304,0.014458637,left_knee,0.8517012,0.2501966,left_ankle,0.65950567,1.1928269,0,0,0
Not_Fall__Not_Fall_Sit_nf_raw_c_1_C_D_0165_resized,339,C:\Users\ASUS\Downloads\3D_Human_Pose_NCKH\paper_baselines\lin2021_yolov8_lstm_gru\data\paper_skeleton_csv\Not_Fall\Not_Fall_Not_Fall_Sit_nf_raw_c_1_C_D_0165_resized.csv,0,Not_Fall,nose,0.40308428,-1.082252,neck,0.1525333,-0.98829836,right_shoulder,-0.578304,-1.0139077,right_elbow,-1.1433461,-0.6944272,right_wrist,-0.91433024,-0.2676829,left_shoulder,0.8833706,-0.96268904,left_elbow,1.4261494,-0.881333,left_wrist,1.0880064,-0.4396705,mid_hip,0.0,0.0,right_hip,-0.491368,-0.013771047,right_knee,-1.0142565,0.28331357,right_ankle,-0.8352693,1.3108176,left_hip,0.49136764,0.013770688,left_knee,0.86838126,0.29603177,left_ankle,0.67016345,1.2616742,0,0,0
Not_Fall__Not_Fall_Sit_nf_raw_c_1_C_D_0165_resized,340,C:\Users\ASUS\Downloads\3D_Human_Pose_NCKH\paper_baselines\lin2021_yolov8_lstm_gru\data\paper_skeleton_csv\Not_Fall\Not_Fall_Not_Fall_Sit_nf_raw_c_1_C_D_0165_resized.csv,0,Not_Fall,nose,0.40514356,-1.0814903,neck,0.15536621,-0.987857,right_shoulder,-0.5748524,-1.0140203,right_elbow,-1.1359977,-0.6946709,right_wrist,-0.9062036,-0.2681215,left_shoulder,0.88558483,-0.96169364,left_elbow,1.4271749,-0.8825683,left_wrist,1.0886388,-0.44146004,mid_hip,0.0,0.0,right_hip,-0.4909785,-0.014078843,right_knee,-1.0088404,0.27701873,right_ankle,-0.82801676,1.3054798,left_hip,0.49097815,0.014078486,left_knee,0.8748962,0.29243442,left_ankle,0.6710112,1.2573612,0,0,0
Not_Fall__Not_Fall_Sit_nf_raw_c_1_C_D_0165_resized,341,C:\Users\ASUS\Downloads\3D_Human_Pose_NCKH\paper_baselines\lin2021_yolov8_lstm_gru\data\paper_skeleton_csv\Not_Fall\Not_Fall_Not_Fall_Sit_nf_raw_c_1_C_D_0165_resized.csv,0,Not_Fall,nose,0.38163954,-1.0847602,neck,0.15290202,-0.9882414,right_shoulder,-0.57008165,-1.0125695,right_elbow,-1.1098415,-0.6863972,right_wrist,-0.89903134,-0.27264163,left_shoulder,0.87588567,-0.9639129,left_elbow,1.4187307,-0.8732224,left_wrist,1.0893505,-0.43943164,mid_hip,0.0,0.0,right_hip,-0.48717618,-0.015781967,right_knee,-1.0107837,0.2598943,right_ankle,-0.83365816,1.2833048,left_hip,0.48717618,0.015781613,left_knee,0.8606122,0.29180232,left_ankle,0.6557057,1.2645392,0,0,0
Not_Fall__Not_Fall_Sit_nf_raw_c_1_C_D_0165_resized,342,C:\Users\ASUS\Downloads\3D_Human_Pose_NCKH\paper_baselines\lin2021_yolov8_lstm_gru\data\paper_skeleton_csv\Not_Fall\Not_Fall_Not_Fall_Sit_nf_raw_c_1_C_D_0165_resized.csv,0,Not_Fall,nose,0.38401031,-1.0815334,neck,0.15751906,-0.987516,right_shoulder,-0.5665746,-1.0122385,right_elbow,-1.1062372,-0.6861488,right_wrist,-0.8936739,-0.27249208,left_shoulder,0.88161266,-0.9627931,left_elbow,1.4214365,-0.87416136,left_wrist,1.0943407,-0.4408617,mid_hip,0.0,0.0,right_hip,-0.48769438,-0.015731312,right_knee,-1.0052868,0.25924042,right_ankle,-0.8246971,1.2834203,left_hip,0.48769474,0.015730958,left_knee,0.86624473,0.2902084,left_ankle,0.6564341,1.2593591,0,0,0
Not_Fall__Not_Fall_Sit_nf_raw_c_1_C_D_0165_resized,343,C:\Users\ASUS\Downloads\3D_Human_Pose_NCKH\paper_baselines\lin2021_yolov8_lstm_gru\data\paper_skeleton_csv\Not_Fall\Not_Fall_Not_Fall_Sit_nf_raw_c_1_C_D_0165_resized.csv,0,Not_Fall,nose,0.34623852,-1.0959603,neck,0.15283616,-0.98825157,right_shoulder,-0.567883,-1.0174379,right_elbow,-1.0793382,-0.6801134,right_wrist,-0.889851,-0.27681115,left_shoulder,0.873555,-0.9590655,left_elbow,1.420404,-0.87828237,left_wrist,1.0957775,-0.4449209,mid_hip,0.0,0.0,right_hip,-0.48638648,-0.018465249,right_knee,-1.0131024,0.24339439,right_ankle,-0.82361436,1.3010486,left_hip,0.48638648,0.018465603,left_knee,0.87111276,0.2934172,left_ankle,0.6659527,1.2371243,0,0,0
Not_Fall__Not_Fall_Sit_nf_raw_c_1_C_D_0165_resized,344,C:\Users\ASUS\Downloads\3D_Human_Pose_NCKH\paper_baselines\lin2021_yolov8_lstm_gru\data\paper_skeleton_csv\Not_Fall\Not_Fall_Not_Fall_Sit_nf_raw_c_1_C_D_0165_resized.csv,0,Not_Fall,nose,0.3405469,-1.095244,neck,0.15154833,-0.9884498,right_shoulder,-0.57138306,-1.018027,right_elbow,-1.085934,-0.67817163,right_wrist,-0.89658993,-0.27164388,left_shoulder,0.8744797,-0.9588727,left_elbow,1.423303,-0.8719152,left_wrist,1.0946393,-0.44185138,mid_hip,0.0,0.0,right_hip,-0.48771396,-0.019038858,right_knee,-1.0217344,0.24757534,right_ankle,-0.82682335,1.3042142,left_hip,0.4877136,0.019038504,left_knee,0.86542434,0.29979944,left_ankle,0.66466624,1.2431996,0,0,0
Not_Fall__Not_Fall_Sit_nf_raw_c_1_C_D_0165_resized,345,C:\Users\ASUS\Downloads\3D_Human_Pose_NCKH\paper_baselines\lin2021_yolov8_lstm_gru\data\paper_skeleton_csv\Not_Fall\Not_Fall_Not_Fall_Sit_nf_raw_c_1_C_D_0165_resized.csv,0,Not_Fall,nose,0.32054648,-1.1022906,neck,0.14878355,-0.9888697,right_shoulder,-0.5731686,-1.0116032,right_elbow,-1.0562927,-0.6680092,right_wrist,-0.882835,-0.25659552,left_shoulder,0.87073535,-0.9661363,left_elbow,1.4274726,-0.8576778,left_wrist,1.1037142,-0.4172131,mid_hip,0.0,0.0,right_hip,-0.48665515,-0.017359175,right_knee,-1.0221593,0.27577925,right_ankle,-0.80985826,1.3063792,left_hip,0.48665515,0.01735882,left_knee,0.8696297,0.3191048,left_ankle,0.6578663,1.2613416,0,0,0
Not_Fall__Not_Fall_Sit_nf_raw_c_1_C_D_0165_resized,346,C:\Users\ASUS\Downloads\3D_Human_Pose_NCKH\paper_baselines\lin2021_yolov8_lstm_gru\data\paper_skeleton_csv\Not_Fall\Not_Fall_Not_Fall_Sit_nf_raw_c_1_C_D_0165_resized.csv,0,Not_Fall,nose,0.3152843,-1.1024832,neck,0.14619665,-0.9892556,right_shoulder,-0.575131,-1.0115554,right_elbow,-1.0605828,-0.6663275,right_wrist,-0.88428265,-0.2571576,left_shoulder,0.86752397,-0.9669558,left_elbow,1.4216914,-0.85595405,left_wrist,1.0970074,-0.42130724,mid_hip,0.0,0.0,right_hip,-0.4862558,-0.017313924,right_knee,-1.0231434,0.27497554,right_ankle,-0.8116265,1.3006471,left_hip,0.4862558,0.017314278,left_knee,0.8682396,0.31956378,left_ankle,0.6555327,1.2593069,0,0,0
Not_Fall__Not_Fall_Sit_nf_raw_c_1_C_D_0165_resized,347,C:\Users\ASUS\Downloads\3D_Human_Pose_NCKH\paper_baselines\lin2021_yolov8_lstm_gru\data\paper_skeleton_csv\Not_Fall\Not_Fall_Not_Fall_Sit_nf_raw_c_1_C_D_0165_resized.csv,0,Not_Fall,nose,0.30324307,-1.1142297,neck,0.13740638,-0.99051476,right_shoulder,-0.5838866,-1.0129292,right_elbow,-1.0632875,-0.67067575,right_wrist,-0.8927887,-0.27530113,left_shoulder,0.8586994,-0.9681007,left_elbow,1.3983983,-0.8581726,left_wrist,1.0845733,-0.41130695,mid_hip,0.0,0.0,right_hip,-0.48696697,-0.017641464,right_knee,-1.0361208,0.26123163,right_ankle,-0.82925236,1.2930163,left_hip,0.48696697,0.017641464,left_knee,0.85564965,0.30905762,left_ankle,0.63928103,1.2552309,0,0,0
Not_Fall__Not_Fall_Sit_nf_raw_c_1_C_D_0165_resized,348,C:\Users\ASUS\Downloads\3D_Human_Pose_NCKH\paper_baselines\lin2021_yolov8_lstm_gru\data\paper_skeleton_csv\Not_Fall\Not_Fall_Not_Fall_Sit_nf_raw_c_1_C_D_0165_resized.csv,0,Not_Fall,nose,0.2963622,-1.1137434,neck,0.12899296,-0.9916455,right_shoulder,-0.5899697,-1.012398,right_elbow,-1.0624652,-0.6679837,right_wrist,-0.8918737,-0.27292383,left_shoulder,0.8479556,-0.9708931,left_elbow,1.3999486,-0.8538911,left_wrist,1.080775,-0.4144803,mid_hip,0.0,0.0,right_hip,-0.48563808,-0.01703966,right_knee,-1.0374446,0.26056033,right_ankle,-0.8315581,1.2933125,left_hip,0.48563808,0.017039308,left_knee,0.8438177,0.3055205,left_ankle,0.6423561,1.2637188,0,0,0
Not_Fall__Not_Fall_Sit_nf_raw_c_1_C_D_0165_resized,349,C:\Users\ASUS\Downloads\3D_Human_Pose_NCKH\paper_baselines\lin2021_yolov8_lstm_gru\data\paper_skeleton_csv\Not_Fall\Not_Fall_Not_Fall_Sit_nf_raw_c_1_C_D_0165_resized.csv,0,Not_Fall,nose,0.27274296,-1.1172999,neck,0.13386565,-0.99099946,right_shoulder,-0.5791176,-1.0107695,right_elbow,-1.0403026,-0.6694775,right_wrist,-0.8757408,-0.2854502,left_shoulder,0.84684885,-0.97122914,left_elbow,1.3748254,-0.8424799,left_wrist,1.0677246,-0.4304299,mid_hip,0.0,0.0,right_hip,-0.48154008,-0.016206782,right_knee,-1.0255567,0.25289363,right_ankle,-0.8083802,1.2686225,left_hip,0.48153973,0.016206782,left_knee,0.84061354,0.28445163,left_ankle,0.6343184,1.2233016,0,0,0
Not_Fall__Not_Fall_Sit_nf_raw_c_1_C_D_0165_resized,350,C:\Users\ASUS\Downloads\3D_Human_Pose_NCKH\paper_baselines\lin2021_yolov8_lstm_gru\data\paper_skeleton_csv\Not_Fall\Not_Fall_Not_Fall_Sit_nf_raw_c_1_C_D_0165_resized.csv,0,Not_Fall,nose,0.27490762,-1.1175641,neck,0.13745572,-0.99050796,right_shoulder,-0.5776623,-1.0100917,right_elbow,-1.0394019,-0.66817546,right_wrist,-0.8741522,-0.28503156,left_shoulder,0.8525734,-0.9709242,left_elbow,1.382218,-0.8409565,left_wrist,1.0743663,-0.42782825,mid_hip,0.0,0.0,right_hip,-0.48292685,-0.016146211,right_knee,-1.0241688,0.25275448,right_ankle,-0.8091331,1.2735482,left_hip,0.4829272,0.016146211,left_knee,0.84584755,0.28286013,left_ankle,0.6363479,1.2261094,0,0,0
Not_Fall__Not_Fall_Sit_nf_raw_c_1_C_D_0165_resized,351,C:\Users\ASUS\Downloads\3D_Human_Pose_NCKH\paper_baselines\lin2021_yolov8_lstm_gru\data\paper_skeleton_csv\Not_Fall\Not_Fall_Not_Fall_Sit_nf_raw_c_1_C_D_0165_resized.csv,0,Not_Fall,nose,0.26237386,-1.1260456,neck,0.12425903,-0.9922498,right_shoulder,-0.58930665,-1.0084765,right_elbow,-1.0330548,-0.66132516,right_wrist,-0.87948155,-0.28242785,left_shoulder,0.8378247,-0.9760231,left_elbow,1.3726159,-0.8352036,left_wrist,1.0795624,-0.41749704,mid_hip,0.0,0.0,right_hip,-0.48235485,-0.014654123,right_knee,-1.0410442,0.24401708,right_ankle,-0.8062531,1.2601063,left_hip,0.4823545,0.014654123,left_knee,0.84374374,0.2681426,left_ankle,0.63574326,1.2204841,0,0,0
Not_Fall__Not_Fall_Sit_nf_raw_c_1_C_D_0165_resized,352,C:\Users\ASUS\Downloads\3D_Human_Pose_NCKH\paper_baselines\lin2021_yolov8_lstm_gru\data\paper_skeleton_csv\Not_Fall\Not_Fall_Not_Fall_Sit_nf_raw_c_1_C_D_0165_resized.csv,0,Not_Fall,nose,0.26358733,-1.1259911,neck,0.12518379,-0.99213356,right_shoulder,-0.5902692,-1.0086784,right_elbow,-1.0364578,-0.6592273,right_wrist,-0.88071984,-0.27756715,left_shoulder,0.8406368,-0.97558874,left_elbow,1.3784616,-0.83068836,left_wrist,1.0843961,-0.41248873,mid_hip,0.0,0.0,right_hip,-0.48343092,-0.014757053,right_knee,-1.0460218,0.24705856,right_ankle,-0.8059626,1.2694004,left_hip,0.48343128,0.014756704,left_knee,0.8414566,0.27019316,left_ankle,0.63687897,1.2293276,0,0,0
Not_Fall__Not_Fall_Sit_nf_raw_c_1_C_D_0165_resized,353,C:\Users\ASUS\Downloads\3D_Human_Pose_NCKH\paper_baselines\lin2021_yolov8_lstm_gru\data\paper_skeleton_csv\Not_Fall\Not_Fall_Not_Fall_Sit_nf_raw_c_1_C_D_0165_resized.csv,0,Not_Fall,nose,0.22870605,-1.1441561,neck,0.11229209,-0.9936753,right_shoulder,-0.60093224,-1.0118926,right_elbow,-1.0480262,-0.6516171,right_wrist,-0.87633085,-0.26893806,left_shoulder,0.8255164,-0.975458,left_elbow,1.3721756,-0.83318335,left_wrist,1.100565,-0.40566546,mid_hip,0.0,0.0,right_hip,-0.4815581,-0.0147209335,right_knee,-1.0474967,0.23683794,right_ankle,-0.81724954,1.2817703,left_hip,0.48155847,0.014721284,left_knee,0.8422599,0.26981014,left_ankle,0.64963037,1.2183597,0,0,0
Not_Fall__Not_Fall_Sit_nf_raw_c_1_C_D_0165_resized,354,C:\Users\ASUS\Downloads\3D_Human_Pose_NCKH\paper_baselines\lin2021_yolov8_lstm_gru\data\paper_skeleton_csv\Not_Fall\Not_Fall_Not_Fall_Sit_nf_raw_c_1_C_D_0165_resized.csv,0,Not_Fall,nose,0.22775377,-1.144336,neck,0.11123636,-0.993794,right_shoulder,-0.60143113,-1.0126241,right_elbow,-1.0455457,-0.6529008,right_wrist,-0.8787235,-0.27161643,left_shoulder,0.82390386,-0.9749636,left_elbow,1.3674595,-0.8372828,left_wrist,1.0989515,-0.41218266,mid_hip,0.0,0.0,right_hip,-0.48113945,-0.015006442,right_knee,-1.0452875,0.23522426,right_ankle,-0.81698406,1.2806889,left_hip,0.48113945,0.015006442,left_knee,0.84446126,0.27075696,left_ankle,0.6441105,1.2134104,0,0,0
Not_Fall__Not_Fall_Sit_nf_raw_c_1_C_D_0165_resized,355,C:\Users\ASUS\Downloads\3D_Human_Pose_NCKH\paper_baselines\lin2021_yolov8_lstm_gru\data\paper_skeleton_csv\Not_Fall\Not_Fall_Not_Fall_Sit_nf_raw_c_1_C_D_0165_resized.csv,0,Not_Fall,nose,0.21656878,-1.1357892,neck,0.09529265,-0.9954493,right_shoulder,-0.5845197,-1.0121666,right_elbow,-0.9883215,-0.63019276,right_wrist,-0.83125746,-0.27547833,left_shoulder,0.77510464,-0.97873235,left_elbow,1.28279,-0.7697846,left_wrist,1.0744215,-0.36843702,mid_hip,0.0,0.0,right_hip,-0.4561226,-0.014741718,right_knee,-1.008756,0.24501866,right_ankle,-0.73473513,1.1760792,left_hip,0.4561226,0.014742053,left_knee,0.8110355,0.25747433,left_ankle,0.58606017,1.1303562,0,0,0
Not_Fall__Not_Fall_Sit_nf_raw_c_1_C_D_0165_resized,356,C:\Users\ASUS\Downloads\3D_Human_Pose_NCKH\paper_baselines\lin2021_yolov8_lstm_gru\data\paper_skeleton_csv\Not_Fall\Not_Fall_Not_Fall_Sit_nf_raw_c_1_C_D_0165_resized.csv,0,Not_Fall,nose,0.2195911,-1.134487,neck,0.09856897,-0.99513024,right_shoulder,-0.58039814,-1.0134342,right_elbow,-0.98245376,-0.63152593,right_wrist,-0.82771826,-0.2769819,left_shoulder,0.77753603,-0.97682595,left_elbow,1.284392,-0.77058256,left_wrist,1.0772188,-0.37272245,mid_hip,0.0,0.0,right_hip,-0.4556462,-0.015608762,right_knee,-1.00255,0.24450313,right_ankle,-0.72964,1.1721628,left_hip,0.4556462,0.015609097,left_knee,0.8166055,0.26307118,left_ankle,0.5870765,1.1265572,0,0,0
Not_Fall__Not_Fall_Sit_nf_raw_c_1_C_D_0165_resized,357,C:\Users\ASUS\Downloads\3D_Human_Pose_NCKH\paper_baselines\lin2021_yolov8_lstm_gru\data\paper_skeleton_csv\Not_Fall\Not_Fall_Not_Fall_Sit_nf_raw_c_1_C_D_0165_resized.csv,0,Not_Fall,nose,0.22083497,-1.1498326,neck,0.097766824,-0.9952094,right_shoulder,-0.5851459,-1.0124513,right_elbow,-0.974975,-0.6295788,right_wrist,-0.8375974,-0.28166252,left_shoulder,0.7806796,-0.97796774,left_elbow,1.2740963,-0.7673338,left_wrist,1.111255,-0.37085274,mid_hip,0.0,0.0,right_hip,-0.45966247,-0.014873381,right_knee,-1.0187404,0.22916219,right_ankle,-0.7296435,1.1632072,left_hip,0.4596628,0.014873381,left_knee,0.8453973,0.24552086,left_ankle,0.5919445,1.127873,0,0,0
Not_Fall__Not_Fall_Sit_nf_raw_c_1_C_D_0165_resized,358,C:\Users\ASUS\Downloads\3D_Human_Pose_NCKH\paper_baselines\lin2021_yolov8_lstm_gru\data\paper_skeleton_csv\Not_Fall\Not_Fall_Not_Fall_Sit_nf_raw_c_1_C_D_0165_resized.csv,0,Not_Fall,nose,0.21937443,-1.1522248,neck,0.09523924,-0.9954544,right_shoulder,-0.5874412,-1.0124178,right_elbow,-0.97472006,-0.631675,right_wrist,-0.84126985,-0.28376213,left_shoulder,0.77792,-0.97849125,left_elbow,1.2718986,-0.7694489,left_wrist,1.1067786,-0.36909324,mid_hip,0.0,0.0,right_hip,-0.4594526,-0.015061907,right_knee,-1.0210184,0.23214208,right_ankle,-0.72827214,1.1568093,left_hip,0.4594526,0.015062243,left_knee,0.84319925,0.25108796,left_ankle,0.5857582,1.125701,0,0,0
Not_Fall__Not_Fall_Sit_nf_raw_c_1_C_D_0165_resized,359,C:\Users\ASUS\Downloads\3D_Human_Pose_NCKH\paper_baselines\lin2021_yolov8_lstm_gru\data\paper_skeleton_csv\Not_Fall\Not_Fall_Not_Fall_Sit_nf_raw_c_1_C_D_0165_resized.csv,0,Not_Fall,nose,0.20474745,-1.1660767,neck,0.0825894,-0.9965837,right_shoulder,-0.6088076,-1.0141481,right_elbow,-0.9966111,-0.6154844,right_wrist,-0.8348729,-0.26779214,left_shoulder,0.77398646,-0.9790195,left_elbow,1.2777805,-0.75550073,left_wrist,1.1325921,-0.352378,mid_hip,0.0,0.0,right_hip,-0.4657315,-0.012960648,right_knee,-1.025131,0.2255613,right_ankle,-0.74112135,1.1760664,left_hip,0.46573114,0.012960987,left_knee,0.8620014,0.234991,left_ankle,0.5985826,1.1248959,0,0,0
