frame,x0,y0,z0,x1,y1,z1,x2,y2,z2,x3,y3,z3,x4,y4,z4,x5,y5,z5,x6,y6,z6,x7,y7,z7,x8,y8,z8,x9,y9,z9,x10,y10,z10,x11,y11,z11,x12,y12,z12,x13,y13,z13,x14,y14,z14,x15,y15,z15,x16,y16,z16,source_file,label,action_label,action_name
0,56.226863861083984,184.44834899902344,0.0,56.649269104003906,190.35226440429688,2.2659318447113037,104.07356262207031,182.22540283203125,4.531863689422607,103.47677612304688,228.52308654785156,6.79779577255249,55.80445861816406,178.54443359375,-2.2659318447113037,96.59066009521484,163.89248657226562,-4.531863689422607,96.6209945678711,202.85934448242188,-6.79779577255249,43.386714935302734,164.73858642578125,-1.510621190071106,30.54656410217285,145.02883911132812,-3.021242380142212,30.54656410217285,145.02883911132812,-3.77655291557312,46.477718353271484,121.41598510742188,-4.531863689422607,31.66797637939453,138.90127563476562,-6.042484760284424,45.63270950317383,164.93772888183594,-7.55310583114624,61.59025573730469,163.3309326171875,-9.063727378845215,29.425151824951172,151.15638732910156,6.042484760284424,35.937252044677734,191.37962341308594,7.55310583114624,61.91118621826172,202.9203643798828,9.063727378845215,C:/Users/ASUS/Downloads/3D_Human_Pose_NCKH/phase5_external_generalization/data/external_raw/Le2i/Coffee_room_02/Videos/video (57).avi,-1,-1,External
1,57.278968811035156,184.34375,0.0,57.54280471801758,190.4581756591797,2.2894434928894043,103.6826400756836,182.54066467285156,4.578886985778809,103.08990478515625,228.43638610839844,6.868330478668213,57.01513671875,178.22933959960938,-2.2894434928894043,96.66932678222656,162.64324951171875,-4.578886985778809,96.8753662109375,201.23934936523438,-6.868330478668213,43.9739990234375,164.80247497558594,-1.52629554271698,30.66903305053711,145.26119995117188,-3.05259108543396,30.66903305053711,145.26119995117188,-3.815739154815674,46.94164276123047,121.21671295166016,-4.578886985778809,32.081138610839844,138.8790740966797,-6.10518217086792,46.09432601928711,165.26837158203125,-7.631478309631348,61.953369140625,163.61630249023438,-9.157773971557617,29.256927490234375,151.64334106445312,6.10518217086792,35.911651611328125,191.56719970703125,7.631478309631348,62.11727523803711,202.846435546875,9.157773971557617,C:/Users/ASUS/Downloads/3D_Human_Pose_NCKH/phase5_external_generalization/data/external_raw/Le2i/Coffee_room_02/Videos/video (57).avi,-1,-1,External
2,56.688323974609375,183.9931640625,0.0,56.761470794677734,190.15184020996094,2.2711455821990967,103.73561096191406,182.35415649414062,4.542291164398193,103.42292785644531,228.25338745117188,6.813437461853027,56.61518096923828,177.83447265625,-2.2711455821990967,97.15142822265625,162.3475799560547,-4.542291164398193,97.74662780761719,201.55758666992188,-6.813437461853027,43.54276657104492,164.83267211914062,-1.5140970945358276,30.397207260131836,145.67218017578125,-3.0281941890716553,30.397207260131836,145.67218017578125,-3.785242795944214,46.683929443359375,121.3975830078125,-4.542291164398193,32.039608001708984,139.20703125,-6.0563883781433105,46.52457046508789,165.46163940429688,-7.570485591888428,61.70240020751953,163.5399627685547,-9.084582328796387,28.754806518554688,152.13734436035156,6.0563883781433105,35.88044738769531,191.85330200195312,7.570485591888428,62.30701446533203,202.8109588623047,9.084582328796387,C:/Users/ASUS/Downloads/3D_Human_Pose_NCKH/phase5_external_generalization/data/external_raw/Le2i/Coffee_room_02/Videos/video (57).avi,-1,-1,External
3,57.062599182128906,183.97268676757812,0.0,56.99830627441406,190.24234008789062,2.2689430713653564,103.95758056640625,182.42491149902344,4.537886142730713,103.78388214111328,228.2069091796875,6.806829929351807,57.12689208984375,177.70303344726562,-2.2689430713653564,97.38610076904297,162.0012969970703,-4.537886142730713,97.84681701660156,201.08267211914062,-6.806829929351807,43.7370719909668,164.97250366210938,-1.5126287937164307,30.411542892456055,145.97230529785156,-3.0252575874328613,30.411542892456055,145.97230529785156,-3.781572103500366,46.7388916015625,121.74327087402344,-4.537886142730713,32.26961898803711,139.28485107421875,-6.050515174865723,46.84986877441406,165.05697631835938,-7.563144207000732,60.85658264160156,163.86062622070312,-9.075772285461426,28.553466796875,152.65975952148438,6.050515174865723,36.02281951904297,192.12669372558594,7.563144207000732,62.16010284423828,202.80511474609375,9.075772285461426,C:/Users/ASUS/Downloads/3D_Human_Pose_NCKH/phase5_external_generalization/data/external_raw/Le2i/Coffee_room_02/Videos/video (57).avi,-1,-1,External
4,57.74000549316406,183.6236572265625,0.0,57.72230529785156,190.2935028076172,2.2843587398529053,104.11299133300781,183.99691772460938,4.5687174797058105,104.23703002929688,228.77256774902344,6.853076934814453,57.7577018737793,176.95379638671875,-2.2843587398529053,96.81095886230469,160.30963134765625,-4.5687174797058105,97.34566497802734,197.98016357421875,-6.853076934814453,43.97545623779297,164.72215270996094,-1.5229058265686035,30.21090316772461,145.82064819335938,-3.045811653137207,30.21090316772461,145.82064819335938,-3.807264804840088,46.19854736328125,121.17057800292969,-4.5687174797058105,32.11091995239258,138.66943359375,-6.091623306274414,46.759098052978516,165.75308227539062,-7.614529609680176,61.13832092285156,164.4862518310547,-9.137434959411621,28.31088638305664,152.97186279296875,6.091623306274414,35.651458740234375,191.99253845214844,7.614529609680176,61.91706848144531,202.8227081298828,9.137434959411621,C:/Users/ASUS/Downloads/3D_Human_Pose_NCKH/phase5_external_generalization/data/external_raw/Le2i/Coffee_room_02/Videos/video (57).avi,-1,-1,External
5,56.9605712890625,184.95907592773438,0.0,56.704532623291016,191.34129333496094,2.2912235260009766,103.24685668945312,183.6082305908203,4.582447052001953,103.64228820800781,227.7071533203125,6.873671531677246,57.21661376953125,178.57687377929688,-2.2912235260009766,98.22492980957031,162.85128784179688,-4.582447052001953,96.88735961914062,199.4867706298828,-6.873671531677246,43.391719818115234,165.6244354248047,-1.5274823904037476,29.822866439819336,146.289794921875,-3.054964780807495,29.822866439819336,146.289794921875,-3.8187062740325928,45.73846435546875,121.88902282714844,-4.582447052001953,31.871536254882812,139.5543975830078,-6.10992956161499,45.82893753051758,168.02716064453125,-7.6374125480651855,61.28242874145508,165.15550231933594,-9.164894104003906,27.77419662475586,153.0251922607422,6.10992956161499,36.75557327270508,191.6751708984375,7.6374125480651855,62.67927551269531,202.77764892578125,9.164894104003906,C:/Users/ASUS/Downloads/3D_Human_Pose_NCKH/phase5_external_generalization/data/external_raw/Le2i/Coffee_room_02/Videos/video (57).avi,-1,-1,External
6,56.80799102783203,184.77976989746094,0.0,56.4360237121582,191.1868438720703,2.2590036392211914,103.22088623046875,184.00682067871094,4.518007278442383,103.6778335571289,227.833740234375,6.777011394500732,57.179954528808594,178.37269592285156,-2.2590036392211914,98.47771453857422,163.0321807861328,-4.518007278442383,97.3630599975586,199.8011016845703,-6.777011394500732,43.203224182128906,165.56564331054688,-1.506002426147461,29.598461151123047,146.35150146484375,-3.012004852294922,29.598461151123047,146.35150146484375,-3.7650063037872314,46.07471466064453,123.447998046875,-4.518007278442383,31.80352020263672,139.68267822265625,-6.024009704589844,46.021324157714844,168.5690460205078,-7.530012607574463,61.57408905029297,165.97206115722656,-9.036014556884766,27.393402099609375,153.0203094482422,6.024009704589844,36.61594009399414,191.69862365722656,7.530012607574463,62.635868072509766,202.76507568359375,9.036014556884766,C:/Users/ASUS/Downloads/3D_Human_Pose_NCKH/phase5_external_generalization/data/external_raw/Le2i/Coffee_room_02/Videos/video (57).avi,-1,-1,External
7,56.97554397583008,184.45396423339844,0.0,56.640045166015625,191.06939697265625,2.2674195766448975,103.56703186035156,184.5355682373047,4.534839153289795,103.92701721191406,227.8462677001953,6.80225944519043,57.31104278564453,177.83853149414062,-2.2674195766448975,98.52185821533203,163.17263793945312,-4.534839153289795,97.61747741699219,198.88504028320312,-6.80225944519043,43.2657470703125,165.2825469970703,-1.511613130569458,29.555950164794922,146.1111297607422,-3.023226261138916,29.555950164794922,146.1111297607422,-3.7790329456329346,45.42189025878906,122.50505065917969,-4.534839153289795,31.78110122680664,138.93618774414062,-6.046452522277832,46.59001541137695,166.55198669433594,-7.558065891265869,61.75750732421875,166.28749084472656,-9.06967830657959,27.330799102783203,153.28607177734375,6.046452522277832,36.16618728637695,191.6538848876953,7.558065891265869,62.22076416015625,202.61251831054688,9.06967830657959,C:/Users/ASUS/Downloads/3D_Human_Pose_NCKH/phase5_external_generalization/data/external_raw/Le2i/Coffee_room_02/Videos/video (57).avi,-1,-1,External
8,58.22752380371094,183.3563690185547,0.0,58.11467361450195,190.36199951171875,2.248366594314575,104.31634521484375,185.0039825439453,4.49673318862915,104.21784973144531,228.5084228515625,6.745100498199463,58.340370178222656,176.35073852539062,-2.248366594314575,96.64913940429688,160.25827026367188,-4.49673318862915,97.74662780761719,196.06558227539062,-6.745100498199463,44.05622863769531,164.693603515625,-1.4989111423492432,29.88493537902832,146.0308380126953,-2.9978222846984863,29.88493537902832,146.0308380126953,-3.7472779750823975,46.17230987548828,123.15863800048828,-4.49673318862915,31.919124603271484,138.10284423828125,-5.995644569396973,46.4063720703125,161.3812713623047,-7.494555950164795,57.830772399902344,156.83226013183594,-8.9934663772583,27.850746154785156,153.95883178710938,5.995644569396973,35.580482482910156,192.56484985351562,7.494555950164795,61.698692321777344,202.58279418945312,8.9934663772583,C:/Users/ASUS/Downloads/3D_Human_Pose_NCKH/phase5_external_generalization/data/external_raw/Le2i/Coffee_room_02/Videos/video (57).avi,-1,-1,External
9,59.13142395019531,183.28707885742188,0.0,58.353057861328125,190.49557495117188,2.2673563957214355,104.39253234863281,184.77676391601562,4.534712791442871,104.35958862304688,228.33670043945312,6.802069187164307,59.909786224365234,176.07859802246094,-2.2673563957214355,96.0918197631836,159.8748016357422,-4.534712791442871,97.88863372802734,194.6929931640625,-6.802069187164307,44.539794921875,164.750732421875,-1.5115708112716675,29.94816780090332,146.21438598632812,-3.023141622543335,29.94816780090332,146.21438598632812,-3.7789273262023926,45.682647705078125,122.57444763183594,-4.534712791442871,32.60490036010742,137.25213623046875,-6.04628324508667,44.98313522338867,147.7890625,-7.557854652404785,44.45650863647461,125.9254379272461,-9.069425582885742,27.29143524169922,155.17665100097656,6.04628324508667,36.03998947143555,192.69056701660156,7.557854652404785,61.68840789794922,202.98533630371094,9.069425582885742,C:/Users/ASUS/Downloads/3D_Human_Pose_NCKH/phase5_external_generalization/data/external_raw/Le2i/Coffee_room_02/Videos/video (57).avi,-1,-1,External
10,59.414031982421875,183.19163513183594,0.0,58.801551818847656,190.3837432861328,2.2469913959503174,104.31909942626953,185.2947235107422,4.493982791900635,104.62730407714844,228.58636474609375,6.740974426269531,60.026512145996094,175.99952697753906,-2.2469913959503174,96.37175750732422,160.0650634765625,-4.493982791900635,98.31109619140625,194.98974609375,-6.740974426269531,44.66754150390625,164.81423950195312,-1.4979941844940186,29.92105484008789,146.43685913085938,-2.995988368988037,29.92105484008789,146.43685913085938,-3.744985580444336,46.68064880371094,124.28826904296875,-4.493982791900635,32.29682540893555,137.7120819091797,-5.991976737976074,43.43904495239258,150.29190063476562,-7.489971160888672,44.484588623046875,128.04550170898438,-8.98796558380127,27.545284271240234,155.16165161132812,5.991976737976074,35.91584777832031,192.93484497070312,7.489971160888672,61.701622009277344,202.93508911132812,8.98796558380127,C:/Users/ASUS/Downloads/3D_Human_Pose_NCKH/phase5_external_generalization/data/external_raw/Le2i/Coffee_room_02/Videos/video (57).avi,-1,-1,External
11,59.827125549316406,182.6473388671875,0.0,58.95915222167969,190.2150421142578,2.245798349380493,104.34937286376953,185.717529296875,4.491596698760986,104.63833618164062,228.361572265625,6.737395286560059,60.695098876953125,175.07962036132812,-2.245798349380493,96.34612274169922,160.1923370361328,-4.491596698760986,98.16921997070312,195.10926818847656,-6.737395286560059,44.841888427734375,164.3101348876953,-1.4971989393234253,29.856651306152344,145.97293090820312,-2.9943978786468506,29.856651306152344,145.97293090820312,-3.742997407913208,46.012142181396484,123.72232818603516,-4.491596698760986,32.66413116455078,136.12030029296875,-5.988795757293701,45.48525619506836,143.1874237060547,-7.485994815826416,43.3031005859375,123.15765380859375,-8.983193397521973,27.049171447753906,155.82554626464844,5.988795757293701,35.947025299072266,192.54177856445312,7.485994815826416,61.7591552734375,203.08224487304688,8.983193397521973,C:/Users/ASUS/Downloads/3D_Human_Pose_NCKH/phase5_external_generalization/data/external_raw/Le2i/Coffee_room_02/Videos/video (57).avi,-1,-1,External
12,58.739837646484375,182.93475341796875,0.0,58.0245361328125,190.6287384033203,2.24871563911438,104.50595092773438,185.80630493164062,4.49743127822876,105.03643798828125,227.8267822265625,6.746147632598877,59.455135345458984,175.24078369140625,-2.24871563911438,95.52442932128906,160.25953674316406,-4.49743127822876,96.84304809570312,194.9015350341797,-6.746147632598877,44.18065643310547,164.5305633544922,-1.4991438388824463,29.621475219726562,146.12637329101562,-2.9982876777648926,29.621475219726562,146.12637329101562,-3.7478597164154053,45.804168701171875,123.24716186523438,-4.49743127822876,32.343021392822266,135.8624725341797,-5.996575355529785,45.4625129699707,141.1942596435547,-7.4957194328308105,43.54729080200195,122.68863677978516,-8.99486255645752,26.89992904663086,156.3902587890625,5.996575355529785,35.87151336669922,192.44631958007812,7.4957194328308105,61.54789352416992,203.21420288085938,8.99486255645752,C:/Users/ASUS/Downloads/3D_Human_Pose_NCKH/phase5_external_generalization/data/external_raw/Le2i/Coffee_room_02/Videos/video (57).avi,-1,-1,External
13,58.37261962890625,182.92684936523438,0.0,57.566009521484375,190.57229614257812,2.241701126098633,104.30406188964844,185.95252990722656,4.483402252197266,105.11593627929688,227.90631103515625,6.725103855133057,59.179229736328125,175.28140258789062,-2.241701126098633,95.58255004882812,160.69683837890625,-4.483402252197266,97.03942108154297,195.62130737304688,-6.725103855133057,43.892982482910156,164.3304443359375,-1.4944673776626587,29.413347244262695,145.7340545654297,-2.9889347553253174,29.413347244262695,145.7340545654297,-3.736168622970581,45.45710754394531,123.29350280761719,-4.483402252197266,32.21986770629883,135.5635528564453,-5.977869510650635,45.40812301635742,141.6082000732422,-7.472337245941162,43.53857421875,122.91291809082031,-8.966804504394531,26.606826782226562,155.90455627441406,5.977869510650635,35.61930465698242,192.47171020507812,7.472337245941162,61.47320556640625,203.2608184814453,8.966804504394531,C:/Users/ASUS/Downloads/3D_Human_Pose_NCKH/phase5_external_generalization/data/external_raw/Le2i/Coffee_room_02/Videos/video (57).avi,-1,-1,External
14,58.571266174316406,182.96632385253906,0.0,57.71022033691406,190.74267578125,2.251655101776123,104.40496826171875,186.35479736328125,4.503310203552246,105.22101593017578,227.95114135742188,6.754965305328369,59.432315826416016,175.18997192382812,-2.251655101776123,95.41433715820312,160.54136657714844,-4.503310203552246,96.7625503540039,195.11070251464844,-6.754965305328369,43.92361068725586,164.37664794921875,-1.5011032819747925,29.275955200195312,145.78695678710938,-3.002206563949585,29.275955200195312,145.78695678710938,-3.752758502960205,45.1701774597168,123.07508087158203,-4.503310203552246,32.21043395996094,135.31976318359375,-6.00441312789917,46.145477294921875,140.1448974609375,-7.50551700592041,43.587791442871094,122.02790069580078,-9.006620407104492,26.341476440429688,156.25416564941406,6.00441312789917,35.729087829589844,192.24363708496094,7.50551700592041,61.56386947631836,203.36572265625,9.006620407104492,C:/Users/ASUS/Downloads/3D_Human_Pose_NCKH/phase5_external_generalization/data/external_raw/Le2i/Coffee_room_02/Videos/video (57).avi,-1,-1,External
15,58.69535827636719,182.96514892578125,0.0,57.846099853515625,190.86134338378906,2.2679126262664795,104.3428955078125,186.75668334960938,4.535825252532959,105.24430847167969,228.06259155273438,6.803738594055176,59.544620513916016,175.0689697265625,-2.2679126262664795,95.5228042602539,160.42669677734375,-4.535825252532959,97.10076141357422,195.05905151367188,-6.803738594055176,43.783329010009766,164.3148193359375,-1.5119417905807495,28.871299743652344,145.66448974609375,-3.023883581161499,28.871299743652344,145.66448974609375,-3.7798545360565186,45.18490982055664,123.1059341430664,-4.535825252532959,31.794384002685547,135.0181121826172,-6.047767162322998,46.342567443847656,139.7881622314453,-7.559709072113037,43.39103698730469,122.08307647705078,-9.071650505065918,25.94821548461914,156.3108673095703,6.047767162322998,35.70326232910156,192.3153839111328,7.559709072113037,61.7628173828125,203.29576110839844,9.071650505065918,C:/Users/ASUS/Downloads/3D_Human_Pose_NCKH/phase5_external_generalization/data/external_raw/Le2i/Coffee_room_02/Videos/video (57).avi,-1,-1,External
16,58.54425811767578,183.05905151367188,0.0,57.53659439086914,190.79708862304688,2.278972625732422,104.22598266601562,186.14675903320312,4.557945251464844,104.82241821289062,228.22581481933594,6.836918830871582,59.551918029785156,175.3209991455078,-2.278972625732422,95.8840103149414,160.52304077148438,-4.557945251464844,97.37287902832031,195.6591796875,-6.836918830871582,43.61888122558594,164.21226501464844,-1.5193151235580444,28.693500518798828,145.365478515625,-3.038630247116089,28.693500518798828,145.365478515625,-3.798288106918335,44.028629302978516,122.07725524902344,-4.557945251464844,31.77065658569336,134.9846649169922,-6.077260494232178,46.697166442871094,140.17471313476562,-7.59657621383667,43.30534362792969,121.80695343017578,-9.115890502929688,25.616344451904297,155.7462921142578,6.077260494232178,35.486488342285156,192.16835021972656,7.59657621383667,61.775142669677734,203.265625,9.115890502929688,C:/Users/ASUS/Downloads/3D_Human_Pose_NCKH/phase5_external_generalization/data/external_raw/Le2i/Coffee_room_02/Videos/video (57).avi,-1,-1,External
17,58.55303192138672,182.94644165039062,0.0,57.52040481567383,190.68125915527344,2.2715797424316406,104.22674560546875,186.409423828125,4.543159484863281,104.84957885742188,228.37567138671875,6.814740180969238,59.58565902709961,175.21163940429688,-2.2715797424316406,95.66648864746094,160.2075958251953,-4.543159484863281,97.198486328125,195.05918884277344,-6.814740180969238,43.581722259521484,164.0404052734375,-1.514386534690857,28.610414505004883,145.13436889648438,-3.028773069381714,28.610414505004883,145.13436889648438,-3.785966634750366,43.595977783203125,122.09107971191406,-4.543159484863281,31.708003997802734,134.8695068359375,-6.057546138763428,46.36766815185547,141.46749877929688,-7.571933269500732,43.3187141418457,122.14926147460938,-9.086318969726562,25.51282501220703,155.39923095703125,6.057546138763428,35.32206344604492,192.1964569091797,7.571933269500732,61.699649810791016,203.28514099121094,9.086318969726562,C:/Users/ASUS/Downloads/3D_Human_Pose_NCKH/phase5_external_generalization/data/external_raw/Le2i/Coffee_room_02/Videos/video (57).avi,-1,-1,External
18,58.988365173339844,183.31149291992188,0.0,58.05647659301758,190.7034454345703,2.301739454269409,104.33779907226562,185.57875061035156,4.603478908538818,104.78092956542969,228.31178283691406,6.905218601226807,59.920257568359375,175.91952514648438,-2.301739454269409,96.02494812011719,160.43167114257812,-4.603478908538818,97.41390228271484,195.12142944335938,-6.905218601226807,43.699642181396484,164.3970947265625,-1.5344929695129395,28.410917282104492,145.48269653320312,-3.068985939025879,28.410917282104492,145.48269653320312,-3.8362324237823486,42.17864227294922,121.00594329833984,-4.603478908538818,31.30431365966797,135.972412109375,-6.137971878051758,45.522666931152344,144.99481201171875,-7.672464847564697,44.52623748779297,123.31880187988281,-9.206957817077637,25.517520904541016,154.99298095703125,6.137971878051758,35.327545166015625,192.3592529296875,7.672464847564697,61.80202865600586,203.2146759033203,9.206957817077637,C:/Users/ASUS/Downloads/3D_Human_Pose_NCKH/phase5_external_generalization/data/external_raw/Le2i/Coffee_room_02/Videos/video (57).avi,-1,-1,External
19,58.885581970214844,183.63124084472656,0.0,58.17952346801758,191.01736450195312,2.2922048568725586,104.26719665527344,185.61956787109375,4.584409713745117,104.68011474609375,228.0858154296875,6.876615047454834,59.591644287109375,176.2451171875,-2.2922048568725586,95.87286376953125,160.06686401367188,-4.584409713745117,97.44282531738281,194.7014923095703,-6.876615047454834,43.68710708618164,164.78424072265625,-1.5281366109848022,28.488632202148438,145.93722534179688,-3.0562732219696045,28.488632202148438,145.93722534179688,-3.8203415870666504,43.2790412902832,122.18173217773438,-4.584409713745117,31.008934020996094,136.5712127685547,-6.112546443939209,43.9674186706543,146.43251037597656,-7.640683174133301,44.37052917480469,123.80472564697266,-9.168819427490234,25.96833038330078,155.30323791503906,6.112546443939209,35.44696044921875,192.46066284179688,7.640683174133301,61.755401611328125,203.30641174316406,9.168819427490234,C:/Users/ASUS/Downloads/3D_Human_Pose_NCKH/phase5_external_generalization/data/external_raw/Le2i/Coffee_room_02/Videos/video (57).avi,-1,-1,External
20,58.8676872253418,183.34866333007812,0.0,58.04529571533203,190.76185607910156,2.2845661640167236,103.99752807617188,185.61668395996094,4.569132328033447,104.54308319091797,228.0554962158203,6.85369873046875,59.69007873535156,175.93545532226562,-2.2845661640167236,95.81573486328125,160.03366088867188,-4.569132328033447,97.78036499023438,194.6537322998047,-6.85369873046875,43.50412368774414,164.61624145507812,-1.5230441093444824,28.14055824279785,145.88381958007812,-3.046088218688965,28.14055824279785,145.88381958007812,-3.807610273361206,43.54308319091797,122.86287689208984,-4.569132328033447,30.774864196777344,136.4797821044922,-6.09217643737793,43.85890197753906,145.57102966308594,-7.615220546722412,42.86351776123047,122.73954772949219,-9.138264656066895,25.50625228881836,155.287841796875,6.09217643737793,35.55704879760742,192.34805297851562,7.615220546722412,61.81390380859375,203.39430236816406,9.138264656066895,C:/Users/ASUS/Downloads/3D_Human_Pose_NCKH/phase5_external_generalization/data/external_raw/Le2i/Coffee_room_02/Videos/video (57).avi,-1,-1,External
21,58.85272216796875,183.54501342773438,0.0,58.178733825683594,191.1117401123047,2.2997663021087646,104.41429138183594,186.15533447265625,4.599532604217529,104.9951171875,228.07894897460938,6.899299621582031,59.526710510253906,175.97830200195312,-2.2997663021087646,95.59297943115234,159.57728576660156,-4.599532604217529,97.37615203857422,193.86077880859375,-6.899299621582031,43.35286331176758,164.76742553710938,-1.5331776142120361,27.85300636291504,145.98983764648438,-3.0663552284240723,27.85300636291504,145.98983764648438,-3.83294415473938,42.99922180175781,122.48509216308594,-4.599532604217529,30.300800323486328,136.3439178466797,-6.1327104568481445,42.88185119628906,145.82821655273438,-7.66588830947876,42.86445617675781,121.87042236328125,-9.199065208435059,25.40521240234375,155.6357421875,6.1327104568481445,35.46772766113281,192.6149444580078,7.66588830947876,61.915035247802734,203.43527221679688,9.199065208435059,C:/Users/ASUS/Downloads/3D_Human_Pose_NCKH/phase5_external_generalization/data/external_raw/Le2i/Coffee_room_02/Videos/video (57).avi,-1,-1,External
22,58.401084899902344,185.057861328125,0.0,57.45132827758789,192.37164306640625,2.326225519180298,104.25167846679688,186.2633819580078,4.652451038360596,105.05952453613281,226.8516845703125,6.978677272796631,59.35084533691406,177.74407958984375,-2.326225519180298,96.5584945678711,162.4309844970703,-4.652451038360596,96.80360412597656,194.8189697265625,-6.978677272796631,42.97121810913086,165.53582763671875,-1.5508171319961548,27.541349411010742,146.0137939453125,-3.1016342639923096,27.541349411010742,146.0137939453125,-3.877042770385742,41.843936920166016,122.20584106445312,-4.652451038360596,30.293743133544922,136.85494995117188,-6.203268527984619,42.78463363647461,149.56146240234375,-7.754085540771484,44.06690979003906,122.94767761230469,-9.304902076721191,24.788955688476562,155.17263793945312,6.203268527984619,35.502174377441406,192.04110717773438,7.754085540771484,62.522369384765625,203.28109741210938,9.304902076721191,C:/Users/ASUS/Downloads/3D_Human_Pose_NCKH/phase5_external_generalization/data/external_raw/Le2i/Coffee_room_02/Videos/video (57).avi,-1,-1,External
23,58.73481369018555,184.72152709960938,0.0,57.493324279785156,192.0038299560547,2.329235076904297,104.30790710449219,185.5396728515625,4.658470153808594,104.73947143554688,227.00405883789062,6.987706184387207,59.97630310058594,177.43922424316406,-2.329235076904297,96.90474700927734,162.42381286621094,-4.658470153808594,96.58197021484375,195.48947143554688,-6.987706184387207,43.18773651123047,165.34413146972656,-1.5528234243392944,27.64065933227539,145.96673583984375,-3.105646848678589,27.64065933227539,145.96673583984375,-3.88205885887146,40.561012268066406,121.17741394042969,-4.658470153808594,30.80242156982422,136.63975524902344,-6.211293697357178,44.01789474487305,147.3339080810547,-7.76411771774292,43.82594299316406,122.01542663574219,-9.316940307617188,24.478897094726562,155.29371643066406,6.211293697357178,35.41606140136719,191.58004760742188,7.76411771774292,62.50379943847656,203.30862426757812,9.316940307617188,C:/Users/ASUS/Downloads/3D_Human_Pose_NCKH/phase5_external_generalization/data/external_raw/Le2i/Coffee_room_02/Videos/video (57).avi,-1,-1,External
24,58.99641036987305,183.99099731445312,0.0,57.68016052246094,191.31410217285156,2.3135807514190674,105.261474609375,186.6790771484375,4.627161502838135,105.29353332519531,227.6946563720703,6.9407429695129395,60.312660217285156,176.66790771484375,-2.3135807514190674,97.53569030761719,162.70391845703125,-4.627161502838135,96.4577865600586,195.0586395263672,-6.9407429695129395,43.32493591308594,164.84967041015625,-1.5423872470855713,27.653461456298828,145.70834350585938,-3.0847744941711426,27.653461456298828,145.70834350585938,-3.8559682369232178,40.13438034057617,121.043701171875,-4.627161502838135,30.94388198852539,136.453857421875,-6.169548988342285,44.31398010253906,148.28021240234375,-7.7119364738464355,44.28410339355469,122.30477905273438,-9.25432300567627,24.363040924072266,154.9628143310547,6.169548988342285,35.33596420288086,191.21255493164062,7.7119364738464355,62.31226348876953,203.3914794921875,9.25432300567627,C:/Users/ASUS/Downloads/3D_Human_Pose_NCKH/phase5_external_generalization/data/external_raw/Le2i/Coffee_room_02/Videos/video (57).avi,-1,-1,External
25,59.04584503173828,183.67245483398438,0.0,57.704559326171875,190.8388214111328,2.3096132278442383,105.31704711914062,186.438720703125,4.619226455688477,105.27732849121094,228.01126098632812,6.928839683532715,60.38713455200195,176.506103515625,-2.3096132278442383,97.83473205566406,162.61337280273438,-4.619226455688477,96.46151733398438,195.52078247070312,-6.928839683532715,43.234657287597656,164.66664123535156,-1.539742112159729,27.423465728759766,145.66082763671875,-3.079484224319458,27.423465728759766,145.66082763671875,-3.849355459213257,39.80680465698242,121.06017303466797,-4.619226455688477,30.69176483154297,136.86080932617188,-6.158968448638916,43.50499725341797,151.33045959472656,-7.698710918426514,44.56824493408203,124.29666900634766,-9.238452911376953,24.155166625976562,154.46084594726562,6.158968448638916,35.255638122558594,191.46783447265625,7.698710918426514,62.28330612182617,203.2613983154297,9.238452911376953,C:/Users/ASUS/Downloads/3D_Human_Pose_NCKH/phase5_external_generalization/data/external_raw/Le2i/Coffee_room_02/Videos/video (57).avi,-1,-1,External
26,0.0003484683111310005,0.0009562731720507145,-0.000885356217622757,0.015277419239282608,0.045792557299137115,-0.12096196413040161,0.4051099419593811,0.038834549486637115,-0.14992839097976685,0.4356597363948822,0.45467665791511536,-0.060085590928792953,-0.01414934080094099,-0.051180701702833176,0.12405554950237274,0.3710796535015106,-0.19990770518779755,0.12404680997133255,0.40333592891693115,0.14816723763942719,0.2571567893028259,-0.16255971789360046,-0.160425066947937,-0.12587207555770874,-0.2323046624660492,-0.37846893072128296,-0.20847828686237335,-0.22134926915168762,-0.3332419693470001,-0.27367812395095825,-0.07817737013101578,-0.48539048433303833,-0.27359065413475037,-0.23472294211387634,-0.40270498394966125,-0.08724864572286606,-0.12891001999378204,-0.3438998758792877,0.03406759351491928,-0.1387077271938324,-0.5256822109222412,-0.13489854335784912,-0.2436515837907791,-0.2391505390405655,-0.23988494277000427,-0.16413217782974243,0.046023622155189514,-0.2004109025001526,0.04743166267871857,0.20478782057762146,-0.20931071043014526,C:/Users/ASUS/Downloads/3D_Human_Pose_NCKH/phase5_external_generalization/data/external_raw/Le2i/Coffee_room_02/Videos/video (57).avi,-1,-1,External
27,0.00033713970333337784,0.0009744102135300636,-0.0009364406578242779,0.014411755837500095,0.0454089418053627,-0.12108194828033447,0.40410366654396057,0.038589850068092346,-0.1534307450056076,0.43249574303627014,0.45223426818847656,-0.061679039150476456,-0.013281873427331448,-0.05074246972799301,0.1240750104188919,0.3679409325122833,-0.20353619754314423,0.11668305844068527,0.39824965596199036,0.14644843339920044,0.24840033054351807,-0.16435645520687103,-0.15946820378303528,-0.12646204233169556,-0.23426392674446106,-0.37751004099845886,-0.21063749492168427,-0.2225162386894226,-0.3318019211292267,-0.27819305658340454,-0.08220592886209488,-0.4847017824649811,-0.2787948548793793,-0.2371038794517517,-0.40401691198349,-0.0909123346209526,-0.13061121106147766,-0.35334065556526184,0.02581658586859703,-0.1448373794555664,-0.5418602824211121,-0.14210161566734314,-0.24631208181381226,-0.2372693121433258,-0.2416047304868698,-0.1646461933851242,0.04539651423692703,-0.19974450767040253,0.04778026416897774,0.20564213395118713,-0.2080041915178299,C:/Users/ASUS/Downloads/3D_Human_Pose_NCKH/phase5_external_generalization/data/external_raw/Le2i/Coffee_room_02/Videos/video (57).avi,-1,-1,External
28,0.00033503957092761993,0.0009763389825820923,-0.0010398823069408536,0.013739136047661304,0.04497634619474411,-0.12139444053173065,0.4027489423751831,0.039266761392354965,-0.15546199679374695,0.4306173622608185,0.451340913772583,-0.06269843876361847,-0.012566152028739452,-0.050376176834106445,0.12439475953578949,0.36532941460609436,-0.20555587112903595,0.11096111685037613,0.39402109384536743,0.14733004570007324,0.2410946935415268,-0.1662939488887787,-0.15917479991912842,-0.12566280364990234,-0.23644180595874786,-0.3767273426055908,-0.2123367190361023,-0.22410079836845398,-0.3308117687702179,-0.2816017270088196,-0.08613111823797226,-0.48421674966812134,-0.2837105691432953,-0.2397642433643341,-0.40485912561416626,-0.09361551702022552,-0.13193508982658386,-0.35962265729904175,0.020181208848953247,-0.14970488846302032,-0.553141176700592,-0.1458691656589508,-0.24900680780410767,-0.2355247288942337,-0.24296939373016357,-0.16640423238277435,0.04496779292821884,-0.19935567677021027,0.04827256128191948,0.20683905482292175,-0.20911936461925507,C:/Users/ASUS/Downloads/3D_Human_Pose_NCKH/phase5_external_generalization/data/external_raw/Le2i/Coffee_room_02/Videos/video (57).avi,-1,-1,External
29,0.0003951694816350937,0.0009524491615593433,-0.0011558460537344217,0.013026162981987,0.04442537948489189,-0.12191613018512726,0.40134957432746887,0.04058393836021423,-0.15650565922260284,0.4291427433490753,0.4517212510108948,-0.06366969645023346,-0.011857003904879093,-0.04996933788061142,0.1248895525932312,0.36274901032447815,-0.205654576420784,0.10882335901260376,0.389468252658844,0.15060347318649292,0.23618747293949127,-0.16845206916332245,-0.1595565676689148,-0.12333349883556366,-0.23873449862003326,-0.37643805146217346,-0.21320916712284088,-0.22604528069496155,-0.3301941156387329,-0.28423649072647095,-0.09010819345712662,-0.4845377504825592,-0.28832289576530457,-0.24229440093040466,-0.4057783782482147,-0.09478837996721268,-0.13197565078735352,-0.36363133788108826,0.019055236130952835,-0.15295913815498352,-0.5623394250869751,-0.14186260104179382,-0.25168928503990173,-0.23427490890026093,-0.24338269233703613,-0.16892321407794952,0.04453492909669876,-0.19943587481975555,0.04869549721479416,0.20816923677921295,-0.21457599103450775,C:/Users/ASUS/Downloads/3D_Human_Pose_NCKH/phase5_external_generalization/data/external_raw/Le2i/Coffee_room_02/Videos/video (57).avi,-1,-1,External
30,0.0003744550049304962,0.0010203602723777294,-0.001243883278220892,0.01250198483467102,0.044335342943668365,-0.1227518618106842,0.40045660734176636,0.042484432458877563,-0.15655198693275452,0.4292295277118683,0.4521951973438263,-0.06309840828180313,-0.011365757323801517,-0.0497017428278923,0.1255466192960739,0.3604685366153717,-0.20494964718818665,0.11055875569581985,0.38545656204223633,0.1536448895931244,0.23508036136627197,-0.17060108482837677,-0.16047058999538422,-0.1201103925704956,-0.24124719202518463,-0.3762297034263611,-0.21347476541996002,-0.22865024209022522,-0.3300487697124481,-0.2859678566455841,-0.09403721243143082,-0.4848034977912903,-0.29206404089927673,-0.24476215243339539,-0.4066372215747833,-0.0947098508477211,-0.13198041915893555,-0.3656282424926758,0.021086595952510834,-0.1554366797208786,-0.5689688324928284,-0.131336510181427,-0.2543373703956604,-0.2328166514635086,-0.2431928813457489,-0.17186741530895233,0.044809043407440186,-0.20010598003864288,0.04884577542543411,0.20990347862243652,-0.22197605669498444,C:/Users/ASUS/Downloads/3D_Human_Pose_NCKH/phase5_external_generalization/data/external_raw/Le2i/Coffee_room_02/Videos/video (57).avi,-1,-1,External
31,0.00028615258634090424,0.0010406947694718838,-0.0012990707764402032,0.012026515789330006,0.044049493968486786,-0.12339498102664948,0.3998109996318817,0.042781613767147064,-0.15756186842918396,0.4303632080554962,0.45054343342781067,-0.06398599594831467,-0.010920803062617779,-0.049105241894721985,0.12619301676750183,0.35875430703163147,-0.2043527215719223,0.11213122308254242,0.3814665377140045,0.15534701943397522,0.23525477945804596,-0.17233876883983612,-0.16135545074939728,-0.11611150205135345,-0.2436985820531845,-0.3759572505950928,-0.21252962946891785,-0.23111537098884583,-0.33012884855270386,-0.2862040400505066,-0.09732349216938019,-0.4851943850517273,-0.2940175235271454,-0.24644723534584045,-0.40608975291252136,-0.09325095266103745,-0.13187280297279358,-0.3634982109069824,0.024792995303869247,-0.15603838860988617,-0.571603000164032,-0.11672045290470123,-0.25623956322669983,-0.23165376484394073,-0.24166788160800934,-0.17410025000572205,0.04421447217464447,-0.1993086189031601,0.04953760281205177,0.2094396948814392,-0.22892121970653534,C:/Users/ASUS/Downloads/3D_Human_Pose_NCKH/phase5_external_generalization/data/external_raw/Le2i/Coffee_room_02/Videos/video (57).avi,-1,-1,External
32,0.0003429250791668892,0.0010627233423292637,-0.0013942952500656247,0.011961080133914948,0.04494355618953705,-0.12481160461902618,0.400882363319397,0.04461275413632393,-0.15566164255142212,0.4324709177017212,0.4514071047306061,-0.06281931698322296,-0.010991762392222881,-0.049895983189344406,0.12750768661499023,0.3583415448665619,-0.20392945408821106,0.11623486876487732,0.3791578710079193,0.15530763566493988,0.23771999776363373,-0.17379064857959747,-0.16282527148723602,-0.11251514405012131,-0.24654538929462433,-0.3764675557613373,-0.21148644387722015,-0.2333081066608429,-0.331704318523407,-0.2860216498374939,-0.1002364531159401,-0.4871976673603058,-0.29564550518989563,-0.24901387095451355,-0.40707406401634216,-0.09168650954961777,-0.13377365469932556,-0.3626407980918884,0.025803163647651672,-0.15696005523204803,-0.5737020373344421,-0.100279301404953,-0.2584019601345062,-0.23074810206890106,-0.24072927236557007,-0.17620570957660675,0.044714123010635376,-0.19967590272426605,0.049956064671278,0.2101517766714096,-0.23784767091274261,C:/Users/ASUS/Downloads/3D_Human_Pose_NCKH/phase5_external_generalization/data/external_raw/Le2i/Coffee_room_02/Videos/video (57).avi,-1,-1,External
33,0.0005255956202745438,0.0010379473678767681,-0.0014957016101107001,0.01231912150979042,0.046346910297870636,-0.12649036943912506,0.4036818742752075,0.046753641217947006,-0.1530419886112213,0.4344610273838043,0.4533297121524811,-0.06061382591724396,-0.011516912840306759,-0.051156871020793915,0.1289292871952057,0.35938963294029236,-0.20438461005687714,0.11874427646398544,0.3771098554134369,0.1543264389038086,0.23939679563045502,-0.17438475787639618,-0.16479963064193726,-0.10882562398910522,-0.24954475462436676,-0.3777988851070404,-0.20993199944496155,-0.23508092761039734,-0.3345094919204712,-0.2857476472854614,-0.10313623398542404,-0.49109190702438354,-0.2959746718406677,-0.25145331025123596,-0.4087294638156891,-0.08852007240056992,-0.13821369409561157,-0.3612470030784607,0.029516905546188354,-0.15810954570770264,-0.5742675065994263,-0.07952368259429932,-0.2608838975429535,-0.2303570955991745,-0.24094049632549286,-0.1775173395872116,0.04606956988573074,-0.20241113007068634,0.05038156732916832,0.21070605516433716,-0.24858857691287994,C:/Users/ASUS/Downloads/3D_Human_Pose_NCKH/phase5_external_generalization/data/external_raw/Le2i/Coffee_room_02/Videos/video (57).avi,-1,-1,External
34,0.0006099939346313477,0.0010450095869600773,-0.0014878648798912764,0.012697506695985794,0.04817667603492737,-0.12786097824573517,0.40813398361206055,0.047446493059396744,-0.1558941900730133,0.4353500008583069,0.4523363411426544,-0.06054570898413658,-0.011927620507776737,-0.052568867802619934,0.13003772497177124,0.3590007424354553,-0.20764587819576263,0.11554501950740814,0.37397733330726624,0.15078696608543396,0.2351236194372177,-0.17419253289699554,-0.16696922481060028,-0.10427317768335342,-0.2525959014892578,-0.3803843855857849,-0.20630846917629242,-0.23748967051506042,-0.33898288011550903,-0.28407537937164307,-0.10610172897577286,-0.49573183059692383,-0.2947636842727661,-0.2538016140460968,-0.41131827235221863,-0.08394040912389755,-0.1453661024570465,-0.3585119843482971,0.035763394087553024,-0.15866218507289886,-0.5748088955879211,-0.059414010494947433,-0.2631397545337677,-0.23125948011875153,-0.24014979600906372,-0.17764359712600708,0.04647454619407654,-0.20323990285396576,0.05014947056770325,0.2106250673532486,-0.2541040778160095,C:/Users/ASUS/Downloads/3D_Human_Pose_NCKH/phase5_external_generalization/data/external_raw/Le2i/Coffee_room_02/Videos/video (57).avi,-1,-1,External
35,0.0007125064730644226,0.0009538684971630573,-0.001357607077807188,0.012288928963243961,0.04891982674598694,-0.1279057413339615,0.41035112738609314,0.04878696799278259,-0.1564224362373352,0.4360514283180237,0.4521840512752533,-0.05774420127272606,-0.011736192740499973,-0.0534338653087616,0.1299833357334137,0.3595268428325653,-0.20660816133022308,0.118714340031147,0.3711532652378082,0.15028810501098633,0.2367955595254898,-0.17444436252117157,-0.16831596195697784,-0.10052770376205444,-0.25608834624290466,-0.3831389248371124,-0.20344237983226776,-0.24098274111747742,-0.3429196774959564,-0.2809232473373413,-0.1109948456287384,-0.5000270009040833,-0.2930847704410553,-0.25560006499290466,-0.4138193726539612,-0.08256834745407104,-0.1500834822654724,-0.35673487186431885,0.034699954092502594,-0.15939342975616455,-0.5732069611549377,-0.05076294764876366,-0.266462504863739,-0.2325180023908615,-0.23751607537269592,-0.17820517718791962,0.04401003569364548,-0.20201727747917175,0.05114768072962761,0.2096949815750122,-0.2532808184623718,C:/Users/ASUS/Downloads/3D_Human_Pose_NCKH/phase5_external_generalization/data/external_raw/Le2i/Coffee_room_02/Videos/video (57).avi,-1,-1,External
36,0.0007792897522449493,0.0008937888778746128,-0.0013611969770863652,0.012308690696954727,0.049461930990219116,-0.1279696673154831,0.40901559591293335,0.04876243323087692,-0.15134625136852264,0.43477311730384827,0.45021137595176697,-0.051488254219293594,-0.01186396088451147,-0.054062068462371826,0.12975388765335083,0.35708117485046387,-0.20528310537338257,0.1279439628124237,0.3669168949127197,0.14854036271572113,0.24539507925510406,-0.17562593519687653,-0.167828768491745,-0.10170428454875946,-0.25871163606643677,-0.3823721408843994,-0.20418499410152435,-0.24416860938072205,-0.3421723544597626,-0.28174471855163574,-0.11614397913217545,-0.4994748830795288,-0.29332709312438965,-0.25696638226509094,-0.413262277841568,-0.08453933894634247,-0.14915025234222412,-0.3541005253791809,0.02436014637351036,-0.16290710866451263,-0.5719684362411499,-0.0636625736951828,-0.2690013647079468,-0.2307652086019516,-0.23800821602344513,-0.17730380594730377,0.0454750657081604,-0.20689009130001068,0.0533425472676754,0.21015405654907227,-0.26072677969932556,C:/Users/ASUS/Downloads/3D_Human_Pose_NCKH/phase5_external_generalization/data/external_raw/Le2i/Coffee_room_02/Videos/video (57).avi,-1,-1,External
37,0.0006922828033566475,0.000940373633056879,-0.0013076909817755222,0.012258060276508331,0.04992838203907013,-0.12791897356510162,0.40884536504745483,0.048590682446956635,-0.14906376600265503,0.4328104257583618,0.44821104407310486,-0.04844324663281441,-0.011853105388581753,-0.0543484166264534,0.1296689510345459,0.35453590750694275,-0.20634327828884125,0.13143670558929443,0.3646424412727356,0.14496472477912903,0.250357061624527,-0.17674750089645386,-0.16754154860973358,-0.10122288763523102,-0.2611406743526459,-0.381439745426178,-0.20409809052944183,-0.24678540229797363,-0.3410767614841461,-0.2828090190887451,-0.12149669229984283,-0.49841538071632385,-0.29442697763442993,-0.2581769824028015,-0.4124651253223419,-0.08500472456216812,-0.14939844608306885,-0.35265567898750305,0.018068525940179825,-0.16431695222854614,-0.5695030689239502,-0.07216282188892365,-0.2716706395149231,-0.22945953905582428,-0.23784659802913666,-0.17725050449371338,0.045700088143348694,-0.2083827704191208,0.05419723689556122,0.2094963937997818,-0.2635621130466461,C:/Users/ASUS/Downloads/3D_Human_Pose_NCKH/phase5_external_generalization/data/external_raw/Le2i/Coffee_room_02/Videos/video (57).avi,-1,-1,External
38,0.0005818605422973633,0.0008986033499240875,-0.0013336336705833673,0.011964313685894012,0.04976048320531845,-0.12761083245277405,0.40793919563293457,0.04756133258342743,-0.15272757411003113,0.4306982755661011,0.44606873393058777,-0.04974442720413208,-0.011475685052573681,-0.05404893308877945,0.12960666418075562,0.3524366021156311,-0.20705334842205048,0.126540407538414,0.3636232018470764,0.14402097463607788,0.24906647205352783,-0.17742137610912323,-0.16728568077087402,-0.10037944465875626,-0.26234155893325806,-0.3805306553840637,-0.20212312042713165,-0.24833491444587708,-0.34034377336502075,-0.28212857246398926,-0.12581458687782288,-0.49768245220184326,-0.2940988838672638,-0.2581389844417572,-0.4111786186695099,-0.08319809287786484,-0.14845886826515198,-0.35047054290771484,0.01713625341653824,-0.16509822010993958,-0.5656001567840576,-0.07958589494228363,-0.2733817994594574,-0.22874121367931366,-0.23583626747131348,-0.17689965665340424,0.0456797257065773,-0.20723117887973785,0.05570511892437935,0.2084800750017166,-0.264898419380188,C:/Users/ASUS/Downloads/3D_Human_Pose_NCKH/phase5_external_generalization/data/external_raw/Le2i/Coffee_room_02/Videos/video (57).avi,-1,-1,External
39,0.0006557079032063484,0.0008788183331489563,-0.0013331504305824637,0.010886039584875107,0.05003685504198074,-0.12748189270496368,0.4063948392868042,0.04865424335002899,-0.1582038253545761,0.4297560155391693,0.4467315971851349,-0.05185997858643532,-0.010416422039270401,-0.05441912263631821,0.12927019596099854,0.3509388864040375,-0.2052062600851059,0.11995014548301697,0.3623470067977905,0.14555098116397858,0.24376197159290314,-0.17810004949569702,-0.16684293746948242,-0.09944303333759308,-0.26339128613471985,-0.37959951162338257,-0.20039315521717072,-0.24925220012664795,-0.33911988139152527,-0.2815474271774292,-0.12979242205619812,-0.4965706765651703,-0.2940584123134613,-0.25842520594596863,-0.4115431308746338,-0.0818021222949028,-0.14679278433322906,-0.3547331988811493,0.017048373818397522,-0.1663263738155365,-0.5686338543891907,-0.08627323806285858,-0.27509841322898865,-0.22745691239833832,-0.23436951637268066,-0.17723675072193146,0.04568815231323242,-0.20753036439418793,0.05512270703911781,0.20932334661483765,-0.26530858874320984,C:/Users/ASUS/Downloads/3D_Human_Pose_NCKH/phase5_external_generalization/data/external_raw/Le2i/Coffee_room_02/Videos/video (57).avi,-1,-1,External
40,0.0006712246686220169,0.0008511422201991081,-0.001322971424087882,0.009595701470971107,0.05013025924563408,-0.12748156487941742,0.40559107065200806,0.049539923667907715,-0.16610494256019592,0.42839959263801575,0.44743043184280396,-0.056620363146066666,-0.00921791885048151,-0.054519832134246826,0.12903259694576263,0.34911832213401794,-0.20424291491508484,0.10958999395370483,0.36104854941368103,0.14682921767234802,0.23517604172229767,-0.1785600632429123,-0.16627435386180878,-0.09808903187513351,-0.2643902003765106,-0.3784368634223938,-0.1982174515724182,-0.24978795647621155,-0.33777207136154175,-0.28094619512557983,-0.1337319165468216,-0.49531012773513794,-0.29404905438423157,-0.25875750184059143,-0.41185206174850464,-0.07967761904001236,-0.1447599232196808,-0.3616429567337036,0.020512506365776062,-0.16513654589653015,-0.5717508792877197,-0.08900322020053864,-0.27695491909980774,-0.2264518290758133,-0.23245422542095184,-0.17824405431747437,0.044991329312324524,-0.2042749673128128,0.05354316160082817,0.2101360261440277,-0.26105552911758423,C:/Users/ASUS/Downloads/3D_Human_Pose_NCKH/phase5_external_generalization/data/external_raw/Le2i/Coffee_room_02/Videos/video (57).avi,-1,-1,External
41,0.0006590932607650757,0.0007991171441972256,-0.0013699778355658054,0.008399183861911297,0.0495755635201931,-0.1267845779657364,0.4042190909385681,0.04917846620082855,-0.1752128303050995,0.42607030272483826,0.4467693567276001,-0.06264049559831619,-0.007982014678418636,-0.053963080048561096,0.1285533905029297,0.34755703806877136,-0.2038835734128952,0.09731948375701904,0.36078956723213196,0.14832407236099243,0.22651153802871704,-0.17907343804836273,-0.16579052805900574,-0.09630771726369858,-0.26533985137939453,-0.377213716506958,-0.19570358097553253,-0.2503998577594757,-0.3366653025150299,-0.27922195196151733,-0.1376839131116867,-0.4943622946739197,-0.293078750371933,-0.25836071372032166,-0.4110318124294281,-0.07702425867319107,-0.14187636971473694,-0.365530401468277,0.02319302409887314,-0.16423551738262177,-0.5722288489341736,-0.09170617163181305,-0.2790314853191376,-0.22587543725967407,-0.22992780804634094,-0.17943070828914642,0.044469498097896576,-0.20004169642925262,0.052669573575258255,0.20979896187782288,-0.2559566795825958,C:/Users/ASUS/Downloads/3D_Human_Pose_NCKH/phase5_external_generalization/data/external_raw/Le2i/Coffee_room_02/Videos/video (57).avi,-1,-1,External
42,0.0006446093320846558,0.0007463651709258556,-0.001415593666024506,0.007041092962026596,0.0491250604391098,-0.12605734169483185,0.4027077257633209,0.049233175814151764,-0.1821904182434082,0.42433252930641174,0.446600079536438,-0.06583794206380844,-0.006632205098867416,-0.05364317074418068,0.12795153260231018,0.3465634286403656,-0.2027059644460678,0.08889441937208176,0.36063167452812195,0.14933587610721588,0.2216581553220749,-0.1795499175786972,-0.16490665078163147,-0.09496919810771942,-0.2663768529891968,-0.3754012882709503,-0.19401349127292633,-0.251274049282074,-0.33490005135536194,-0.2780545949935913,-0.1415918916463852,-0.49295181035995483,-0.2922574579715729,-0.25800007581710815,-0.4100324809551239,-0.07530318945646286,-0.13892823457717896,-0.3700678050518036,0.02439424768090248,-0.1637541949748993,-0.5728057026863098,-0.09652732312679291,-0.28131303191185,-0.22470779716968536,-0.2277373969554901,-0.18089354038238525,0.04458433389663696,-0.19698189198970795,0.05195451155304909,0.21046048402786255,-0.2514882981777191,C:/Users/ASUS/Downloads/3D_Human_Pose_NCKH/phase5_external_generalization/data/external_raw/Le2i/Coffee_room_02/Videos/video (57).avi,-1,-1,External
43,0.0006417678669095039,0.0007015909068286419,-0.001422120607458055,0.005835315212607384,0.04888312891125679,-0.12527675926685333,0.4009515643119812,0.04893224686384201,-0.18620043992996216,0.42275407910346985,0.4453134536743164,-0.06686145812273026,-0.005479799583554268,-0.05351012945175171,0.1272222101688385,0.34512367844581604,-0.20191246271133423,0.0845409408211708,0.3598240315914154,0.14975643157958984,0.22152327001094818,-0.17991654574871063,-0.1639118194580078,-0.09427644312381744,-0.26774030923843384,-0.3733862042427063,-0.19339050352573395,-0.25282594561576843,-0.3331422507762909,-0.27729862928390503,-0.14565715193748474,-0.4913378655910492,-0.29154258966445923,-0.2581360936164856,-0.4089221656322479,-0.0748717188835144,-0.1365012526512146,-0.3738526999950409,0.02347317337989807,-0.16405194997787476,-0.5733231902122498,-0.10205428302288055,-0.2837465703487396,-0.22317370772361755,-0.2264474481344223,-0.18175475299358368,0.0450301393866539,-0.19544717669487,0.052171941846609116,0.2109534591436386,-0.2493724524974823,C:/Users/ASUS/Downloads/3D_Human_Pose_NCKH/phase5_external_generalization/data/external_raw/Le2i/Coffee_room_02/Videos/video (57).avi,-1,-1,External
44,0.0006284965202212334,0.0006822417490184307,-0.001389685901813209,0.00461615901440382,0.048642847687006,-0.12447826564311981,0.39939236640930176,0.04932428151369095,-0.1881903111934662,0.4210696518421173,0.4452616572380066,-0.06709173321723938,-0.004297275096178055,-0.05334576219320297,0.12649081647396088,0.34436172246932983,-0.20101816952228546,0.08199180662631989,0.35913872718811035,0.1506500393152237,0.22371706366539001,-0.1800597757101059,-0.16288889944553375,-0.09354183077812195,-0.2691428065299988,-0.37149778008461,-0.19346760213375092,-0.2544404864311218,-0.3312675952911377,-0.27710574865341187,-0.14954964816570282,-0.48993128538131714,-0.29153576493263245,-0.2583475708961487,-0.4077710211277008,-0.07520396262407303,-0.1351490467786789,-0.3773009181022644,0.023194391280412674,-0.1643068641424179,-0.5730207562446594,-0.10591855645179749,-0.2860485315322876,-0.2216258943080902,-0.22528746724128723,-0.18273933231830597,0.045079804956912994,-0.19312776625156403,0.05233513191342354,0.21162182092666626,-0.24581284821033478,C:/Users/ASUS/Downloads/3D_Human_Pose_NCKH/phase5_external_generalization/data/external_raw/Le2i/Coffee_room_02/Videos/video (57).avi,-1,-1,External
45,0.0005919616669416428,0.0007072514854371548,-0.0013410133542492986,0.003735019825398922,0.04883810877799988,-0.12410707771778107,0.3986120820045471,0.04922350496053696,-0.18944042921066284,0.4192225933074951,0.4447236955165863,-0.06785166263580322,-0.003421577624976635,-0.05344751477241516,0.1260458528995514,0.3428644835948944,-0.2017725557088852,0.0798591896891594,0.3576100468635559,0.14997033774852753,0.22559942305088043,-0.18045547604560852,-0.16178756952285767,-0.09302602708339691,-0.2710256576538086,-0.3691580593585968,-0.19433550536632538,-0.2563622295856476,-0.3287847638130188,-0.27836593985557556,-0.15329183638095856,-0.48758989572525024,-0.29253336787223816,-0.25932881236076355,-0.4063975512981415,-0.07614031434059143,-0.1348995864391327,-0.38004133105278015,0.021967366337776184,-0.1645142138004303,-0.5727793574333191,-0.10848455131053925,-0.2882172167301178,-0.21911212801933289,-0.22495734691619873,-0.18311919271945953,0.04581551253795624,-0.18960601091384888,0.05281820893287659,0.2130463868379593,-0.2407250851392746,C:/Users/ASUS/Downloads/3D_Human_Pose_NCKH/phase5_external_generalization/data/external_raw/Le2i/Coffee_room_02/Videos/video (57).avi,-1,-1,External
46,0.0006099119782447815,0.0006698537617921829,-0.001372607657685876,0.0029478464275598526,0.04904814809560776,-0.12364321947097778,0.39812397956848145,0.04941680654883385,-0.1904895007610321,0.41680946946144104,0.44555753469467163,-0.06951826810836792,-0.002620493061840534,-0.05392991751432419,0.1258505880832672,0.34152624011039734,-0.20280979573726654,0.07700172066688538,0.35738706588745117,0.14927764236927032,0.22482478618621826,-0.18095482885837555,-0.16095378994941711,-0.09235978871583939,-0.27283763885498047,-0.3672352433204651,-0.1954810470342636,-0.2581563889980316,-0.326595664024353,-0.2799225151538849,-0.1565527468919754,-0.48611342906951904,-0.2938990890979767,-0.26094701886177063,-0.40560004115104675,-0.07741909474134445,-0.13549920916557312,-0.3832007050514221,0.019024908542633057,-0.16467604041099548,-0.5724537968635559,-0.11234128475189209,-0.29048699140548706,-0.21698637306690216,-0.2250957489013672,-0.18383078277111053,0.04603883624076843,-0.18612909317016602,0.05265985056757927,0.2131345123052597,-0.23352333903312683,C:/Users/ASUS/Downloads/3D_Human_Pose_NCKH/phase5_external_generalization/data/external_raw/Le2i/Coffee_room_02/Videos/video (57).avi,-1,-1,External
47,0.0005199378356337547,0.0007383930496871471,-0.001287906663492322,0.002511768601834774,0.04933210462331772,-0.12302230298519135,0.39797091484069824,0.04992101341485977,-0.1908605694770813,0.4140637516975403,0.4465864598751068,-0.07093799859285355,-0.0020616380497813225,-0.05414623022079468,0.12549927830696106,0.33919599652290344,-0.20481456816196442,0.07469997555017471,0.35605302453041077,0.14747899770736694,0.22395965456962585,-0.18150167167186737,-0.16028952598571777,-0.09212633222341537,-0.27475252747535706,-0.3654101490974426,-0.197046160697937,-0.2600322663784027,-0.32476821541786194,-0.28192609548568726,-0.15985673666000366,-0.48487985134124756,-0.29590311646461487,-0.2625349164009094,-0.40480419993400574,-0.07927968353033066,-0.1369970142841339,-0.3842158913612366,0.014997760765254498,-0.16601799428462982,-0.5698603987693787,-0.11733019351959229,-0.292836993932724,-0.21503162384033203,-0.2254992574453354,-0.184914693236351,0.046484753489494324,-0.18344458937644958,0.0522509329020977,0.21305957436561584,-0.22595004737377167,C:/Users/ASUS/Downloads/3D_Human_Pose_NCKH/phase5_external_generalization/data/external_raw/Le2i/Coffee_room_02/Videos/video (57).avi,-1,-1,External
48,0.0005497429519891739,0.0007380540482699871,-0.001289550680667162,0.0014341105706989765,0.04978552833199501,-0.12289878726005554,0.39726221561431885,0.050734151154756546,-0.19120898842811584,0.40994128584861755,0.44751110672950745,-0.07258785516023636,-0.0011741025373339653,-0.054733093827962875,0.1252279281616211,0.33617833256721497,-0.20683668553829193,0.07269862294197083,0.35388094186782837,0.14419016242027283,0.21869541704654694,-0.18225009739398956,-0.15904110670089722,-0.09151803702116013,-0.2763004004955292,-0.36320027709007263,-0.19888325035572052,-0.26097485423088074,-0.32176923751831055,-0.28505584597587585,-0.1622287482023239,-0.4823058843612671,-0.2991124093532562,-0.26389235258102417,-0.4041016697883606,-0.08145438879728317,-0.13680264353752136,-0.3901418149471283,0.011602307669818401,-0.16637715697288513,-0.5708348155021667,-0.1225900799036026,-0.29485365748405457,-0.21247975528240204,-0.22718358039855957,-0.18532195687294006,0.04600473493337631,-0.18100605905056,0.05087697133421898,0.2128257155418396,-0.21637432277202606,C:/Users/ASUS/Downloads/3D_Human_Pose_NCKH/phase5_external_generalization/data/external_raw/Le2i/Coffee_room_02/Videos/video (57).avi,-1,-1,External
49,0.0005626138299703598,0.0007528192363679409,-0.0013630031608045101,0.000761211384087801,0.051104214042425156,-0.12326033413410187,0.39765724539756775,0.053164221346378326,-0.18899324536323547,0.407235711812973,0.4507249593734741,-0.07115272432565689,-0.0007666191086173058,-0.056101132184267044,0.1250794678926468,0.33467093110084534,-0.20745845139026642,0.07433292269706726,0.35154837369918823,0.1407870054244995,0.21582472324371338,-0.1833362728357315,-0.1579633504152298,-0.09226568043231964,-0.27820292115211487,-0.36105382442474365,-0.20149776339530945,-0.26179608702659607,-0.3197317123413086,-0.28926700353622437,-0.16427983343601227,-0.48053503036499023,-0.3028227388858795,-0.2659823000431061,-0.4042387008666992,-0.08408870548009872,-0.1364305317401886,-0.39714133739471436,0.007371994666755199,-0.1657593846321106,-0.5722785592079163,-0.12617196142673492,-0.29692161083221436,-0.20969219505786896,-0.23056183755397797,-0.1875012069940567,0.04723134636878967,-0.18208780884742737,0.04733520373702049,0.2145688533782959,-0.21185992658138275,C:/Users/ASUS/Downloads/3D_Human_Pose_NCKH/phase5_external_generalization/data/external_raw/Le2i/Coffee_room_02/Videos/video (57).avi,-1,-1,External
50,0.0005571376532316208,0.0008554365485906601,-0.0012128946837037802,0.0013616173528134823,0.05127564072608948,-0.1225949227809906,0.39810359477996826,0.051947496831417084,-0.18828897178173065,0.4042544662952423,0.44905126094818115,-0.07222089916467667,-0.0010350104421377182,-0.05606330931186676,0.1248399168252945,0.3333304822444916,-0.210753932595253,0.07294716686010361,0.34986600279808044,0.13612458109855652,0.2150184065103531,-0.18450389802455902,-0.15742172300815582,-0.0920087993144989,-0.28018081188201904,-0.3600570857524872,-0.20268265902996063,-0.26332607865333557,-0.3187091052532196,-0.2912853956222534,-0.16702285408973694,-0.47980374097824097,-0.3052332103252411,-0.2678132653236389,-0.4028092324733734,-0.08487347513437271,-0.13652397692203522,-0.3952639102935791,0.005609429441392422,-0.16691699624061584,-0.5709033608436584,-0.1248398870229721,-0.29835933446884155,-0.20839597284793854,-0.23139896988868713,-0.18828271329402924,0.04694880545139313,-0.17861470580101013,0.04655374959111214,0.2132696956396103,-0.20503385365009308,C:/Users/ASUS/Downloads/3D_Human_Pose_NCKH/phase5_external_generalization/data/external_raw/Le2i/Coffee_room_02/Videos/video (57).avi,-1,-1,External
51,0.0005487706512212753,0.0008775517344474792,-0.001207726658321917,0.0019737547263503075,0.05198287218809128,-0.12263689935207367,0.39885932207107544,0.051618531346321106,-0.18603095412254333,0.4023292362689972,0.44944432377815247,-0.07185294479131699,-0.0015317434445023537,-0.056790925562381744,0.12508031725883484,0.33175185322761536,-0.2133752554655075,0.07335223257541656,0.34812700748443604,0.13180100917816162,0.2148667573928833,-0.18559326231479645,-0.15709084272384644,-0.09127655625343323,-0.2818360924720764,-0.3591165542602539,-0.20329433679580688,-0.2648172080516815,-0.317819744348526,-0.29330331087112427,-0.16914956271648407,-0.47918957471847534,-0.3071708381175995,-0.27012085914611816,-0.402514785528183,-0.08459705114364624,-0.13790374994277954,-0.39641422033309937,0.006936988793313503,-0.16731111705303192,-0.570531964302063,-0.12022565305233002,-0.29954108595848083,-0.20725637674331665,-0.23258766531944275,-0.1894332766532898,0.04699999839067459,-0.17655490338802338,0.04481033980846405,0.21299900114536285,-0.20052893459796906,C:/Users/ASUS/Downloads/3D_Human_Pose_NCKH/phase5_external_generalization/data/external_raw/Le2i/Coffee_room_02/Videos/video (57).avi,-1,-1,External
52,0.0006005670875310898,0.0008602193556725979,-0.0012507346691563725,0.002952251583337784,0.05294863134622574,-0.1231812834739685,0.4002721905708313,0.052114322781562805,-0.182829812169075,0.40047919750213623,0.450237900018692,-0.07090074568986893,-0.0024723848327994347,-0.05781785026192665,0.1255677193403244,0.329872190952301,-0.2161705642938614,0.07593770325183868,0.34513163566589355,0.12680785357952118,0.20995955169200897,-0.18613214790821075,-0.15769757330417633,-0.09050515294075012,-0.28314030170440674,-0.35920166969299316,-0.2034517079591751,-0.2655094563961029,-0.31920987367630005,-0.2943894863128662,-0.17077477276325226,-0.4809172749519348,-0.3082139194011688,-0.27222687005996704,-0.4038734436035156,-0.0840802863240242,-0.1393343061208725,-0.39836806058883667,0.008146787993609905,-0.16810062527656555,-0.5693854689598083,-0.11839047074317932,-0.30094772577285767,-0.20696592330932617,-0.2340182363986969,-0.19078083336353302,0.04755255579948425,-0.17888781428337097,0.04240318760275841,0.21169064939022064,-0.20119112730026245,C:/Users/ASUS/Downloads/3D_Human_Pose_NCKH/phase5_external_generalization/data/external_raw/Le2i/Coffee_room_02/Videos/video (57).avi,-1,-1,External
53,0.0006080642342567444,0.000887866597622633,-0.0011865593260154128,0.004041080363094807,0.053439073264598846,-0.12305499613285065,0.4016392230987549,0.05231538414955139,-0.18017451465129852,0.3995213210582733,0.4498494863510132,-0.06926852464675903,-0.003412083722651005,-0.05827184394001961,0.12567800283432007,0.3287094533443451,-0.21797464787960052,0.08004841208457947,0.3420385420322418,0.12272176891565323,0.20942844450473785,-0.18618471920490265,-0.15858469903469086,-0.09018192440271378,-0.28397929668426514,-0.36003661155700684,-0.20271490514278412,-0.26611438393592834,-0.3213728666305542,-0.29404929280281067,-0.17234957218170166,-0.483460009098053,-0.30787497758865356,-0.27334150671958923,-0.4054150879383087,-0.08392971754074097,-0.14072684943675995,-0.3975081145763397,0.007410458289086819,-0.17131873965263367,-0.5656649470329285,-0.1194630116224289,-0.30151569843292236,-0.20739133656024933,-0.2333560585975647,-0.19118793308734894,0.04759490489959717,-0.18048344552516937,0.04149726405739784,0.209272563457489,-0.20255069434642792,C:/Users/ASUS/Downloads/3D_Human_Pose_NCKH/phase5_external_generalization/data/external_raw/Le2i/Coffee_room_02/Videos/video (57).avi,-1,-1,External
54,0.000668567605316639,0.0008580214343965054,-0.0012442277511581779,0.004192296415567398,0.0538492351770401,-0.12324197590351105,0.40192174911499023,0.05290234088897705,-0.1764032542705536,0.39832860231399536,0.4505019783973694,-0.06679081916809082,-0.0036155516281723976,-0.05883296579122543,0.12582780420780182,0.32765063643455505,-0.21893911063671112,0.08295406401157379,0.33974558115005493,0.1195838674902916,0.20951738953590393,-0.1862003654241562,-0.15872807800769806,-0.08965162932872772,-0.28462591767311096,-0.36022526025772095,-0.20272321999073029,-0.2667716443538666,-0.3218250870704651,-0.2944430410861969,-0.17350386083126068,-0.48437657952308655,-0.308281809091568,-0.2742990553379059,-0.40618371963500977,-0.0836113914847374,-0.14150579273700714,-0.39957350492477417,0.008909604512155056,-0.17264187335968018,-0.5653908848762512,-0.11830057203769684,-0.30217498540878296,-0.2072773426771164,-0.23365840315818787,-0.19178546965122223,0.04763810336589813,-0.1808270364999771,0.04055051878094673,0.2085285484790802,-0.20224232971668243,C:/Users/ASUS/Downloads/3D_Human_Pose_NCKH/phase5_external_generalization/data/external_raw/Le2i/Coffee_room_02/Videos/video (57).avi,-1,-1,External
55,0.0007223691791296005,0.0008361921645700932,-0.001266568899154663,0.004312614444643259,0.05435692518949509,-0.12360318005084991,0.4022190570831299,0.05363061651587486,-0.17195938527584076,0.39739516377449036,0.451002299785614,-0.0639275312423706,-0.0038180695846676826,-0.059463657438755035,0.1260300874710083,0.32597294449806213,-0.22030389308929443,0.08746852725744247,0.33696165680885315,0.11579739302396774,0.21078598499298096,-0.18598447740077972,-0.15881653130054474,-0.08949415385723114,-0.2852593660354614,-0.360483855009079,-0.20281481742858887,-0.2675412893295288,-0.3223431706428528,-0.2946628928184509,-0.1744445264339447,-0.4852745831012726,-0.30837562680244446,-0.2751803696155548,-0.40729841589927673,-0.08362792432308197,-0.1423683762550354,-0.4022253751754761,0.010000611655414104,-0.17308413982391357,-0.5656481385231018,-0.11811557412147522,-0.3027164340019226,-0.20719657838344574,-0.23384203016757965,-0.19225940108299255,0.04758864641189575,-0.18157927691936493,0.03921595588326454,0.20820352435112,-0.20308707654476166,C:/Users/ASUS/Downloads/3D_Human_Pose_NCKH/phase5_external_generalization/data/external_raw/Le2i/Coffee_room_02/Videos/video (57).avi,-1,-1,External
56,0.0007141642272472382,0.0008772495202720165,-0.0013136548222973943,0.004255891777575016,0.05503230541944504,-0.12350331246852875,0.40220877528190613,0.05481846258044243,-0.16794195771217346,0.39682427048683167,0.4510052502155304,-0.059277184307575226,-0.0038345186039805412,-0.06006862595677376,0.1257113218307495,0.32506558299064636,-0.22133992612361908,0.09240423142910004,0.3345373272895813,0.11241918057203293,0.21414552628993988,-0.1857958436012268,-0.15861617028713226,-0.08921240270137787,-0.2856958508491516,-0.36020201444625854,-0.2034962922334671,-0.268026202917099,-0.3218138515949249,-0.2957060933113098,-0.17553254961967468,-0.48497307300567627,-0.30931487679481506,-0.2753888666629791,-0.4078214168548584,-0.08438845723867416,-0.14310529828071594,-0.40396472811698914,0.010753228329122066,-0.17411965131759644,-0.565068781375885,-0.11816096305847168,-0.3032279908657074,-0.2061060070991516,-0.23421822488307953,-0.19278807938098907,0.04870273172855377,-0.18298985064029694,0.038204360753297806,0.20871490240097046,-0.20448070764541626,C:/Users/ASUS/Downloads/3D_Human_Pose_NCKH/phase5_external_generalization/data/external_raw/Le2i/Coffee_room_02/Videos/video (57).avi,-1,-1,External
57,0.000735841691493988,0.000906841829419136,-0.0012793501373380423,0.004382607527077198,0.05514951050281525,-0.12308837473392487,0.4018977880477905,0.05565130338072777,-0.1646704077720642,0.3961595296859741,0.45017123222351074,-0.05448129400610924,-0.0038994019851088524,-0.06015001982450485,0.12533368170261383,0.32420840859413147,-0.22259052097797394,0.09742695093154907,0.3323754072189331,0.10966169089078903,0.21796585619449615,-0.18518750369548798,-0.1585237681865692,-0.08875313401222229,-0.2853424847126007,-0.3605409860610962,-0.20337679982185364,-0.26804742217063904,-0.32178056240081787,-0.2955596446990967,-0.17614765465259552,-0.4853897988796234,-0.30913689732551575,-0.27444496750831604,-0.40798336267471313,-0.08493547141551971,-0.14349521696567535,-0.40267494320869446,0.011101088486611843,-0.1765880286693573,-0.562893807888031,-0.11879439651966095,-0.30303576588630676,-0.20582856237888336,-0.23312488198280334,-0.19223232567310333,0.048631057143211365,-0.18324753642082214,0.03840729966759682,0.20776017010211945,-0.20522867143154144,C:/Users/ASUS/Downloads/3D_Human_Pose_NCKH/phase5_external_generalization/data/external_raw/Le2i/Coffee_room_02/Videos/video (57).avi,-1,-1,External
58,0.0007547624409198761,0.0009276214987039566,-0.001275705057196319,0.0044953227043151855,0.05532485246658325,-0.12263403832912445,0.40150272846221924,0.056230396032333374,-0.16171103715896606,0.3950505554676056,0.4491313099861145,-0.05074490234255791,-0.0039433883503079414,-0.06029149144887924,0.1249503493309021,0.3230404257774353,-0.22434361279010773,0.10181353986263275,0.3307819962501526,0.10673154145479202,0.22192023694515228,-0.18455097079277039,-0.1584373414516449,-0.08845265209674835,-0.28495943546295166,-0.3606625497341156,-0.20382769405841827,-0.2678469121456146,-0.3214249014854431,-0.29582130908966064,-0.17688141763210297,-0.48547956347465515,-0.30945536494255066,-0.273514986038208,-0.4078579843044281,-0.08589261770248413,-0.14347518980503082,-0.4015074372291565,0.01077557634562254,-0.1784224510192871,-0.560621440410614,-0.11958768963813782,-0.302918404340744,-0.20538850128650665,-0.2326463907957077,-0.19208887219429016,0.048734381794929504,-0.18367986381053925,0.038315579295158386,0.20685890316963196,-0.20621740818023682,C:/Users/ASUS/Downloads/3D_Human_Pose_NCKH/phase5_external_generalization/data/external_raw/Le2i/Coffee_room_02/Videos/video (57).avi,-1,-1,External
59,0.0007529901340603828,0.0009514032863080502,-0.001233583316206932,0.004521628376096487,0.055768951773643494,-0.12187100946903229,0.40102699398994446,0.05717037245631218,-0.15826141834259033,0.3949940502643585,0.4481332004070282,-0.044643376022577286,-0.003951426595449448,-0.06067155301570892,0.12418460845947266,0.3223935067653656,-0.2252163141965866,0.1091528981924057,0.32832765579223633,0.10419829934835434,0.22908367216587067,-0.18385179340839386,-0.15813574194908142,-0.08885691314935684,-0.2845032513141632,-0.36058109998703003,-0.204647034406662,-0.26727303862571716,-0.3211730420589447,-0.2962827682495117,-0.1770339012145996,-0.48560822010040283,-0.3096490204334259,-0.2720525562763214,-0.4081253409385681,-0.08827688544988632,-0.1427375078201294,-0.40096694231033325,0.007535229437053204,-0.18153619766235352,-0.557014524936676,-0.12422387301921844,-0.3024425208568573,-0.20431527495384216,-0.23226895928382874,-0.19124990701675415,0.04958651214838028,-0.18589214980602264,0.0387871153652668,0.20604616403579712,-0.20902413129806519,C:/Users/ASUS/Downloads/3D_Human_Pose_NCKH/phase5_external_generalization/data/external_raw/Le2i/Coffee_room_02/Videos/video (57).avi,-1,-1,External
60,0.0007089823484420776,0.0009656944312155247,-0.0012004324235022068,0.004286592826247215,0.055597010999917984,-0.12210308015346527,0.4002687931060791,0.057564377784729004,-0.16044148802757263,0.39317038655281067,0.45005252957344055,-0.046740736812353134,-0.0037761079147458076,-0.06046300008893013,0.12447880208492279,0.3205033242702484,-0.22607429325580597,0.10344614833593369,0.32652348279953003,0.10493700951337814,0.22461700439453125,-0.1836802214384079,-0.1581280529499054,-0.08824209868907928,-0.28394681215286255,-0.36035746335983276,-0.20550601184368134,-0.2665371000766754,-0.32089608907699585,-0.2970881462097168,-0.17748390138149261,-0.48530080914497375,-0.3106958568096161,-0.2712009847164154,-0.40799281001091003,-0.08877208828926086,-0.14249122142791748,-0.400750070810318,0.008628482930362225,-0.18145252764225006,-0.5561798810958862,-0.1197424829006195,-0.3018837869167328,-0.2046346813440323,-0.23322337865829468,-0.1921500414609909,0.048271678388118744,-0.18450216948986053,0.0369701087474823,0.20603466033935547,-0.20475521683692932,C:/Users/ASUS/Downloads/3D_Human_Pose_NCKH/phase5_external_generalization/data/external_raw/Le2i/Coffee_room_02/Videos/video (57).avi,-1,-1,External
61,0.0006053503602743149,0.0009981822222471237,-0.00116745347622782,0.0043644290417432785,0.0551849864423275,-0.12240186333656311,0.3994022607803345,0.05779050663113594,-0.16123627126216888,0.3911572992801666,0.4516277015209198,-0.04822675511240959,-0.0038722865283489227,-0.05991552397608757,0.12494397163391113,0.3181123435497284,-0.22751231491565704,0.0995711088180542,0.32434147596359253,0.104644276201725,0.2231394201517105,-0.18348850309848785,-0.15834952890872955,-0.08751118183135986,-0.283560186624527,-0.36014485359191895,-0.20660990476608276,-0.26638880372047424,-0.32107195258140564,-0.2982606589794159,-0.1779928058385849,-0.48574209213256836,-0.3112322986125946,-0.27040204405784607,-0.40762224793434143,-0.08948305994272232,-0.14230197668075562,-0.3985038995742798,0.008326324634253979,-0.1816622018814087,-0.5541245937347412,-0.11549165844917297,-0.30144545435905457,-0.2052721530199051,-0.23441804945468903,-0.19249573349952698,0.04668581485748291,-0.18281744420528412,0.03597651794552803,0.20580005645751953,-0.2004540115594864,C:/Users/ASUS/Downloads/3D_Human_Pose_NCKH/phase5_external_generalization/data/external_raw/Le2i/Coffee_room_02/Videos/video (57).avi,-1,-1,External
62,0.0006237570196390152,0.0009419023990631104,-0.0012432836228981614,0.0034592682495713234,0.05491666495800018,-0.12246116995811462,0.3977149724960327,0.05796196684241295,-0.16621911525726318,0.39050722122192383,0.45364415645599365,-0.05086473748087883,-0.003115926869213581,-0.059821680188179016,0.1250057965517044,0.3168167769908905,-0.22735796868801117,0.0910697877407074,0.32339635491371155,0.1061425432562828,0.21707461774349213,-0.18322047591209412,-0.1581149697303772,-0.08662761002779007,-0.28259891271591187,-0.3595443665981293,-0.207475483417511,-0.26541319489479065,-0.32015466690063477,-0.2989160120487213,-0.1779828816652298,-0.4851316511631012,-0.31132999062538147,-0.2693798243999481,-0.4075387716293335,-0.09013865143060684,-0.14212289452552795,-0.4003457725048065,0.009415279142558575,-0.18151241540908813,-0.5559524297714233,-0.11076104640960693,-0.30097898840904236,-0.2054353952407837,-0.23527692258358002,-0.1934426873922348,0.04534091055393219,-0.1808532178401947,0.034083254635334015,0.2060348391532898,-0.19561660289764404,C:/Users/ASUS/Downloads/3D_Human_Pose_NCKH/phase5_external_generalization/data/external_raw/Le2i/Coffee_room_02/Videos/video (57).avi,-1,-1,External
63,0.0006189486011862755,0.0008891732431948185,-0.0012222247896715999,0.002106030471622944,0.05369555950164795,-0.1215788871049881,0.3956652879714966,0.05780733376741409,-0.1744004189968109,0.3903883993625641,0.4539507031440735,-0.05482139810919762,-0.0018053632229566574,-0.058656252920627594,0.12438562512397766,0.31656011939048767,-0.2269926816225052,0.08004039525985718,0.32229265570640564,0.1094261035323143,0.20971499383449554,-0.18279501795768738,-0.15760821104049683,-0.08598355203866959,-0.2807385325431824,-0.359331339597702,-0.20716814696788788,-0.26324549317359924,-0.31932395696640015,-0.29748407006263733,-0.17764855921268463,-0.48455479741096497,-0.30990126729011536,-0.26634225249290466,-0.40631094574928284,-0.09040803462266922,-0.14122048020362854,-0.3987179398536682,0.010886567644774914,-0.18235129117965698,-0.55495685338974,-0.10763445496559143,-0.3000631332397461,-0.2062845677137375,-0.23386642336845398,-0.19364623725414276,0.04359389841556549,-0.17795248329639435,0.0339922234416008,0.2053963989019394,-0.1913258582353592,C:/Users/ASUS/Downloads/3D_Human_Pose_NCKH/phase5_external_generalization/data/external_raw/Le2i/Coffee_room_02/Videos/video (57).avi,-1,-1,External
64,0.0005538240075111389,0.0008910447359085083,-0.0012316132197156549,0.001540512777864933,0.053123846650123596,-0.12091432511806488,0.39452338218688965,0.05761915445327759,-0.17569920420646667,0.3896920382976532,0.4545319676399231,-0.05624912679195404,-0.0012391610071063042,-0.05807556211948395,0.12402543425559998,0.3155365288257599,-0.2277052253484726,0.07495186477899551,0.3214329183101654,0.10939719527959824,0.20774075388908386,-0.18265123665332794,-0.15705139935016632,-0.08576150238513947,-0.27962732315063477,-0.35824841260910034,-0.20851151645183563,-0.26261091232299805,-0.31760478019714355,-0.2987232804298401,-0.1778554618358612,-0.48321980237960815,-0.31054913997650146,-0.2651115357875824,-0.4047205150127411,-0.09118472039699554,-0.1417532116174698,-0.39697715640068054,0.013449772261083126,-0.18239237368106842,-0.5549455285072327,-0.09761402010917664,-0.2994256317615509,-0.20612245798110962,-0.23464380204677582,-0.1939079910516739,0.04293210804462433,-0.17487765848636627,0.03317051753401756,0.20590436458587646,-0.18675266206264496,C:/Users/ASUS/Downloads/3D_Human_Pose_NCKH/phase5_external_generalization/data/external_raw/Le2i/Coffee_room_02/Videos/video (57).avi,-1,-1,External
65,0.0003980351611971855,0.0009965337812900543,-0.0013596275821328163,0.00138006079941988,0.05353027582168579,-0.12109822034835815,0.3939141035079956,0.05835419520735741,-0.17409533262252808,0.38993600010871887,0.4556112587451935,-0.051713310182094574,-0.0012030303478240967,-0.058198876678943634,0.12382076680660248,0.31368160247802734,-0.22856400907039642,0.07764112949371338,0.3186589479446411,0.10682763904333115,0.21176165342330933,-0.18267497420310974,-0.15604346990585327,-0.08668847382068634,-0.2784910202026367,-0.3558681011199951,-0.21122603118419647,-0.2622052729129791,-0.31454429030418396,-0.30220872163772583,-0.17743971943855286,-0.48034337162971497,-0.31182682514190674,-0.2642486095428467,-0.40400516986846924,-0.09338072687387466,-0.14285138249397278,-0.4003658890724182,0.013370505534112453,-0.1848195642232895,-0.5556655526161194,-0.09258502721786499,-0.29825809597969055,-0.20362570881843567,-0.23779413104057312,-0.19396676123142242,0.044974781572818756,-0.17555604875087738,0.030802065506577492,0.2087816298007965,-0.183934286236763,C:/Users/ASUS/Downloads/3D_Human_Pose_NCKH/phase5_external_generalization/data/external_raw/Le2i/Coffee_room_02/Videos/video (57).avi,-1,-1,External
66,0.00040618516504764557,0.0009904946200549603,-0.0013915644958615303,0.0008232789114117622,0.05335589870810509,-0.12086743116378784,0.39345067739486694,0.05901739373803139,-0.17390480637550354,0.3907897174358368,0.4562495946884155,-0.05012242868542671,-0.000834684818983078,-0.05805404856801033,0.12339112162590027,0.3137517273426056,-0.22719907760620117,0.07822567969560623,0.3176569938659668,0.1066766306757927,0.2145344614982605,-0.18240205943584442,-0.1553504765033722,-0.08756691962480545,-0.2770925760269165,-0.3548293113708496,-0.21291378140449524,-0.2613506615161896,-0.3129505217075348,-0.30441343784332275,-0.17679980397224426,-0.4793180823326111,-0.31238245964050293,-0.2628776729106903,-0.40369096398353577,-0.09503192454576492,-0.1430324912071228,-0.4025290906429291,0.013869880698621273,-0.18551571667194366,-0.5580413937568665,-0.0849180668592453,-0.29727235436439514,-0.2031291276216507,-0.23962654173374176,-0.1940004974603653,0.04500894993543625,-0.17524705827236176,0.029452117159962654,0.20938163995742798,-0.18277151882648468,C:/Users/ASUS/Downloads/3D_Human_Pose_NCKH/phase5_external_generalization/data/external_raw/Le2i/Coffee_room_02/Videos/video (57).avi,-1,-1,External
67,0.0003498215228319168,0.0010529877617955208,-0.001353045110590756,0.0017383899539709091,0.05273738503456116,-0.11999429762363434,0.3938888907432556,0.057408057153224945,-0.17282766103744507,0.39143475890159607,0.4547847807407379,-0.05025247111916542,-0.0014877896755933762,-0.0573643296957016,0.12315395474433899,0.3138745129108429,-0.22735486924648285,0.08051247149705887,0.31768015027046204,0.10543879121541977,0.22200891375541687,-0.1824118196964264,-0.1556594967842102,-0.08833204954862595,-0.27678000926971436,-0.3546116054058075,-0.21434743702411652,-0.26184985041618347,-0.3132131099700928,-0.3054404854774475,-0.17701686918735504,-0.4803372919559479,-0.3121687173843384,-0.262450248003006,-0.4031636416912079,-0.09587017446756363,-0.14355170726776123,-0.3997777998447418,0.014398242346942425,-0.18619999289512634,-0.5565236210823059,-0.0745943933725357,-0.29683417081832886,-0.2035474181175232,-0.24077671766281128,-0.19396428763866425,0.0447750985622406,-0.17422452569007874,0.029491888359189034,0.20751363039016724,-0.18150952458381653,C:/Users/ASUS/Downloads/3D_Human_Pose_NCKH/phase5_external_generalization/data/external_raw/Le2i/Coffee_room_02/Videos/video (57).avi,-1,-1,External
68,0.00029462017118930817,0.001104435883462429,-0.0013651397312059999,0.002276437357068062,0.05305091664195061,-0.11993944644927979,0.3955472707748413,0.05762957036495209,-0.1718476414680481,0.3922120928764343,0.45490506291389465,-0.04949742183089256,-0.0020872922614216805,-0.057571783661842346,0.12304824590682983,0.3136509358882904,-0.22772790491580963,0.08331866562366486,0.3168753683567047,0.10463716834783554,0.22357560694217682,-0.18195000290870667,-0.15602263808250427,-0.08913400024175644,-0.2764108180999756,-0.3549741208553314,-0.2153041511774063,-0.261398047208786,-0.3141917884349823,-0.30639779567718506,-0.17675019800662994,-0.4816686809062958,-0.3126111924648285,-0.26231566071510315,-0.4043014347553253,-0.09728621691465378,-0.14414766430854797,-0.4009677767753601,0.011449570767581463,-0.18665549159049988,-0.5570815801620483,-0.0742606520652771,-0.296284556388855,-0.20371834933757782,-0.24176284670829773,-0.1936602145433426,0.04540511965751648,-0.17618787288665771,0.0297380480915308,0.20711573958396912,-0.18326739966869354,C:/Users/ASUS/Downloads/3D_Human_Pose_NCKH/phase5_external_generalization/data/external_raw/Le2i/Coffee_room_02/Videos/video (57).avi,-1,-1,External
69,0.00034515466541051865,0.001092416699975729,-0.001438173116184771,0.0022528227418661118,0.053191766142845154,-0.11976446211338043,0.39646124839782715,0.05752129852771759,-0.17254850268363953,0.39372900128364563,0.4547753632068634,-0.04893447831273079,-0.0021686796098947525,-0.05784689635038376,0.12281917035579681,0.31479552388191223,-0.22552135586738586,0.0857987329363823,0.31762266159057617,0.10600437968969345,0.22744043171405792,-0.18167243897914886,-0.15626905858516693,-0.09023448079824448,-0.27579885721206665,-0.3552412986755371,-0.21630066633224487,-0.26098328828811646,-0.3146185874938965,-0.30755120515823364,-0.17617160081863403,-0.48249581456184387,-0.31290683150291443,-0.26173707842826843,-0.4054711163043976,-0.09862156212329865,-0.14344407618045807,-0.4037138521671295,0.010270527563989162,-0.18677078187465668,-0.5594676733016968,-0.06937769055366516,-0.295640230178833,-0.20408327877521515,-0.24289517104625702,-0.1932169646024704,0.04579491168260574,-0.17733219265937805,0.02959938533604145,0.20703096687793732,-0.1852937787771225,C:/Users/ASUS/Downloads/3D_Human_Pose_NCKH/phase5_external_generalization/data/external_raw/Le2i/Coffee_room_02/Videos/video (57).avi,-1,-1,External
70,0.000356113538146019,0.0010865596123039722,-0.001428135670721531,0.002292150165885687,0.053305916488170624,-0.11980216205120087,0.3983690142631531,0.05675867944955826,-0.17472735047340393,0.39455804228782654,0.45326435565948486,-0.05034874007105827,-0.0022977767512202263,-0.05794942006468773,0.12273764610290527,0.31448355317115784,-0.22543714940547943,0.08463402092456818,0.31668585538864136,0.10717476159334183,0.22534838318824768,-0.18123899400234222,-0.15643636882305145,-0.09082125127315521,-0.2750002145767212,-0.35611099004745483,-0.2157076597213745,-0.25995975732803345,-0.3154471814632416,-0.30740243196487427,-0.17550085484981537,-0.4832935035228729,-0.312881737947464,-0.2610595226287842,-0.4064306914806366,-0.09866056591272354,-0.14333045482635498,-0.4053482115268707,0.008110272698104382,-0.18640676140785217,-0.5622819662094116,-0.07201096415519714,-0.2948749363422394,-0.20466558635234833,-0.24228087067604065,-0.19189700484275818,0.04613588750362396,-0.17883874475955963,0.0312500037252903,0.20712506771087646,-0.1879301816225052,C:/Users/ASUS/Downloads/3D_Human_Pose_NCKH/phase5_external_generalization/data/external_raw/Le2i/Coffee_room_02/Videos/video (57).avi,-1,-1,External
71,0.00031682848930358887,0.0011374098248779774,-0.0014205678598955274,0.0023916219361126423,0.05342436581850052,-0.1194179356098175,0.39973005652427673,0.05594626069068909,-0.175588920712471,0.39631187915802,0.45217329263687134,-0.05081440135836601,-0.0023312047123908997,-0.0578673854470253,0.12232407927513123,0.3152092695236206,-0.22344067692756653,0.08620493113994598,0.31704533100128174,0.10886814445257187,0.22988326847553253,-0.18105675280094147,-0.15673570334911346,-0.09188805520534515,-0.27478039264678955,-0.35654428601264954,-0.21610888838768005,-0.2598382234573364,-0.3161385655403137,-0.30819618701934814,-0.17520016431808472,-0.48430660367012024,-0.31290170550346375,-0.26067301630973816,-0.4071413576602936,-0.09900783747434616,-0.14311286807060242,-0.40595000982284546,0.008282828144729137,-0.18523725867271423,-0.5638023614883423,-0.06567072868347168,-0.29467496275901794,-0.20516230165958405,-0.2425781488418579,-0.1921265721321106,0.04683160036802292,-0.17937560379505157,0.031181486323475838,0.20761868357658386,-0.19032885134220123,C:/Users/ASUS/Downloads/3D_Human_Pose_NCKH/phase5_external_generalization/data/external_raw/Le2i/Coffee_room_02/Videos/video (57).avi,-1,-1,External
72,0.00034965667873620987,0.001133311539888382,-0.001457388512790203,0.002363382838666439,0.05388941988348961,-0.11985443532466888,0.40121233463287354,0.05591418594121933,-0.17393995821475983,0.39820948243141174,0.45180201530456543,-0.049035217612981796,-0.002484709955751896,-0.058227766305208206,0.12224933505058289,0.31541523337364197,-0.22094106674194336,0.0907759964466095,0.3173145651817322,0.11016189306974411,0.23583564162254333,-0.18068642914295197,-0.15681330859661102,-0.0927741527557373,-0.2747080326080322,-0.35703304409980774,-0.21623562276363373,-0.2601083219051361,-0.3166908621788025,-0.30947673320770264,-0.17480182647705078,-0.4851692020893097,-0.3131641447544098,-0.2608316242694855,-0.40841084718704224,-0.09880149364471436,-0.14283189177513123,-0.4102831482887268,0.009921993128955364,-0.1828816682100296,-0.5685138702392578,-0.059172239154577255,-0.2944904565811157,-0.20572970807552338,-0.2435484528541565,-0.19252309203147888,0.0472959503531456,-0.18082840740680695,0.03032355196774006,0.20878008008003235,-0.19479627907276154,C:/Users/ASUS/Downloads/3D_Human_Pose_NCKH/phase5_external_generalization/data/external_raw/Le2i/Coffee_room_02/Videos/video (57).avi,-1,-1,External
73,0.0003292430192232132,0.0011284826323390007,-0.0013017809251323342,0.0033473707735538483,0.05294084548950195,-0.11890843510627747,0.4028204381465912,0.053418103605508804,-0.17266647517681122,0.39918097853660583,0.4489794671535492,-0.05067334696650505,-0.003145509399473667,-0.057217925786972046,0.12214258313179016,0.3173888623714447,-0.21825666725635529,0.09326483309268951,0.31882941722869873,0.1137586161494255,0.2430860996246338,-0.18039345741271973,-0.1579248607158661,-0.09309957921504974,-0.2750340402126312,-0.3592972159385681,-0.2150825560092926,-0.2606809139251709,-0.3197405934333801,-0.3081042468547821,-0.17507043480873108,-0.48878633975982666,-0.31275367736816406,-0.26025503873825073,-0.4085358679294586,-0.09767543524503708,-0.14166952669620514,-0.406189501285553,0.011930006556212902,-0.18054163455963135,-0.5660676956176758,-0.051656950265169144,-0.2946631610393524,-0.20863792300224304,-0.24162954092025757,-0.19250911474227905,0.04582030326128006,-0.17898260056972504,0.03303464874625206,0.20562012493610382,-0.19833756983280182,C:/Users/ASUS/Downloads/3D_Human_Pose_NCKH/phase5_external_generalization/data/external_raw/Le2i/Coffee_room_02/Videos/video (57).avi,-1,-1,External
74,0.00038995034992694855,0.0011203321628272533,-0.0013307243352755904,0.003996771760284901,0.05311403423547745,-0.11922188103199005,0.4044502377510071,0.05213995650410652,-0.17000573873519897,0.4005890190601349,0.4472074806690216,-0.04874792695045471,-0.0037202807143330574,-0.05744367092847824,0.1224202811717987,0.3177194595336914,-0.2166101485490799,0.0984627977013588,0.320387601852417,0.11533843725919724,0.24990223348140717,-0.18009676039218903,-0.15834669768810272,-0.09353311359882355,-0.2751031517982483,-0.3601834177970886,-0.21440453827381134,-0.261493980884552,-0.3206723928451538,-0.30847689509391785,-0.1750382035970688,-0.49011892080307007,-0.3129282295703888,-0.2606642544269562,-0.40907156467437744,-0.09668205678462982,-0.14161045849323273,-0.40813344717025757,0.013386155478656292,-0.17925246059894562,-0.5694888830184937,-0.04897868260741234,-0.2944071590900421,-0.2094351351261139,-0.24154385924339294,-0.1924404501914978,0.04630359262228012,-0.17917101085186005,0.03373746573925018,0.20585139095783234,-0.20270542800426483,C:/Users/ASUS/Downloads/3D_Human_Pose_NCKH/phase5_external_generalization/data/external_raw/Le2i/Coffee_room_02/Videos/video (57).avi,-1,-1,External
75,0.00046771764755249023,0.0010704146698117256,-0.0014053481863811612,0.004499718546867371,0.05358966067433357,-0.11951488256454468,0.4058968722820282,0.05095768719911575,-0.1670907884836197,0.4020759165287018,0.44549912214279175,-0.04722728952765465,-0.0041540199890732765,-0.058088865131139755,0.12266120314598083,0.3183955252170563,-0.2150624543428421,0.10372992604970932,0.3223508298397064,0.1168246790766716,0.2563713490962982,-0.17974123358726501,-0.15896248817443848,-0.09342455863952637,-0.2755287289619446,-0.3610360026359558,-0.21410585939884186,-0.26272469758987427,-0.32176727056503296,-0.3092796802520752,-0.17518331110477448,-0.4918060004711151,-0.31368592381477356,-0.2616381347179413,-0.40981924533843994,-0.09593027085065842,-0.1422736942768097,-0.4096514582633972,0.01525257807224989,-0.17757955193519592,-0.5734856724739075,-0.04319849610328674,-0.2944631278514862,-0.21028846502304077,-0.24206827580928802,-0.19255802035331726,0.04655218869447708,-0.17917080223560333,0.03412533178925514,0.20602408051490784,-0.20511801540851593,C:/Users/ASUS/Downloads/3D_Human_Pose_NCKH/phase5_external_generalization/data/external_raw/Le2i/Coffee_room_02/Videos/video (57).avi,-1,-1,External
76,0.0005164258182048798,0.0010497458279132843,-0.0014328109100461006,0.004401970189064741,0.05401051044464111,-0.11980877816677094,0.406684935092926,0.04984179884195328,-0.1666930913925171,0.40256696939468384,0.443630188703537,-0.046821217983961105,-0.004032852128148079,-0.05863739177584648,0.12280473113059998,0.31904056668281555,-0.2125375121831894,0.10533604025840759,0.3239128589630127,0.11965995281934738,0.2598790228366852,-0.17951352894306183,-0.1593550741672516,-0.09304410219192505,-0.2757025361061096,-0.36183011531829834,-0.2134813815355301,-0.26339051127433777,-0.32272231578826904,-0.3096725046634674,-0.175209641456604,-0.4928556978702545,-0.3145526945590973,-0.26195287704467773,-0.4104079008102417,-0.09498738497495651,-0.1420658528804779,-0.4111105799674988,0.01707688719034195,-0.17524921894073486,-0.5784974098205566,-0.039717596024274826,-0.29447141289711,-0.21140159666538239,-0.24227464199066162,-0.1926366537809372,0.04632154107093811,-0.1789841204881668,0.034248292446136475,0.20616599917411804,-0.20623467862606049,C:/Users/ASUS/Downloads/3D_Human_Pose_NCKH/phase5_external_generalization/data/external_raw/Le2i/Coffee_room_02/Videos/video (57).avi,-1,-1,External
77,0.0005109831690788269,0.0010537928901612759,-0.0013596160570159554,0.004888171795755625,0.05377132445573807,-0.1195838451385498,0.4074031114578247,0.046638619154691696,-0.1678166687488556,0.4021485149860382,0.43861833214759827,-0.048098545521497726,-0.0042864978313446045,-0.0582687146961689,0.12275904417037964,0.3190251886844635,-0.21179255843162537,0.10516104102134705,0.3260514736175537,0.12052980810403824,0.2640768885612488,-0.1794258952140808,-0.15970854461193085,-0.09204338490962982,-0.27609437704086304,-0.3627117872238159,-0.21216677129268646,-0.26466360688209534,-0.3237816393375397,-0.30964186787605286,-0.175556942820549,-0.49407389760017395,-0.3147920072078705,-0.2620890140533447,-0.4096134603023529,-0.09308595210313797,-0.1421474814414978,-0.407187819480896,0.020414844155311584,-0.17361506819725037,-0.5810139775276184,-0.03297542780637741,-0.2943476140499115,-0.21297253668308258,-0.24123787879943848,-0.19238053262233734,0.045325085520744324,-0.1763698011636734,0.03569113090634346,0.20510995388031006,-0.2048167735338211,C:/Users/ASUS/Downloads/3D_Human_Pose_NCKH/phase5_external_generalization/data/external_raw/Le2i/Coffee_room_02/Videos/video (57).avi,-1,-1,External
78,0.000620577484369278,0.0009898929856717587,-0.0014302750350907445,0.004828743636608124,0.054544657468795776,-0.12031076848506927,0.40843892097473145,0.04646752402186394,-0.16437168419361115,0.4034067988395691,0.4381217956542969,-0.04501953721046448,-0.004392499104142189,-0.05941431596875191,0.12306693196296692,0.31998416781425476,-0.20826242864131927,0.11187092959880829,0.32769909501075745,0.12282993644475937,0.2702292799949646,-0.17896439135074615,-0.15995612740516663,-0.09239281713962555,-0.27649539709091187,-0.36322036385536194,-0.21249920129776,-0.26569539308547974,-0.32481759786605835,-0.3105742931365967,-0.17558008432388306,-0.49529191851615906,-0.315763920545578,-0.2630787193775177,-0.4109143316745758,-0.09333476424217224,-0.14222578704357147,-0.41201508045196533,0.020565103739500046,-0.17206521332263947,-0.5863071084022522,-0.032134782522916794,-0.29445505142211914,-0.21369628608226776,-0.24253171682357788,-0.192439004778862,0.04563058167695999,-0.17808885872364044,0.03581703081727028,0.20578302443027496,-0.20779715478420258,C:/Users/ASUS/Downloads/3D_Human_Pose_NCKH/phase5_external_generalization/data/external_raw/Le2i/Coffee_room_02/Videos/video (57).avi,-1,-1,External
79,0.0006355205550789833,0.0009688395075500011,-0.0014022928662598133,0.004776489920914173,0.054153695702552795,-0.12029685080051422,0.4092193841934204,0.04494614154100418,-0.16679878532886505,0.4030536711215973,0.43678557872772217,-0.04621875286102295,-0.00425631832331419,-0.05903343856334686,0.12317794561386108,0.32092419266700745,-0.20594759285449982,0.10938583314418793,0.3286299705505371,0.12673453986644745,0.2699613571166992,-0.1791706532239914,-0.15992364287376404,-0.09183134883642197,-0.27634233236312866,-0.3636980354785919,-0.21098513901233673,-0.26548418402671814,-0.325056791305542,-0.3087717592716217,-0.1758536994457245,-0.4953804910182953,-0.3150399923324585,-0.26278552412986755,-0.41013652086257935,-0.09124437719583511,-0.14294758439064026,-0.41049283742904663,0.02276870608329773,-0.17132890224456787,-0.586613655090332,-0.03258976712822914,-0.29450473189353943,-0.2143651694059372,-0.24135640263557434,-0.19224581122398376,0.04502163827419281,-0.17727871239185333,0.03658601641654968,0.20558160543441772,-0.20750299096107483,C:/Users/ASUS/Downloads/3D_Human_Pose_NCKH/phase5_external_generalization/data/external_raw/Le2i/Coffee_room_02/Videos/video (57).avi,-1,-1,External
80,0.000641724094748497,0.0009552491828799248,-0.0014312388375401497,0.0040641357190907,0.05413796380162239,-0.12051905691623688,0.41011932492256165,0.04486263543367386,-0.16952049732208252,0.40333646535873413,0.43727535009384155,-0.046635329723358154,-0.0036928392946720123,-0.05900786444544792,0.12320294976234436,0.32238271832466125,-0.20244798064231873,0.10697780549526215,0.32903823256492615,0.13144032657146454,0.2680768370628357,-0.1791125237941742,-0.1596917361021042,-0.0920029953122139,-0.27572107315063477,-0.3639358580112457,-0.2097446322441101,-0.2642609775066376,-0.3250342309474945,-0.30693700909614563,-0.17559634149074554,-0.4949280321598053,-0.3142055869102478,-0.26221904158592224,-0.4102012813091278,-0.08975499123334885,-0.14365114271640778,-0.4123266041278839,0.024992607533931732,-0.17031961679458618,-0.587645411491394,-0.033972255885601044,-0.2944645583629608,-0.21462516486644745,-0.24036622047424316,-0.1920420080423355,0.04492342472076416,-0.1779896467924118,0.03671971336007118,0.20625215768814087,-0.20877881348133087,C:/Users/ASUS/Downloads/3D_Human_Pose_NCKH/phase5_external_generalization/data/external_raw/Le2i/Coffee_room_02/Videos/video (57).avi,-1,-1,External
81,0.0005099251866340637,0.0011100443080067635,-0.001437075436115265,0.004459787160158157,0.054545506834983826,-0.12111294269561768,0.4110163748264313,0.04393875226378441,-0.16934651136398315,0.4026297628879547,0.4354388117790222,-0.04446505755186081,-0.003979956731200218,-0.05885203182697296,0.12341861426830292,0.32129421830177307,-0.20233163237571716,0.10960862785577774,0.32820233702659607,0.13121071457862854,0.2709934115409851,-0.17919020354747772,-0.15923254191875458,-0.09193462133407593,-0.27534493803977966,-0.36287641525268555,-0.20962229371070862,-0.26429450511932373,-0.3234124481678009,-0.3072749376296997,-0.175718292593956,-0.4925905466079712,-0.3144610822200775,-0.26211950182914734,-0.40900176763534546,-0.08864279836416245,-0.1452980786561966,-0.41226404905319214,0.026273369789123535,-0.17184099555015564,-0.5870222449302673,-0.035788197070360184,-0.2940325140953064,-0.21328188478946686,-0.24113062024116516,-0.1913648396730423,0.046438686549663544,-0.1796901673078537,0.03662250563502312,0.2080157995223999,-0.20832061767578125,C:/Users/ASUS/Downloads/3D_Human_Pose_NCKH/phase5_external_generalization/data/external_raw/Le2i/Coffee_room_02/Videos/video (57).avi,-1,-1,External
82,0.0006464337930083275,0.000969958957284689,-0.0014052032493054867,0.0042497082613408566,0.0540812611579895,-0.12140469253063202,0.4118630588054657,0.04441952332854271,-0.16866827011108398,0.4037642180919647,0.43787845969200134,-0.04634754732251167,-0.00390623789280653,-0.058862704783678055,0.1239270269870758,0.3240499198436737,-0.19796854257583618,0.10935232043266296,0.3296775221824646,0.1369313895702362,0.2693833112716675,-0.17896230518817902,-0.1595386266708374,-0.09184619784355164,-0.2750716805458069,-0.3637881278991699,-0.20879781246185303,-0.2635250389575958,-0.3247598707675934,-0.3055955767631531,-0.17554932832717896,-0.4941754639148712,-0.3138903081417084,-0.2621275782585144,-0.40947413444519043,-0.08800062537193298,-0.1460357904434204,-0.41337674856185913,0.026020415127277374,-0.1705760806798935,-0.5867387652397156,-0.03744770959019661,-0.29413774609565735,-0.21457262337207794,-0.24066616594791412,-0.19118420779705048,0.045135095715522766,-0.1814962774515152,0.037950653582811356,0.20683541893959045,-0.21258126199245453,C:/Users/ASUS/Downloads/3D_Human_Pose_NCKH/phase5_external_generalization/data/external_raw/Le2i/Coffee_room_02/Videos/video (57).avi,-1,-1,External
83,0.0005143946036696434,0.0011001634411513805,-0.0014014776097610593,0.004471915774047375,0.054281726479530334,-0.12178254127502441,0.41239941120147705,0.04386555403470993,-0.16960817575454712,0.40304604172706604,0.43716874718666077,-0.04662375897169113,-0.0039923107251524925,-0.058496251702308655,0.12405134737491608,0.3230954110622406,-0.19842113554477692,0.10978031903505325,0.32928937673568726,0.13696631789207458,0.2685357630252838,-0.17910300195217133,-0.15914714336395264,-0.09176657348871231,-0.2744714617729187,-0.3625199794769287,-0.20879597961902618,-0.2631045877933502,-0.32296764850616455,-0.305764377117157,-0.1756470948457718,-0.4918493926525116,-0.3138861060142517,-0.2619704306125641,-0.4078996479511261,-0.08725114911794662,-0.14805558323860168,-0.41196882724761963,0.026505254209041595,-0.17249271273612976,-0.5846497416496277,-0.03938758745789528,-0.2938716411590576,-0.21312345564365387,-0.24118071794509888,-0.19075419008731842,0.04669450968503952,-0.18359558284282684,0.037796806544065475,0.2086178958415985,-0.21335339546203613,C:/Users/ASUS/Downloads/3D_Human_Pose_NCKH/phase5_external_generalization/data/external_raw/Le2i/Coffee_room_02/Videos/video (57).avi,-1,-1,External
84,0.0007137227803468704,0.0008805240504443645,-0.0013805541675537825,0.0038415221497416496,0.053435519337654114,-0.12166698276996613,0.41262316703796387,0.044121451675891876,-0.17145246267318726,0.4035792648792267,0.43969258666038513,-0.05211811512708664,-0.0034994864836335182,-0.058294422924518585,0.12424726784229279,0.32557815313339233,-0.19495336711406708,0.1053035706281662,0.3318796455860138,0.14292924106121063,0.262024849653244,-0.17915597558021545,-0.15936368703842163,-0.09107571095228195,-0.27422744035720825,-0.3634755313396454,-0.20759132504463196,-0.2622394263744354,-0.32398343086242676,-0.30356287956237793,-0.17543385922908783,-0.49335870146751404,-0.31278908252716064,-0.2621821463108063,-0.4081345200538635,-0.08617184311151505,-0.149377703666687,-0.41187918186187744,0.02741231396794319,-0.17137697339057922,-0.5858060717582703,-0.03765279799699783,-0.2943320870399475,-0.21455805003643036,-0.24005737900733948,-0.19070537388324738,0.04444090276956558,-0.18462084233760834,0.03904289752244949,0.20733323693275452,-0.21521659195423126,C:/Users/ASUS/Downloads/3D_Human_Pose_NCKH/phase5_external_generalization/data/external_raw/Le2i/Coffee_room_02/Videos/video (57).avi,-1,-1,External
85,0.0006962642073631287,0.000878612045198679,-0.0013410609681159258,0.003847048617899418,0.05305967107415199,-0.12177173793315887,0.4134301245212555,0.044320374727249146,-0.1718636453151703,0.4040337800979614,0.44089624285697937,-0.05519523099064827,-0.00347305741161108,-0.057930976152420044,0.12444470822811127,0.32657620310783386,-0.19380731880664825,0.10489414632320404,0.332702100276947,0.14542628824710846,0.25896206498146057,-0.17922641336917877,-0.1594385802745819,-0.09091230481863022,-0.2738874554634094,-0.36353564262390137,-0.20716293156147003,-0.2616012394428253,-0.3239692151546478,-0.3022018373012543,-0.17548181116580963,-0.49318042397499084,-0.3120977580547333,-0.26239100098609924,-0.4080309271812439,-0.08562752604484558,-0.15176281332969666,-0.4108807444572449,0.026439763605594635,-0.1723366379737854,-0.5835757255554199,-0.04212584346532822,-0.2944290339946747,-0.2145029604434967,-0.23990881443023682,-0.19019149243831635,0.04429738223552704,-0.1875455230474472,0.03974299505352974,0.207658588886261,-0.21719613671302795,C:/Users/ASUS/Downloads/3D_Human_Pose_NCKH/phase5_external_generalization/data/external_raw/Le2i/Coffee_room_02/Videos/video (57).avi,-1,-1,External
86,0.000706138089299202,0.0008031446486711502,-0.0013264564331620932,0.0029569370672106743,0.05247962474822998,-0.1219496876001358,0.4134736657142639,0.045927997678518295,-0.17348366975784302,0.4045924246311188,0.4434114396572113,-0.058044806122779846,-0.0027710041031241417,-0.05749012902379036,0.12442897260189056,0.32813557982444763,-0.1907270848751068,0.10308853536844254,0.33260858058929443,0.15022896230220795,0.25345250964164734,-0.17891500890254974,-0.159389466047287,-0.09105836600065231,-0.27277085185050964,-0.363680362701416,-0.20654472708702087,-0.2598993182182312,-0.32404085993766785,-0.3002874255180359,-0.1747874766588211,-0.4927535057067871,-0.3109882175922394,-0.2613244950771332,-0.4080940783023834,-0.08557511121034622,-0.15225809812545776,-0.4111347496509552,0.024896956980228424,-0.17306047677993774,-0.5820670127868652,-0.048526447266340256,-0.29432135820388794,-0.21495498716831207,-0.23913803696632385,-0.1895364373922348,0.04376509040594101,-0.19164060056209564,0.040554728358983994,0.20806829631328583,-0.22100315988063812,C:/Users/ASUS/Downloads/3D_Human_Pose_NCKH/phase5_external_generalization/data/external_raw/Le2i/Coffee_room_02/Videos/video (57).avi,-1,-1,External
87,0.0006440011784434319,0.0008413158357143402,-0.0012688094284385443,0.003734421916306019,0.05253869667649269,-0.12189662456512451,0.41461944580078125,0.045827291905879974,-0.17052260041236877,0.40514424443244934,0.44317764043807983,-0.05696243420243263,-0.0034662121906876564,-0.0574658066034317,0.12449434399604797,0.3285630941390991,-0.19039101898670197,0.10783819854259491,0.3318127691745758,0.14956852793693542,0.2556054890155792,-0.1787707507610321,-0.1597364842891693,-0.0914238691329956,-0.27303382754325867,-0.3638232946395874,-0.20677994191646576,-0.26017868518829346,-0.3247026205062866,-0.2997026741504669,-0.17481696605682373,-0.49323832988739014,-0.31065917015075684,-0.26167014241218567,-0.4080296754837036,-0.08594333380460739,-0.15473851561546326,-0.4096074104309082,0.023843824863433838,-0.17544645071029663,-0.5783907771110535,-0.0513477623462677,-0.2940683662891388,-0.21458220481872559,-0.23969803750514984,-0.18846802413463593,0.044260650873184204,-0.195701465010643,0.04162628576159477,0.20689605176448822,-0.22497674822807312,C:/Users/ASUS/Downloads/3D_Human_Pose_NCKH/phase5_external_generalization/data/external_raw/Le2i/Coffee_room_02/Videos/video (57).avi,-1,-1,External
88,0.0006096018478274345,0.000862528569996357,-0.0012293820036575198,0.0042226542718708515,0.05250761657953262,-0.12177827954292297,0.41494882106781006,0.04480208829045296,-0.1688298135995865,0.4046899676322937,0.4420947730541229,-0.05764995887875557,-0.0038150567561388016,-0.05734952911734581,0.12450768053531647,0.3283443748950958,-0.19137434661388397,0.10927510261535645,0.3314603567123413,0.14801576733589172,0.25591903924942017,-0.17888610064983368,-0.15983141958713531,-0.09122336655855179,-0.2732888460159302,-0.3637077510356903,-0.20699679851531982,-0.2605416476726532,-0.32469767332077026,-0.2993953824043274,-0.17482605576515198,-0.49329739809036255,-0.31064873933792114,-0.2620604932308197,-0.40743958950042725,-0.08592753857374191,-0.1568889617919922,-0.4071739614009857,0.02308076247572899,-0.17703749239444733,-0.5755900740623474,-0.05262405797839165,-0.2938905954360962,-0.21421052515506744,-0.24027495086193085,-0.18768341839313507,0.04391457885503769,-0.19757243990898132,0.042478110641241074,0.20550230145454407,-0.22581645846366882,C:/Users/ASUS/Downloads/3D_Human_Pose_NCKH/phase5_external_generalization/data/external_raw/Le2i/Coffee_room_02/Videos/video (57).avi,-1,-1,External
89,0.0006310958415269852,0.000868150033056736,-0.0012045851908624172,0.004631357733160257,0.05281257629394531,-0.12184175848960876,0.41530850529670715,0.044951021671295166,-0.16485874354839325,0.4055006802082062,0.44198888540267944,-0.05538380146026611,-0.004219585098326206,-0.05769950896501541,0.12444856762886047,0.32898542284965515,-0.19097338616847992,0.11547589302062988,0.33140620589256287,0.1467258632183075,0.25942739844322205,-0.17876113951206207,-0.15977290272712708,-0.09207902103662491,-0.2736019492149353,-0.363452672958374,-0.20815402269363403,-0.2610030174255371,-0.32477617263793945,-0.2996121942996979,-0.1746741682291031,-0.4934397041797638,-0.31068721413612366,-0.26266902685165405,-0.4074893295764923,-0.08725496381521225,-0.15828540921211243,-0.40680795907974243,0.020067621022462845,-0.17917518317699432,-0.5733495950698853,-0.057533930987119675,-0.29397347569465637,-0.21342019736766815,-0.24145501852035522,-0.18684618175029755,0.044460736215114594,-0.20116111636161804,0.04347585514187813,0.20464400947093964,-0.22921222448349,C:/Users/ASUS/Downloads/3D_Human_Pose_NCKH/phase5_external_generalization/data/external_raw/Le2i/Coffee_room_02/Videos/video (57).avi,-1,-1,External
90,0.0006467700004577637,0.000849931500852108,-0.0011656390270218253,0.004954143427312374,0.05258573964238167,-0.12170583009719849,0.41536906361579895,0.04463890939950943,-0.16240821778774261,0.4054742455482483,0.4414614140987396,-0.05437849834561348,-0.004562024027109146,-0.0575728602707386,0.12433373928070068,0.32937487959861755,-0.1909479945898056,0.11844754219055176,0.33200961351394653,0.1461651474237442,0.26132696866989136,-0.17872484028339386,-0.15975399315357208,-0.09246070683002472,-0.2738746404647827,-0.3635735809803009,-0.20862968266010284,-0.26111528277397156,-0.325271874666214,-0.29919570684432983,-0.17471271753311157,-0.4940115511417389,-0.3102681040763855,-0.2629301846027374,-0.4072619378566742,-0.08788513392210007,-0.15865659713745117,-0.4057849943637848,0.017247404903173447,-0.18031296133995056,-0.5715561509132385,-0.06346597522497177,-0.2941722273826599,-0.21336422860622406,-0.24185305833816528,-0.1862744241952896,0.04422978311777115,-0.20308254659175873,0.04434576258063316,0.2033240795135498,-0.2309761792421341,C:/Users/ASUS/Downloads/3D_Human_Pose_NCKH/phase5_external_generalization/data/external_raw/Le2i/Coffee_room_02/Videos/video (57).avi,-1,-1,External
91,0.0006758812814950943,0.0008725165389478207,-0.0011779124615713954,0.005569904111325741,0.05327967554330826,-0.12201020121574402,0.4156906008720398,0.045337334275245667,-0.15539109706878662,0.4063509404659271,0.44198909401893616,-0.049462493509054184,-0.005286890082061291,-0.05837222933769226,0.12434674799442291,0.32970282435417175,-0.1905931532382965,0.12823118269443512,0.33196091651916504,0.1441861242055893,0.2672238051891327,-0.17855633795261383,-0.15959089994430542,-0.09362278133630753,-0.2744026780128479,-0.3630765676498413,-0.21069882810115814,-0.26148292422294617,-0.32511940598487854,-0.3010185956954956,-0.17446094751358032,-0.4940181374549866,-0.3113822042942047,-0.2638690173625946,-0.4077429175376892,-0.09010367095470428,-0.15945205092430115,-0.40821659564971924,0.013388953171670437,-0.1823512613773346,-0.5709993243217468,-0.06841802597045898,-0.2944198250770569,-0.21200284361839294,-0.24426737427711487,-0.18568702042102814,0.045847952365875244,-0.2070966511964798,0.04476341977715492,0.20377549529075623,-0.23521406948566437,C:/Users/ASUS/Downloads/3D_Human_Pose_NCKH/phase5_external_generalization/data/external_raw/Le2i/Coffee_room_02/Videos/video (57).avi,-1,-1,External
92,0.0006805118173360825,0.0008499957621097565,-0.0012435544049367309,0.005537847056984901,0.053579509258270264,-0.12204602360725403,0.4152812361717224,0.04623088240623474,-0.15367940068244934,0.4066740572452545,0.4424937069416046,-0.046992357820272446,-0.005345637910068035,-0.05875364691019058,0.12424397468566895,0.3304930627346039,-0.18919487297534943,0.13088712096214294,0.33295702934265137,0.14510199427604675,0.26852017641067505,-0.1780657321214676,-0.1596733182668686,-0.09416984766721725,-0.2743183374404907,-0.3631898760795593,-0.21135087311267853,-0.2610816955566406,-0.3255856931209564,-0.3013811707496643,-0.17411468923091888,-0.49458062648773193,-0.31139519810676575,-0.26381155848503113,-0.4084799587726593,-0.09105958789587021,-0.1582440584897995,-0.41137176752090454,0.012514009140431881,-0.18212997913360596,-0.5711808204650879,-0.07245148718357086,-0.2945922911167145,-0.21175625920295715,-0.2447504997253418,-0.18591773509979248,0.04639483243227005,-0.20846639573574066,0.04459342733025551,0.20371223986148834,-0.2360800802707672,C:/Users/ASUS/Downloads/3D_Human_Pose_NCKH/phase5_external_generalization/data/external_raw/Le2i/Coffee_room_02/Videos/video (57).avi,-1,-1,External
93,0.0007084868848323822,0.0008368915878236294,-0.0012870074715465307,0.005608379375189543,0.053702130913734436,-0.12210331857204437,0.4149170517921448,0.04659854993224144,-0.15264037251472473,0.4065036475658417,0.44300001859664917,-0.04628169909119606,-0.005437414161860943,-0.058996912091970444,0.12425413727760315,0.3313576281070709,-0.1886671632528305,0.13093675673007965,0.3345986604690552,0.14586420357227325,0.2671704590320587,-0.17775331437587738,-0.15978926420211792,-0.09396833181381226,-0.2743607461452484,-0.3632386326789856,-0.2115349918603897,-0.26068127155303955,-0.32599741220474243,-0.3015475273132324,-0.17413689196109772,-0.4950844943523407,-0.31160494685173035,-0.2638879120349884,-0.40879225730895996,-0.09099897742271423,-0.1570388674736023,-0.4151066541671753,0.013826890848577023,-0.1806429773569107,-0.5717416405677795,-0.07454107701778412,-0.2946295440196991,-0.21146929264068604,-0.24494312703609467,-0.18647782504558563,0.04678347706794739,-0.2072848528623581,0.04351092502474785,0.20423337817192078,-0.23365844786167145,C:/Users/ASUS/Downloads/3D_Human_Pose_NCKH/phase5_external_generalization/data/external_raw/Le2i/Coffee_room_02/Videos/video (57).avi,-1,-1,External
94,0.0007438333705067635,0.0008337884210050106,-0.001291588880121708,0.0051987203769385815,0.05326569825410843,-0.1220531165599823,0.41422873735427856,0.046707965433597565,-0.1554403156042099,0.4065253734588623,0.4433044195175171,-0.048100415617227554,-0.005073394626379013,-0.05861843749880791,0.12421935796737671,0.33210882544517517,-0.18783985078334808,0.12493942677974701,0.3364167809486389,0.14794206619262695,0.2618144452571869,-0.17748402059078217,-0.16000914573669434,-0.09322062879800797,-0.2742845416069031,-0.3634439706802368,-0.2106563299894333,-0.26018667221069336,-0.326853483915329,-0.30030304193496704,-0.17447757720947266,-0.49565571546554565,-0.3104648292064667,-0.26341965794563293,-0.4088890254497528,-0.08958601206541061,-0.15463286638259888,-0.4184964895248413,0.016532674431800842,-0.17737604677677155,-0.5733174681663513,-0.0762956440448761,-0.2949734926223755,-0.21206195652484894,-0.2439197301864624,-0.18754370510578156,0.046322301030159,-0.20412422716617584,0.04175180569291115,0.20459051430225372,-0.22848545014858246,C:/Users/ASUS/Downloads/3D_Human_Pose_NCKH/phase5_external_generalization/data/external_raw/Le2i/Coffee_room_02/Videos/video (57).avi,-1,-1,External
95,0.0007197940722107887,0.0008238386362791061,-0.0012732658069580793,0.004937003366649151,0.052479371428489685,-0.12151305377483368,0.4123375415802002,0.046820297837257385,-0.15828397870063782,0.4055930972099304,0.44274279475212097,-0.048715125769376755,-0.004622268490493298,-0.05769772455096245,0.12390381097793579,0.33292335271835327,-0.187245711684227,0.12066423892974854,0.3373357951641083,0.1502278447151184,0.25883474946022034,-0.17701534926891327,-0.15992014110088348,-0.09227901697158813,-0.27338099479675293,-0.3634575307369232,-0.20911987125873566,-0.2590315639972687,-0.3266432583332062,-0.29799050092697144,-0.1745370477437973,-0.49538949131965637,-0.30824220180511475,-0.26159968972206116,-0.40817490220069885,-0.08805165439844131,-0.15250404179096222,-0.4184897840023041,0.018494438380002975,-0.17748717963695526,-0.5705838203430176,-0.08325739204883575,-0.2950080633163452,-0.2117256373167038,-0.2412566840648651,-0.18796278536319733,0.046596936881542206,-0.20251338183879852,0.041990865021944046,0.2041139006614685,-0.22431981563568115,C:/Users/ASUS/Downloads/3D_Human_Pose_NCKH/phase5_external_generalization/data/external_raw/Le2i/Coffee_room_02/Videos/video (57).avi,-1,-1,External
96,0.0007120966911315918,0.0007985378615558147,-0.0013141499366611242,0.004276996478438377,0.05194091796875,-0.12136466801166534,0.41080135107040405,0.04726051911711693,-0.1605071872472763,0.40463948249816895,0.4437393546104431,-0.05095091834664345,-0.0039683496579527855,-0.05721808969974518,0.1237659603357315,0.3333049714565277,-0.18670813739299774,0.11339379847049713,0.338867723941803,0.1530507504940033,0.25286009907722473,-0.1767144650220871,-0.15971891582012177,-0.0914437472820282,-0.27282261848449707,-0.36326247453689575,-0.20845453441143036,-0.25801771879196167,-0.32652565836906433,-0.29703637957572937,-0.17444954812526703,-0.49535655975341797,-0.3072766065597534,-0.2606930434703827,-0.4076763391494751,-0.08654312044382095,-0.1509360373020172,-0.42055052518844604,0.023606054484844208,-0.17440856993198395,-0.571932852268219,-0.07909271121025085,-0.2949430048465729,-0.2119944989681244,-0.2400192767381668,-0.18882478773593903,0.04596796631813049,-0.19856220483779907,0.0404948852956295,0.2053997814655304,-0.21787838637828827,C:/Users/ASUS/Downloads/3D_Human_Pose_NCKH/phase5_external_generalization/data/external_raw/Le2i/Coffee_room_02/Videos/video (57).avi,-1,-1,External
97,0.0005483664572238922,0.0008486104197800159,-0.0012357591185718775,0.004392568487673998,0.05109615623950958,-0.12040498852729797,0.40894365310668945,0.04621683806180954,-0.16186228394508362,0.40320566296577454,0.4414907693862915,-0.051467664539813995,-0.0037795528769493103,-0.056011416018009186,0.1232101321220398,0.3336665630340576,-0.18797273933887482,0.11007367819547653,0.3398948907852173,0.15274015069007874,0.25317105650901794,-0.17635634541511536,-0.1592041254043579,-0.09055906534194946,-0.27179282903671265,-0.3626529276371002,-0.2077530473470688,-0.25712594389915466,-0.32532185316085815,-0.29568254947662354,-0.17445184290409088,-0.4940316081047058,-0.3057108223438263,-0.2589440941810608,-0.4060371220111847,-0.08540761470794678,-0.1503298580646515,-0.4176114499568939,0.025782886892557144,-0.1742100715637207,-0.5679892897605896,-0.08317464590072632,-0.2945469319820404,-0.211196169257164,-0.23792557418346405,-0.18883675336837769,0.045800141990184784,-0.1960005909204483,0.041178107261657715,0.20428642630577087,-0.2120584398508072,C:/Users/ASUS/Downloads/3D_Human_Pose_NCKH/phase5_external_generalization/data/external_raw/Le2i/Coffee_room_02/Videos/video (57).avi,-1,-1,External
98,0.0005498882383108139,0.0008499836549162865,-0.0012576780281960964,0.003822779282927513,0.05134950205683708,-0.12041108310222626,0.40774601697921753,0.04719393700361252,-0.16072529554367065,0.40386560559272766,0.44275036454200745,-0.04970376938581467,-0.0033887336030602455,-0.05626392364501953,0.1228543221950531,0.33424535393714905,-0.18547764420509338,0.11130887269973755,0.3399266004562378,0.15540359914302826,0.2555237114429474,-0.17599813640117645,-0.15858003497123718,-0.0914202481508255,-0.27145808935165405,-0.3619992733001709,-0.20876723527908325,-0.2564338743686676,-0.324881374835968,-0.2959236204624176,-0.1741664856672287,-0.49351412057876587,-0.3056076169013977,-0.25876522064208984,-0.4066285789012909,-0.0866130143404007,-0.14926835894584656,-0.4225171208381653,0.02499065175652504,-0.1735171377658844,-0.5703334212303162,-0.08728495240211487,-0.2943972051143646,-0.21061298251152039,-0.23845958709716797,-0.18917764723300934,0.04650495946407318,-0.1957952231168747,0.04033443704247475,0.2058914601802826,-0.209792360663414,C:/Users/ASUS/Downloads/3D_Human_Pose_NCKH/phase5_external_generalization/data/external_raw/Le2i/Coffee_room_02/Videos/video (57).avi,-1,-1,External
99,0.0006002997979521751,0.0008288603276014328,-0.0012792123015969992,0.0034268158487975597,0.05120635777711868,-0.1200924962759018,0.4065701365470886,0.04711369797587395,-0.1606738269329071,0.4038045108318329,0.4432864189147949,-0.05021507665514946,-0.003084057942032814,-0.056292206048965454,0.1224936991930008,0.3344736695289612,-0.18371807038784027,0.1105438619852066,0.3402054011821747,0.1576060652732849,0.2572980225086212,-0.1758880764245987,-0.15812058746814728,-0.09165120124816895,-0.2712157666683197,-0.3615560233592987,-0.20947791635990143,-0.2559688985347748,-0.3244972825050354,-0.2958962321281433,-0.1739768534898758,-0.4933178126811981,-0.30525457859039307,-0.25858792662620544,-0.4063858091831207,-0.08726692199707031,-0.14908429980278015,-0.42517372965812683,0.02476579323410988,-0.17377713322639465,-0.5720136761665344,-0.08725331723690033,-0.2941799461841583,-0.21048445999622345,-0.23887772858142853,-0.18946291506290436,0.04648877680301666,-0.19466246664524078,0.03992253541946411,0.20652160048484802,-0.20686915516853333,C:/Users/ASUS/Downloads/3D_Human_Pose_NCKH/phase5_external_generalization/data/external_raw/Le2i/Coffee_room_02/Videos/video (57).avi,-1,-1,External
100,0.0006371848285198212,0.0007893750444054604,-0.0013400281313806772,0.0026963744312524796,0.051292963325977325,-0.11978529393672943,0.4055957794189453,0.0467546284198761,-0.1614038050174713,0.403138667345047,0.44371891021728516,-0.05131900683045387,-0.0025051115080714226,-0.056509338319301605,0.12201155722141266,0.33420583605766296,-0.18277998268604279,0.1089157685637474,0.3407118022441864,0.15871532261371613,0.2587760090827942,-0.17589008808135986,-0.15737506747245789,-0.09161877632141113,-0.27134421467781067,-0.36068570613861084,-0.20998355746269226,-0.25587189197540283,-0.323349267244339,-0.2959091067314148,-0.17387132346630096,-0.4922020435333252,-0.30503109097480774,-0.25904569029808044,-0.40590807795524597,-0.08748156577348709,-0.149425208568573,-0.4284113049507141,0.025886353105306625,-0.1729893535375595,-0.5751538872718811,-0.08478252589702606,-0.29408639669418335,-0.2097744643688202,-0.23925109207630157,-0.18944263458251953,0.04635603725910187,-0.19226853549480438,0.03936813399195671,0.20804360508918762,-0.20174813270568848,C:/Users/ASUS/Downloads/3D_Human_Pose_NCKH/phase5_external_generalization/data/external_raw/Le2i/Coffee_room_02/Videos/video (57).avi,-1,-1,External
101,0.0006074858829379082,0.0008664750494062901,-0.0012624864466488361,0.0027678553014993668,0.05109509080648422,-0.11896906793117523,0.40496009588241577,0.045545924454927444,-0.1626422107219696,0.40234658122062683,0.4430806338787079,-0.054426323622465134,-0.0023202281445264816,-0.05612978711724281,0.12150704860687256,0.3338978588581085,-0.1831502467393875,0.10693427920341492,0.34076499938964844,0.1591072827577591,0.2603544294834137,-0.17581234872341156,-0.15749546885490417,-0.09120900928974152,-0.2718064785003662,-0.3604259490966797,-0.21037378907203674,-0.2563471794128418,-0.3232972323894501,-0.29512423276901245,-0.17450888454914093,-0.4921441674232483,-0.3046846389770508,-0.2594653069972992,-0.4048149883747101,-0.08748550713062286,-0.15004941821098328,-0.42646586894989014,0.02739337459206581,-0.1721968948841095,-0.5741071105003357,-0.07973186671733856,-0.29425162076950073,-0.20984067022800446,-0.23896071314811707,-0.18964193761348724,0.04599696397781372,-0.18934568762779236,0.03920659050345421,0.20820723474025726,-0.19700071215629578,C:/Users/ASUS/Downloads/3D_Human_Pose_NCKH/phase5_external_generalization/data/external_raw/Le2i/Coffee_room_02/Videos/video (57).avi,-1,-1,External
102,0.000630783848464489,0.0008526984602212906,-0.0013185438001528382,0.0031394483521580696,0.0515877790749073,-0.11940400302410126,0.4054601788520813,0.044954169541597366,-0.16210611164569855,0.40295758843421936,0.4437592327594757,-0.054104048758745193,-0.0028708865866065025,-0.05666819214820862,0.12168470025062561,0.3333980441093445,-0.18260304629802704,0.1094733327627182,0.33993905782699585,0.15876229107379913,0.2610582709312439,-0.17573653161525726,-0.15749391913414001,-0.09151068329811096,-0.27215808629989624,-0.35978448390960693,-0.21126055717468262,-0.2566725015640259,-0.3234149217605591,-0.2958980202674866,-0.17458310723304749,-0.49229124188423157,-0.304593563079834,-0.2606668174266815,-0.4048869013786316,-0.08837976306676865,-0.15104958415031433,-0.42867690324783325,0.026322204619646072,-0.1723519265651703,-0.5749037265777588,-0.07983997464179993,-0.29414743185043335,-0.2092304527759552,-0.24080342054367065,-0.189667746424675,0.04694993793964386,-0.1910596340894699,0.0386781170964241,0.20903822779655457,-0.19706599414348602,C:/Users/ASUS/Downloads/3D_Human_Pose_NCKH/phase5_external_generalization/data/external_raw/Le2i/Coffee_room_02/Videos/video (57).avi,-1,-1,External
103,0.0006418833509087563,0.0008949926123023033,-0.0012662289664149284,0.004096437711268663,0.05165058374404907,-0.11938822269439697,0.40606075525283813,0.04355373978614807,-0.16194745898246765,0.4031265676021576,0.4433571696281433,-0.055148787796497345,-0.00368692260235548,-0.056633420288562775,0.12176479399204254,0.3329867422580719,-0.1832331418991089,0.11094263941049576,0.3390257954597473,0.15786497294902802,0.2619515359401703,-0.17594288289546967,-0.15778742730617523,-0.09143998473882675,-0.2727382779121399,-0.3597794473171234,-0.21173913776874542,-0.2574685513973236,-0.3240842819213867,-0.295917809009552,-0.17501170933246613,-0.49313440918922424,-0.3043097257614136,-0.26191428303718567,-0.40451014041900635,-0.08874842524528503,-0.15279293060302734,-0.4270813465118408,0.025753237307071686,-0.17334499955177307,-0.5738145709037781,-0.07722795009613037,-0.29385802149772644,-0.2093551903963089,-0.24192547798156738,-0.18976224958896637,0.04690898209810257,-0.19140733778476715,0.03828096017241478,0.20845040678977966,-0.19549578428268433,C:/Users/ASUS/Downloads/3D_Human_Pose_NCKH/phase5_external_generalization/data/external_raw/Le2i/Coffee_room_02/Videos/video (57).avi,-1,-1,External
104,0.0006695901975035667,0.0008940249681472778,-0.001326108118519187,0.004863210953772068,0.05211890488862991,-0.11979825794696808,0.40648168325424194,0.04216811805963516,-0.16057290136814117,0.40272775292396545,0.44382426142692566,-0.05639449879527092,-0.004494532011449337,-0.05720449984073639,0.1221994012594223,0.3318619430065155,-0.18381214141845703,0.11322073638439178,0.33789077401161194,0.15653398633003235,0.2630893886089325,-0.17631925642490387,-0.15808840095996857,-0.09123240411281586,-0.2736528217792511,-0.35923606157302856,-0.21280501782894135,-0.25870147347450256,-0.3243958055973053,-0.2967263460159302,-0.1754189282655716,-0.4934261739253998,-0.3048848807811737,-0.2637006640434265,-0.40409034490585327,-0.08929985016584396,-0.154471755027771,-0.4280230402946472,0.026064161211252213,-0.17329183220863342,-0.5746721029281616,-0.07076191902160645,-0.2937777042388916,-0.20919813215732574,-0.2443603277206421,-0.18973520398139954,0.04718037694692612,-0.1922132521867752,0.037523053586483,0.208697110414505,-0.19435575604438782,C:/Users/ASUS/Downloads/3D_Human_Pose_NCKH/phase5_external_generalization/data/external_raw/Le2i/Coffee_room_02/Videos/video (57).avi,-1,-1,External
105,0.000667608343064785,0.0009227236732840538,-0.001350226579234004,0.00582729559391737,0.05251717194914818,-0.119991734623909,0.4075441360473633,0.04078418016433716,-0.1598069667816162,0.40333816409111023,0.4436477720737457,-0.05730972811579704,-0.005376138724386692,-0.05765504390001297,0.12261377274990082,0.3315220773220062,-0.1842479258775711,0.11629040539264679,0.3374928832054138,0.15542840957641602,0.265769362449646,-0.17637111246585846,-0.15856434404850006,-0.09143282473087311,-0.27420946955680847,-0.35918256640434265,-0.21345587074756622,-0.25979578495025635,-0.325033038854599,-0.29708078503608704,-0.1757897585630417,-0.49408966302871704,-0.3051077425479889,-0.2653011381626129,-0.4042358100414276,-0.08987421542406082,-0.15642353892326355,-0.42718449234962463,0.02522016316652298,-0.17378461360931396,-0.5739710330963135,-0.06699442863464355,-0.2932800352573395,-0.20944078266620636,-0.24558556079864502,-0.18904094398021698,0.04737754166126251,-0.19307716190814972,0.037667419761419296,0.2081998735666275,-0.19437260925769806,C:/Users/ASUS/Downloads/3D_Human_Pose_NCKH/phase5_external_generalization/data/external_raw/Le2i/Coffee_room_02/Videos/video (57).avi,-1,-1,External
106,0.0006270036101341248,0.000985155813395977,-0.0012839335249736905,0.006879521533846855,0.052347924560308456,-0.11991609632968903,0.4084363281726837,0.038453854620456696,-0.15951386094093323,0.4028882086277008,0.44179007411003113,-0.05862962082028389,-0.00626774225383997,-0.05727064609527588,0.12272633612155914,0.33011049032211304,-0.18581239879131317,0.11801967024803162,0.3364405632019043,0.1534615457057953,0.26931408047676086,-0.1765463948249817,-0.15865260362625122,-0.09154238551855087,-0.27473485469818115,-0.3593030869960785,-0.2136448472738266,-0.2607031464576721,-0.32536429166793823,-0.29692715406417847,-0.176022469997406,-0.4946364164352417,-0.3047459125518799,-0.26658356189727783,-0.40345335006713867,-0.08997821062803268,-0.1586240828037262,-0.42332926392555237,0.024418078362941742,-0.1755591332912445,-0.5723684430122375,-0.06356196105480194,-0.29243800044059753,-0.2097935974597931,-0.2462632805109024,-0.18800917267799377,0.046500660479068756,-0.19294025003910065,0.03856784477829933,0.20685768127441406,-0.19345802068710327,C:/Users/ASUS/Downloads/3D_Human_Pose_NCKH/phase5_external_generalization/data/external_raw/Le2i/Coffee_room_02/Videos/video (57).avi,-1,-1,External
107,0.0006607435643672943,0.0009626126848161221,-0.0012635583989322186,0.007674669846892357,0.0522695928812027,-0.12014321982860565,0.40926823019981384,0.03774912655353546,-0.15759414434432983,0.4033829867839813,0.44203367829322815,-0.05796932801604271,-0.007039344869554043,-0.05726495385169983,0.12304729223251343,0.3301455080509186,-0.1853455752134323,0.12160921096801758,0.33581990003585815,0.15386343002319336,0.2731395959854126,-0.17639367282390594,-0.15884177386760712,-0.09195263683795929,-0.2748570442199707,-0.3597702980041504,-0.21373437345027924,-0.2611643671989441,-0.326109915971756,-0.29652753472328186,-0.17579294741153717,-0.4958198666572571,-0.30438122153282166,-0.2676410377025604,-0.40355369448661804,-0.09024197608232498,-0.16029945015907288,-0.42192262411117554,0.024299703538417816,-0.17662394046783447,-0.5715873837471008,-0.06081899255514145,-0.2914438545703888,-0.2105475813150406,-0.24671757221221924,-0.18706800043582916,0.045610010623931885,-0.19380874931812286,0.03943902626633644,0.20563781261444092,-0.19505761563777924,C:/Users/ASUS/Downloads/3D_Human_Pose_NCKH/phase5_external_generalization/data/external_raw/Le2i/Coffee_room_02/Videos/video (57).avi,-1,-1,External
108,0.0007037920877337456,0.0009553218260407448,-0.0013851209077984095,0.007548765279352665,0.05328179895877838,-0.12111002206802368,0.4106181263923645,0.039127741008996964,-0.15411482751369476,0.4049187898635864,0.44452202320098877,-0.05413663759827614,-0.007413092069327831,-0.05846381559967995,0.12340280413627625,0.3297249972820282,-0.1833890825510025,0.12911367416381836,0.3334915041923523,0.15391986072063446,0.27680331468582153,-0.17625287175178528,-0.1585969477891922,-0.0933569073677063,-0.2749393582344055,-0.35921919345855713,-0.2152431458234787,-0.26084575057029724,-0.32564032077789307,-0.29802632331848145,-0.1752689927816391,-0.49531012773513794,-0.30569055676460266,-0.26892176270484924,-0.40515369176864624,-0.09206043928861618,-0.16163155436515808,-0.42779555916786194,0.022581342607736588,-0.1776856929063797,-0.5744376182556152,-0.062451303005218506,-0.2908479869365692,-0.20990869402885437,-0.24921628832817078,-0.18600048124790192,0.046501778066158295,-0.1986507922410965,0.038875505328178406,0.20707111060619354,-0.19978618621826172,C:/Users/ASUS/Downloads/3D_Human_Pose_NCKH/phase5_external_generalization/data/external_raw/Le2i/Coffee_room_02/Videos/video (57).avi,-1,-1,External
109,0.0005571804940700531,0.0010464894585311413,-0.0012379512190818787,0.009378074668347836,0.052528150379657745,-0.12023848295211792,0.41153693199157715,0.035622213035821915,-0.15264153480529785,0.4028894007205963,0.4402877688407898,-0.05562708154320717,-0.008698498830199242,-0.05732649564743042,0.12336775660514832,0.32803231477737427,-0.1868789941072464,0.13075250387191772,0.3318338096141815,0.15058407187461853,0.2818662226200104,-0.17639189958572388,-0.15866027772426605,-0.0934905856847763,-0.27515649795532227,-0.3593149185180664,-0.2152252346277237,-0.26159223914146423,-0.32569238543510437,-0.2976941466331482,-0.17554394900798798,-0.4955618381500244,-0.30548468232154846,-0.2693589925765991,-0.4029770791530609,-0.09145291894674301,-0.16414934396743774,-0.4182891845703125,0.023397967219352722,-0.17903634905815125,-0.5683557391166687,-0.05650883913040161,-0.28975704312324524,-0.21050262451171875,-0.2487000674009323,-0.18404920399188995,0.04589856415987015,-0.19752469658851624,0.04155384376645088,0.2042231410741806,-0.19984452426433563,C:/Users/ASUS/Downloads/3D_Human_Pose_NCKH/phase5_external_generalization/data/external_raw/Le2i/Coffee_room_02/Videos/video (57).avi,-1,-1,External
110,0.0006633829325437546,0.0010167048312723637,-0.0013252128846943378,0.009294424206018448,0.05353543162345886,-0.12149237096309662,0.4124242961406708,0.03810522332787514,-0.14771541953086853,0.4047239124774933,0.444622665643692,-0.050908733159303665,-0.00906699150800705,-0.05872005969285965,0.12393870949745178,0.3288036584854126,-0.1843574047088623,0.13829635083675385,0.33059996366500854,0.15193921327590942,0.2847731411457062,-0.1760617047548294,-0.15839649736881256,-0.09483547508716583,-0.275194376707077,-0.3591287136077881,-0.21679140627384186,-0.26136282086372375,-0.32540497183799744,-0.29916828870773315,-0.1751215010881424,-0.49561598896980286,-0.3068750202655792,-0.2707105576992035,-0.4047587215900421,-0.09310788661241531,-0.1655074954032898,-0.425102174282074,0.023108378052711487,-0.17939597368240356,-0.5721140503883362,-0.05662292614579201,-0.2892506718635559,-0.2099926471710205,-0.251075804233551,-0.18397106230258942,0.04658105969429016,-0.20226655900478363,0.040485478937625885,0.20636731386184692,-0.20559772849082947,C:/Users/ASUS/Downloads/3D_Human_Pose_NCKH/phase5_external_generalization/data/external_raw/Le2i/Coffee_room_02/Videos/video (57).avi,-1,-1,External
111,0.0006437646225094795,0.0010327561758458614,-0.001313421525992453,0.010099220089614391,0.05386000871658325,-0.12205640971660614,0.41273263096809387,0.037838224321603775,-0.14377543330192566,0.40436455607414246,0.4452066421508789,-0.049173057079315186,-0.009813221171498299,-0.05893264338374138,0.12433421611785889,0.32819002866744995,-0.18559442460536957,0.14162391424179077,0.3304271996021271,0.1498183012008667,0.28823843598365784,-0.1759256273508072,-0.15822353959083557,-0.09486998617649078,-0.2755110561847687,-0.3588356673717499,-0.2171516716480255,-0.2625509798526764,-0.3252458870410919,-0.29978474974632263,-0.17541147768497467,-0.4957142174243927,-0.30708980560302734,-0.2719603180885315,-0.4042414426803589,-0.09289003163576126,-0.16703936457633972,-0.42484498023986816,0.024634674191474915,-0.17867617309093475,-0.572429358959198,-0.050510331988334656,-0.2888006865978241,-0.20990365743637085,-0.2524106502532959,-0.18406401574611664,0.04635738581418991,-0.20372618734836578,0.04065888747572899,0.20651313662528992,-0.20709089934825897,C:/Users/ASUS/Downloads/3D_Human_Pose_NCKH/phase5_external_generalization/data/external_raw/Le2i/Coffee_room_02/Videos/video (57).avi,-1,-1,External
112,0.0006819264963269234,0.000989510677754879,-0.0013470044359564781,0.010408950969576836,0.053512975573539734,-0.12221883237361908,0.41271835565567017,0.03760390728712082,-0.14305660128593445,0.4041624665260315,0.44569575786590576,-0.04940588399767876,-0.010090486146509647,-0.05870610848069191,0.12457780539989471,0.3283890187740326,-0.1861666887998581,0.14102423191070557,0.3309771418571472,0.14953798055648804,0.28866299986839294,-0.1759367436170578,-0.15815027058124542,-0.09474656730890274,-0.27546045184135437,-0.3591066002845764,-0.21627722680568695,-0.262779176235199,-0.32540154457092285,-0.2986062467098236,-0.17558246850967407,-0.49615153670310974,-0.3060906231403351,-0.2722890079021454,-0.40379416942596436,-0.09179110825061798,-0.167226642370224,-0.42458251118659973,0.026093460619449615,-0.1778411865234375,-0.5718528628349304,-0.0502331480383873,-0.28849145770072937,-0.21041476726531982,-0.25190073251724243,-0.18402418494224548,0.04559098184108734,-0.2045074850320816,0.04097308963537216,0.2060966193675995,-0.2084820717573166,C:/Users/ASUS/Downloads/3D_Human_Pose_NCKH/phase5_external_generalization/data/external_raw/Le2i/Coffee_room_02/Videos/video (57).avi,-1,-1,External
113,0.0005740802735090256,0.0010384884662926197,-0.0012365414295345545,0.011044234037399292,0.0526270866394043,-0.12194418907165527,0.41248252987861633,0.0361781120300293,-0.14471393823623657,0.40248581767082214,0.44374018907546997,-0.051496945321559906,-0.010472627356648445,-0.057457149028778076,0.12450516223907471,0.32758277654647827,-0.18861763179302216,0.1366681605577469,0.3312743902206421,0.1477651298046112,0.2877870500087738,-0.17610736191272736,-0.15799811482429504,-0.09397585690021515,-0.2753569781780243,-0.3595646023750305,-0.21435917913913727,-0.2628823220729828,-0.3256298303604126,-0.29682910442352295,-0.1760355681180954,-0.49641814827919006,-0.3043922781944275,-0.27203258872032166,-0.4025285542011261,-0.08941864222288132,-0.16767628490924835,-0.4202638864517212,0.029754407703876495,-0.17685797810554504,-0.5698055624961853,-0.04818834364414215,-0.287844717502594,-0.21142807602882385,-0.24990420043468475,-0.18377803266048431,0.0444057434797287,-0.20302043855190277,0.04178905859589577,0.20510244369506836,-0.20728369057178497,C:/Users/ASUS/Downloads/3D_Human_Pose_NCKH/phase5_external_generalization/data/external_raw/Le2i/Coffee_room_02/Videos/video (57).avi,-1,-1,External
114,0.0005882866680622101,0.0010020127519965172,-0.0012489466462284327,0.010990736074745655,0.051939912140369415,-0.12204405665397644,0.4121211767196655,0.036785613745450974,-0.146358922123909,0.4027539789676666,0.4445081055164337,-0.05167093500494957,-0.010452610440552235,-0.056840717792510986,0.12461686134338379,0.32820120453834534,-0.18800504505634308,0.13433849811553955,0.3313705325126648,0.1493772715330124,0.28574734926223755,-0.17608509957790375,-0.15788859128952026,-0.0940268486738205,-0.27483683824539185,-0.36035484075546265,-0.2123202234506607,-0.26191648840904236,-0.3259676694869995,-0.29425984621047974,-0.17566223442554474,-0.49691030383110046,-0.30212971568107605,-0.2715360224246979,-0.40287768840789795,-0.0877540186047554,-0.16727623343467712,-0.42141252756118774,0.03232000395655632,-0.1770733892917633,-0.5686187148094177,-0.05283823981881142,-0.28724032640457153,-0.2121092528104782,-0.24743029475212097,-0.1835528016090393,0.04379349946975708,-0.20290324091911316,0.04220413416624069,0.20505236089229584,-0.20871396362781525,C:/Users/ASUS/Downloads/3D_Human_Pose_NCKH/phase5_external_generalization/data/external_raw/Le2i/Coffee_room_02/Videos/video (57).avi,-1,-1,External
115,0.0006268881261348724,0.0009547113440930843,-0.0013422820484265685,0.011167705059051514,0.052004970610141754,-0.12272278964519501,0.41205382347106934,0.03866801783442497,-0.14294281601905823,0.4037000238895416,0.4471622109413147,-0.048249248415231705,-0.010928782634437084,-0.05721498280763626,0.12505097687244415,0.3289441764354706,-0.1867447942495346,0.1380830854177475,0.3316080868244171,0.15030023455619812,0.2875516712665558,-0.1760515421628952,-0.1576889455318451,-0.09453439712524414,-0.27486371994018555,-0.3605109453201294,-0.2119777500629425,-0.2617454528808594,-0.3261718451976776,-0.2935766875743866,-0.17569558322429657,-0.4972188174724579,-0.3014208674430847,-0.2721092700958252,-0.40397027134895325,-0.08721251040697098,-0.1669117957353592,-0.4274744391441345,0.03456518054008484,-0.17630384862422943,-0.5704818367958069,-0.0563625730574131,-0.28705814480781555,-0.21216583251953125,-0.24743710458278656,-0.18368114531040192,0.044140882790088654,-0.20525328814983368,0.04153193533420563,0.20623493194580078,-0.2114868313074112,C:/Users/ASUS/Downloads/3D_Human_Pose_NCKH/phase5_external_generalization/data/external_raw/Le2i/Coffee_room_02/Videos/video (57).avi,-1,-1,External
116,0.0006172768771648407,0.000938129611313343,-0.001325739547610283,0.011336647905409336,0.051425233483314514,-0.12271963059902191,0.41178393363952637,0.03994106501340866,-0.1424504518508911,0.4046750068664551,0.44786491990089417,-0.04658913239836693,-0.011175001040101051,-0.05665920674800873,0.12507367134094238,0.329734206199646,-0.18578630685806274,0.13905763626098633,0.33145275712013245,0.15195129811763763,0.2881461977958679,-0.17583270370960236,-0.1576692759990692,-0.095184326171875,-0.27459660172462463,-0.36146605014801025,-0.21064724028110504,-0.2612214982509613,-0.3270905911922455,-0.2914665937423706,-0.17549224197864532,-0.4982926845550537,-0.2991439998149872,-0.2717554271221161,-0.4048996865749359,-0.08640372008085251,-0.166085347533226,-0.4290013313293457,0.0356222502887249,-0.17647024989128113,-0.5694501996040344,-0.0629139095544815,-0.28683146834373474,-0.21302254498004913,-0.24555271863937378,-0.18355940282344818,0.0436846986413002,-0.20598290860652924,0.04189490154385567,0.20580759644508362,-0.2136736661195755,C:/Users/ASUS/Downloads/3D_Human_Pose_NCKH/phase5_external_generalization/data/external_raw/Le2i/Coffee_room_02/Videos/video (57).avi,-1,-1,External
117,0.0005529355257749557,0.0009505539201200008,-0.001276150462217629,0.011985231190919876,0.05084112286567688,-0.12232993543148041,0.41134876012802124,0.03992113843560219,-0.1417521834373474,0.40454551577568054,0.44684338569641113,-0.04531277343630791,-0.011644660495221615,-0.05589766800403595,0.12490954995155334,0.32999753952026367,-0.1863367110490799,0.1397826224565506,0.3317977488040924,0.1515120565891266,0.29056110978126526,-0.1758200079202652,-0.1574515551328659,-0.09565392136573792,-0.27452757954597473,-0.3617950677871704,-0.20958910882472992,-0.2612690031528473,-0.327284038066864,-0.29002973437309265,-0.17568765580654144,-0.4986611604690552,-0.29736432433128357,-0.27157101035118103,-0.4045112729072571,-0.08547995239496231,-0.1653822958469391,-0.4277912974357605,0.03713856264948845,-0.17626264691352844,-0.5666971802711487,-0.06709904968738556,-0.2865128219127655,-0.2132006585597992,-0.24382705986499786,-0.1831771284341812,0.04363687336444855,-0.20528902113437653,0.04273837059736252,0.20518112182617188,-0.21365155279636383,C:/Users/ASUS/Downloads/3D_Human_Pose_NCKH/phase5_external_generalization/data/external_raw/Le2i/Coffee_room_02/Videos/video (57).avi,-1,-1,External
118,0.000551566481590271,0.0009359978139400482,-0.001292647561058402,0.012010924518108368,0.05060963332653046,-0.12244321405887604,0.410835862159729,0.041228897869586945,-0.14122284948825836,0.4053104519844055,0.4473794996738434,-0.04368365928530693,-0.0117418821901083,-0.05567795783281326,0.12483568489551544,0.33076736330986023,-0.1853538453578949,0.14109009504318237,0.3326544165611267,0.15204697847366333,0.291372150182724,-0.17557261884212494,-0.1571507751941681,-0.09618651866912842,-0.274192214012146,-0.36183661222457886,-0.20893631875514984,-0.26089200377464294,-0.3270243704319,-0.2892090678215027,-0.17574180662631989,-0.4985053539276123,-0.2957926094532013,-0.2712439000606537,-0.4047985374927521,-0.08495625853538513,-0.16462990641593933,-0.43027448654174805,0.038875870406627655,-0.17568999528884888,-0.5667997002601624,-0.0723375529050827,-0.2864473760128021,-0.21303141117095947,-0.2428211122751236,-0.1830911785364151,0.04450146108865738,-0.20600418746471405,0.042773738503456116,0.20642447471618652,-0.21520458161830902,C:/Users/ASUS/Downloads/3D_Human_Pose_NCKH/phase5_external_generalization/data/external_raw/Le2i/Coffee_room_02/Videos/video (57).avi,-1,-1,External
119,0.0005147336050868034,0.0009556999430060387,-0.0012591182021424174,0.012240227311849594,0.05017983913421631,-0.1222153753042221,0.41058123111724854,0.04164499789476395,-0.14164014160633087,0.4054233729839325,0.44741716980934143,-0.04441020265221596,-0.011916383169591427,-0.05514012277126312,0.1247013509273529,0.33065664768218994,-0.18585075438022614,0.13948500156402588,0.3337263762950897,0.15170550346374512,0.2905370593070984,-0.1756972223520279,-0.15702101588249207,-0.09616658836603165,-0.274300217628479,-0.36196169257164,-0.20824934542179108,-0.26120683550834656,-0.326888769865036,-0.28838440775871277,-0.1761356145143509,-0.49840283393859863,-0.2942906320095062,-0.271388441324234,-0.4045881927013397,-0.08414161205291748,-0.16485783457756042,-0.4300882816314697,0.040740977972745895,-0.1751212477684021,-0.5669462084770203,-0.07238183915615082,-0.286634624004364,-0.21317864954471588,-0.2418203204870224,-0.1832851618528366,0.04469046741724014,-0.2053706794977188,0.04315561056137085,0.20710493624210358,-0.21440713107585907,C:/Users/ASUS/Downloads/3D_Human_Pose_NCKH/phase5_external_generalization/data/external_raw/Le2i/Coffee_room_02/Videos/video (57).avi,-1,-1,External
120,0.0005129985511302948,0.0009486693888902664,-0.0013160279486328363,0.012065017595887184,0.0502365306019783,-0.12229546904563904,0.4103884696960449,0.04158305004239082,-0.14137333631515503,0.4049987494945526,0.4484897255897522,-0.0469122976064682,-0.01179297175258398,-0.055360592901706696,0.12487325072288513,0.32994791865348816,-0.18748560547828674,0.1363886594772339,0.3347044587135315,0.1514294594526291,0.286307156085968,-0.1761750429868698,-0.15694797039031982,-0.09599902480840683,-0.2750759720802307,-0.36154085397720337,-0.2085927128791809,-0.2624310553073883,-0.32668912410736084,-0.28818365931510925,-0.1768660545349121,-0.49822211265563965,-0.2942022383213043,-0.27288198471069336,-0.4040144979953766,-0.08318234235048294,-0.16610848903656006,-0.43084341287612915,0.04393729194998741,-0.1716788411140442,-0.5678141713142395,-0.06532490998506546,-0.2876141667366028,-0.213271364569664,-0.24259285628795624,-0.1839577853679657,0.0444459542632103,-0.20347432792186737,0.041777338832616806,0.20906302332878113,-0.21046340465545654,C:/Users/ASUS/Downloads/3D_Human_Pose_NCKH/phase5_external_generalization/data/external_raw/Le2i/Coffee_room_02/Videos/video (57).avi,-1,-1,External
121,0.0005289372056722641,0.000962291844189167,-0.0013588335132226348,0.012088948860764503,0.050798673182725906,-0.12261225283145905,0.410110741853714,0.04211533069610596,-0.1391441524028778,0.4047517478466034,0.44987890124320984,-0.047058891505002975,-0.011934964917600155,-0.05583459883928299,0.12488026916980743,0.32881584763526917,-0.18832188844680786,0.13739635050296783,0.3344659209251404,0.1502690315246582,0.28538021445274353,-0.1763107031583786,-0.15688394010066986,-0.09647641330957413,-0.27606797218322754,-0.3608975112438202,-0.21013189852237701,-0.26354920864105225,-0.3266248404979706,-0.28924432396888733,-0.17731425166130066,-0.49828630685806274,-0.294739693403244,-0.27436569333076477,-0.4039822220802307,-0.08415789157152176,-0.16693033277988434,-0.4332965016365051,0.04427722841501236,-0.1697429120540619,-0.5685936212539673,-0.0626293271780014,-0.2884763181209564,-0.2126827836036682,-0.24474669992923737,-0.18458662927150726,0.04514380544424057,-0.2033461183309555,0.04061107337474823,0.21126186847686768,-0.20802800357341766,C:/Users/ASUS/Downloads/3D_Human_Pose_NCKH/phase5_external_generalization/data/external_raw/Le2i/Coffee_room_02/Videos/video (57).avi,-1,-1,External
122,0.0005182456225156784,0.0009722546674311161,-0.0013438408495858312,0.011944558471441269,0.0500779002904892,-0.12186357378959656,0.40937820076942444,0.04168066382408142,-0.14146225154399872,0.4033918082714081,0.4490700662136078,-0.0493958555161953,-0.011676809750497341,-0.05510681867599487,0.12443283200263977,0.3282991349697113,-0.1890578716993332,0.13335654139518738,0.33632752299308777,0.15088926255702972,0.28352710604667664,-0.17675049602985382,-0.15663376450538635,-0.09614822268486023,-0.2761751413345337,-0.36091312766075134,-0.20967434346675873,-0.2636893093585968,-0.32599982619285583,-0.2878403961658478,-0.1778721958398819,-0.49755555391311646,-0.29329726099967957,-0.27445825934410095,-0.40273168683052063,-0.08344840258359909,-0.16732077300548553,-0.4301236569881439,0.04522355645895004,-0.1692458987236023,-0.5675627589225769,-0.06278485059738159,-0.28869494795799255,-0.21288181841373444,-0.2437235713005066,-0.18407078087329865,0.04447968304157257,-0.20063377916812897,0.04108963534235954,0.21140706539154053,-0.20362408459186554,C:/Users/ASUS/Downloads/3D_Human_Pose_NCKH/phase5_external_generalization/data/external_raw/Le2i/Coffee_room_02/Videos/video (57).avi,-1,-1,External
123,0.000522073358297348,0.0009757941588759422,-0.0013681501150131226,0.01256423071026802,0.05046268180012703,-0.12199756503105164,0.40929651260375977,0.040763210505247116,-0.13973093032836914,0.4032743573188782,0.44925832748413086,-0.05102713778614998,-0.01230351347476244,-0.05556358024477959,0.12466004490852356,0.3267585337162018,-0.19124609231948853,0.1330217570066452,0.33852437138557434,0.1479712873697281,0.28389716148376465,-0.17736561596393585,-0.15681330859661102,-0.09558041393756866,-0.2777576744556427,-0.36021125316619873,-0.21055270731449127,-0.2661615312099457,-0.3262583017349243,-0.2882497310638428,-0.17942093312740326,-0.49759408831596375,-0.29299578070640564,-0.27675318717956543,-0.40220552682876587,-0.08366049826145172,-0.16872194409370422,-0.4305068850517273,0.045609306544065475,-0.16760888695716858,-0.5687992572784424,-0.05661763623356819,-0.28990939259529114,-0.21260522305965424,-0.24550296366214752,-0.18472950160503387,0.044833846390247345,-0.19976545870304108,0.04055046662688255,0.21249008178710938,-0.1987128108739853,C:/Users/ASUS/Downloads/3D_Human_Pose_NCKH/phase5_external_generalization/data/external_raw/Le2i/Coffee_room_02/Videos/video (57).avi,-1,-1,External
124,0.0004790406674146652,0.0010101627558469772,-0.0013202017871662974,0.012704279273748398,0.049761898815631866,-0.1212865561246872,0.4086339473724365,0.03942132741212845,-0.1409085988998413,0.40222370624542236,0.4476628005504608,-0.053287528455257416,-0.012282821349799633,-0.054703086614608765,0.12423786520957947,0.32576969265937805,-0.19302533566951752,0.1288439780473709,0.3410203456878662,0.14700466394424438,0.2849220037460327,-0.17780141532421112,-0.1566767692565918,-0.09456168860197067,-0.2783956825733185,-0.36030784249305725,-0.20979270339012146,-0.26748189330101013,-0.3261219561100006,-0.2868918180465698,-0.18050335347652435,-0.49736541509628296,-0.29096564650535583,-0.2773509919643402,-0.40058717131614685,-0.08248857408761978,-0.16993260383605957,-0.42578408122062683,0.047483641654253006,-0.16729161143302917,-0.5674613118171692,-0.0513770692050457,-0.2903551757335663,-0.21338939666748047,-0.24451401829719543,-0.18451593816280365,0.04375431686639786,-0.19620727002620697,0.04165443405508995,0.21246924996376038,-0.19405525922775269,C:/Users/ASUS/Downloads/3D_Human_Pose_NCKH/phase5_external_generalization/data/external_raw/Le2i/Coffee_room_02/Videos/video (57).avi,-1,-1,External
125,0.0004682466387748718,0.0009946348145604134,-0.0013856146251782775,0.012390855699777603,0.049784399569034576,-0.12121550738811493,0.40805619955062866,0.03960740938782692,-0.13991037011146545,0.4021422564983368,0.44831618666648865,-0.052401699125766754,-0.012090272270143032,-0.054719261825084686,0.12402035295963287,0.32523879408836365,-0.1929442137479782,0.12789063155651093,0.3425343632698059,0.14696866273880005,0.28663501143455505,-0.17793868482112885,-0.15637879073619843,-0.09444088488817215,-0.2792373299598694,-0.3599857985973358,-0.21008987724781036,-0.2687360346317291,-0.3259511888027191,-0.2865654528141022,-0.1811717301607132,-0.4970385730266571,-0.2899704873561859,-0.2783983051776886,-0.4000195562839508,-0.08278180658817291,-0.1696528196334839,-0.4263100028038025,0.047647230327129364,-0.1651172637939453,-0.5678119659423828,-0.05026178061962128,-0.29081669449806213,-0.21361257135868073,-0.24524100124835968,-0.18467633426189423,0.04349934309720993,-0.19517697393894196,0.04129267856478691,0.21356377005577087,-0.19224153459072113,C:/Users/ASUS/Downloads/3D_Human_Pose_NCKH/phase5_external_generalization/data/external_raw/Le2i/Coffee_room_02/Videos/video (57).avi,-1,-1,External
126,0.0004533706232905388,0.0010156752541661263,-0.0013768203789368272,0.012792208231985569,0.04941783472895622,-0.12110535800457001,0.40797311067581177,0.038770340383052826,-0.1397993266582489,0.4015045166015625,0.44801756739616394,-0.052506182342767715,-0.012425594963133335,-0.05429314076900482,0.12406885623931885,0.3245696723461151,-0.19368378818035126,0.1272689402103424,0.3436853885650635,0.14673517644405365,0.2884979248046875,-0.17831821739673615,-0.15637512505054474,-0.09396965801715851,-0.280361533164978,-0.3599292039871216,-0.20979829132556915,-0.27011290192604065,-0.3261658847332001,-0.28548336029052734,-0.1822451502084732,-0.4969296455383301,-0.2887442409992218,-0.27965328097343445,-0.3989799916744232,-0.08235415071249008,-0.17002063989639282,-0.42342549562454224,0.04794798046350479,-0.1645384430885315,-0.5655589699745178,-0.050012413412332535,-0.29109784960746765,-0.2142026275396347,-0.24533018469810486,-0.18453232944011688,0.043242327868938446,-0.19401408731937408,0.041629549115896225,0.21360576152801514,-0.19091074168682098,C:/Users/ASUS/Downloads/3D_Human_Pose_NCKH/phase5_external_generalization/data/external_raw/Le2i/Coffee_room_02/Videos/video (57).avi,-1,-1,External
127,0.0005010990425944328,0.0009444821625947952,-0.0015181716298684478,0.013356219045817852,0.04993075504899025,-0.1220831573009491,0.40829795598983765,0.03954729437828064,-0.1367112398147583,0.40253347158432007,0.45094603300094604,-0.05035329982638359,-0.013233707286417484,-0.0550149530172348,0.12474986910820007,0.3244874179363251,-0.1926765888929367,0.13038380444049835,0.34468838572502136,0.14723838865756989,0.2891298830509186,-0.17850758135318756,-0.15677791833877563,-0.09394153207540512,-0.2817205786705017,-0.3595171272754669,-0.2107308954000473,-0.27175596356391907,-0.32709434628486633,-0.2859724760055542,-0.18326635658740997,-0.4974495470523834,-0.28904175758361816,-0.28189584612846375,-0.3993610441684723,-0.08326476812362671,-0.17002108693122864,-0.4245448708534241,0.046695441007614136,-0.16342449188232422,-0.5645329356193542,-0.05132449418306351,-0.29181429743766785,-0.21447782218456268,-0.24792662262916565,-0.18535730242729187,0.044076211750507355,-0.19731156527996063,0.04043629392981529,0.21445828676223755,-0.19320683181285858,C:/Users/ASUS/Downloads/3D_Human_Pose_NCKH/phase5_external_generalization/data/external_raw/Le2i/Coffee_room_02/Videos/video (57).avi,-1,-1,External
128,0.00046973954886198044,0.000966719351708889,-0.001536476076580584,0.014258388429880142,0.05012550950050354,-0.12253209948539734,0.4086206257343292,0.03873474895954132,-0.1348080039024353,0.4024001657962799,0.4511127769947052,-0.049830853939056396,-0.014093729667365551,-0.05506206676363945,0.12515179812908173,0.3237590491771698,-0.19344453513622284,0.13209478557109833,0.3456314504146576,0.14600855112075806,0.2902819514274597,-0.1786118596792221,-0.15718519687652588,-0.09359550476074219,-0.28303295373916626,-0.35938239097595215,-0.21119333803653717,-0.2735402286052704,-0.32796090841293335,-0.2859804034233093,-0.18446588516235352,-0.4978035092353821,-0.28884705901145935,-0.2837756872177124,-0.39869797229766846,-0.08365841954946518,-0.17030003666877747,-0.42061740159988403,0.045452844351530075,-0.1632334589958191,-0.5607321858406067,-0.05196796730160713,-0.2922219932079315,-0.21506725251674652,-0.2496456354856491,-0.18581728637218475,0.044364653527736664,-0.1985292285680771,0.04016512259840965,0.2141866385936737,-0.19419392943382263,C:/Users/ASUS/Downloads/3D_Human_Pose_NCKH/phase5_external_generalization/data/external_raw/Le2i/Coffee_room_02/Videos/video (57).avi,-1,-1,External
129,0.0005062529817223549,0.0009151063859462738,-0.0016259948024526238,0.014497347176074982,0.05005994439125061,-0.12323957681655884,0.4088560938835144,0.03934696316719055,-0.13434642553329468,0.40319451689720154,0.45333123207092285,-0.04879213497042656,-0.014465357176959515,-0.05514207109808922,0.12573125958442688,0.3241634666919708,-0.19226135313510895,0.13351301848888397,0.34537237882614136,0.1480344533920288,0.2886587083339691,-0.17889921367168427,-0.15721970796585083,-0.09343493729829788,-0.2835441827774048,-0.35904327034950256,-0.21097451448440552,-0.2739901840686798,-0.3278566300868988,-0.28530359268188477,-0.18490634858608246,-0.4973796010017395,-0.2886088788509369,-0.2848566472530365,-0.39792630076408386,-0.08346638828516006,-0.17131489515304565,-0.4181354343891144,0.04614030942320824,-0.16417434811592102,-0.5572066307067871,-0.05479827895760536,-0.29225102066993713,-0.21497516334056854,-0.24998219311237335,-0.18537190556526184,0.044935233891010284,-0.19913719594478607,0.04002835974097252,0.21492673456668854,-0.1960935741662979,C:/Users/ASUS/Downloads/3D_Human_Pose_NCKH/phase5_external_generalization/data/external_raw/Le2i/Coffee_room_02/Videos/video (57).avi,-1,-1,External
130,0.0005138497799634933,0.0009391852654516697,-0.0015630372799932957,0.015138013288378716,0.0497080497443676,-0.12367409467697144,0.40954843163490295,0.038942597806453705,-0.13436093926429749,0.40371888875961304,0.45306292176246643,-0.048297252506017685,-0.015087052248418331,-0.05464828014373779,0.1260962188243866,0.3239528238773346,-0.19218136370182037,0.13561727106571198,0.34472453594207764,0.14806243777275085,0.2886347472667694,-0.1792065054178238,-0.15710297226905823,-0.09334416687488556,-0.28406602144241333,-0.35887429118156433,-0.21041320264339447,-0.27456578612327576,-0.32765713334083557,-0.28440457582473755,-0.18556977808475494,-0.49675336480140686,-0.28808072209358215,-0.2858361601829529,-0.3967016935348511,-0.08301404863595963,-0.17234298586845398,-0.41324687004089355,0.04699330776929855,-0.16554343700408936,-0.5532588958740234,-0.05672759190201759,-0.29182589054107666,-0.21507857739925385,-0.24970945715904236,-0.18413084745407104,0.04459131509065628,-0.1988489180803299,0.04057731479406357,0.21448276937007904,-0.19712230563163757,C:/Users/ASUS/Downloads/3D_Human_Pose_NCKH/phase5_external_generalization/data/external_raw/Le2i/Coffee_room_02/Videos/video (57).avi,-1,-1,External
131,0.0005537057295441628,0.0009327302686870098,-0.0016185232670977712,0.016214119270443916,0.04968896508216858,-0.12413357198238373,0.4101041555404663,0.038672395050525665,-0.13084256649017334,0.4041084945201874,0.453585147857666,-0.04516327381134033,-0.016109641641378403,-0.05470438301563263,0.1266581118106842,0.3244803845882416,-0.19141454994678497,0.141604483127594,0.34525972604751587,0.14810150861740112,0.29273590445518494,-0.1792767196893692,-0.15720200538635254,-0.0934341624379158,-0.2846774458885193,-0.35870498418807983,-0.2106880098581314,-0.2752230763435364,-0.3278892934322357,-0.28420329093933105,-0.1859513372182846,-0.49688082933425903,-0.28848037123680115,-0.28722938895225525,-0.39604946970939636,-0.08349313586950302,-0.17294594645500183,-0.4110184609889984,0.046316251158714294,-0.16690793633460999,-0.5488516688346863,-0.05919812247157097,-0.2910936772823334,-0.21481366455554962,-0.25065332651138306,-0.18285994231700897,0.044892244040966034,-0.19933579862117767,0.0412476621568203,0.21373407542705536,-0.19849833846092224,C:/Users/ASUS/Downloads/3D_Human_Pose_NCKH/phase5_external_generalization/data/external_raw/Le2i/Coffee_room_02/Videos/video (57).avi,-1,-1,External
132,0.0005658958107233047,0.0009572356939315796,-0.001613255008123815,0.016595877707004547,0.04940706118941307,-0.12426038086414337,0.409936785697937,0.03788726404309273,-0.13011428713798523,0.4033583402633667,0.4534766674041748,-0.045176733285188675,-0.016349714249372482,-0.05429818853735924,0.1268899142742157,0.32459214329719543,-0.19182592630386353,0.14122235774993896,0.3455340564250946,0.1478252410888672,0.292246013879776,-0.1794426292181015,-0.15744571387767792,-0.09266633540391922,-0.2850571870803833,-0.3588564991950989,-0.2104068398475647,-0.27588513493537903,-0.32799723744392395,-0.28369057178497314,-0.18639583885669708,-0.4965660274028778,-0.28863325715065,-0.28768792748451233,-0.39467599987983704,-0.08297979086637497,-0.1729067862033844,-0.40517961978912354,0.04692266881465912,-0.16729611158370972,-0.5446391105651855,-0.05733126029372215,-0.2909248471260071,-0.2158774882555008,-0.2510545253753662,-0.18277855217456818,0.044399529695510864,-0.198868528008461,0.041496362537145615,0.21277287602424622,-0.19974590837955475,C:/Users/ASUS/Downloads/3D_Human_Pose_NCKH/phase5_external_generalization/data/external_raw/Le2i/Coffee_room_02/Videos/video (57).avi,-1,-1,External
133,0.00041183456778526306,0.0009987964294850826,-0.0015555073041468859,0.017886828631162643,0.0486244335770607,-0.12386101484298706,0.410680890083313,0.03467424586415291,-0.12954972684383392,0.4025433659553528,0.449992835521698,-0.045550066977739334,-0.01738245040178299,-0.05303279310464859,0.12680253386497498,0.323836088180542,-0.19523926079273224,0.14176777005195618,0.34544965624809265,0.14427772164344788,0.2948378622531891,-0.179930180311203,-0.15745247900485992,-0.0917142778635025,-0.28619614243507385,-0.3591441214084625,-0.20903730392456055,-0.2774733006954193,-0.328124076128006,-0.28247731924057007,-0.18748189508914948,-0.4965360760688782,-0.2873283922672272,-0.28890734910964966,-0.39245545864105225,-0.08138974756002426,-0.17527322471141815,-0.3938876688480377,0.04757991060614586,-0.1714983582496643,-0.5355071425437927,-0.05521940812468529,-0.2905888855457306,-0.21670016646385193,-0.24978786706924438,-0.1823524832725525,0.04331396520137787,-0.19635052978992462,0.04393421858549118,0.2108466774225235,-0.1983313113451004,C:/Users/ASUS/Downloads/3D_Human_Pose_NCKH/phase5_external_generalization/data/external_raw/Le2i/Coffee_room_02/Videos/video (57).avi,-1,-1,External
134,0.000486934557557106,0.000992272049188614,-0.001570389256812632,0.01793888956308365,0.04897391423583031,-0.12449674308300018,0.411087304353714,0.03559429198503494,-0.12701135873794556,0.40339234471321106,0.4518839716911316,-0.04313816875219345,-0.017582517117261887,-0.05347706377506256,0.1271175891160965,0.32417890429496765,-0.19396860897541046,0.14504224061965942,0.34420639276504517,0.14441820979118347,0.2945272922515869,-0.18008680641651154,-0.15739202499389648,-0.09184644371271133,-0.2867361009120941,-0.35908249020576477,-0.20937184989452362,-0.27789485454559326,-0.3280382454395294,-0.28265562653541565,-0.18755093216896057,-0.4961511194705963,-0.2876683175563812,-0.29016759991645813,-0.39289170503616333,-0.08153676241636276,-0.17512506246566772,-0.3944834768772125,0.04741794615983963,-0.17090162634849548,-0.5372002720832825,-0.0556500181555748,-0.29053232073783875,-0.21706506609916687,-0.2511937618255615,-0.18231602013111115,0.04335624724626541,-0.19758707284927368,0.04269672930240631,0.2110997885465622,-0.20111839473247528,C:/Users/ASUS/Downloads/3D_Human_Pose_NCKH/phase5_external_generalization/data/external_raw/Le2i/Coffee_room_02/Videos/video (57).avi,-1,-1,External
135,0.00045662280172109604,0.0010162335820496082,-0.001544291153550148,0.017861338332295418,0.048833224922418594,-0.1249060183763504,0.4117063879966736,0.03590771555900574,-0.1265919804573059,0.4037463963031769,0.4529312551021576,-0.042510613799095154,-0.017606250941753387,-0.05336962640285492,0.1275089830160141,0.32527753710746765,-0.19336505234241486,0.145325168967247,0.34279608726501465,0.14551663398742676,0.29236334562301636,-0.18043681979179382,-0.1575080156326294,-0.09170733392238617,-0.28699180483818054,-0.35976749658584595,-0.20848733186721802,-0.27756351232528687,-0.3287007808685303,-0.2811945974826813,-0.18747398257255554,-0.49636539816856384,-0.28709158301353455,-0.2906075119972229,-0.3929974138736725,-0.08044808357954025,-0.17552345991134644,-0.39127808809280396,0.04848182201385498,-0.17133061587810516,-0.5348718762397766,-0.05722259357571602,-0.2902480661869049,-0.21830050647258759,-0.2506903409957886,-0.1820991188287735,0.04269254952669144,-0.19757553935050964,0.042438048869371414,0.21047396957874298,-0.20346508920192719,C:/Users/ASUS/Downloads/3D_Human_Pose_NCKH/phase5_external_generalization/data/external_raw/Le2i/Coffee_room_02/Videos/video (57).avi,-1,-1,External
136,0.0004609636962413788,0.0010120454244315624,-0.0014786780811846256,0.01850568875670433,0.048580389469861984,-0.12508037686347961,0.4126388728618622,0.035474225878715515,-0.12388621270656586,0.40465858578681946,0.4528220593929291,-0.040092796087265015,-0.01823468878865242,-0.05313759669661522,0.12780919671058655,0.3261008560657501,-0.19353453814983368,0.14977110922336578,0.3403705358505249,0.14568257331848145,0.2939332127571106,-0.1810372918844223,-0.15738201141357422,-0.09204636514186859,-0.28732001781463623,-0.360157310962677,-0.20764081180095673,-0.27747032046318054,-0.3288228511810303,-0.2798484265804291,-0.18726643919944763,-0.4963991343975067,-0.2863270044326782,-0.29135826230049133,-0.39263811707496643,-0.07962677627801895,-0.1768922358751297,-0.3872135877609253,0.048853129148483276,-0.17333796620368958,-0.5306175351142883,-0.05904644355177879,-0.28970009088516235,-0.2187073826789856,-0.24964390695095062,-0.18105818331241608,0.042200081050395966,-0.1966935694217682,0.04305249825119972,0.20944510400295258,-0.2056397944688797,C:/Users/ASUS/Downloads/3D_Human_Pose_NCKH/phase5_external_generalization/data/external_raw/Le2i/Coffee_room_02/Videos/video (57).avi,-1,-1,External
137,0.0004739128053188324,0.0010088533163070679,-0.001482734689489007,0.018862031400203705,0.048449479043483734,-0.12510454654693604,0.41334372758865356,0.03539884090423584,-0.12132133543491364,0.4057787358760834,0.4529997408390045,-0.03714583441615105,-0.01858270913362503,-0.05310587212443352,0.1279929131269455,0.32754042744636536,-0.19308066368103027,0.1543733775615692,0.3379405438899994,0.14625999331474304,0.29600176215171814,-0.18180085718631744,-0.1570889949798584,-0.0925980880856514,-0.28749561309814453,-0.3603028655052185,-0.20723770558834076,-0.2772650420665741,-0.3283713757991791,-0.2789785861968994,-0.18687625229358673,-0.496134489774704,-0.2860262393951416,-0.29182252287864685,-0.39226439595222473,-0.07914090901613235,-0.1781071573495865,-0.3834347724914551,0.048863161355257034,-0.1757163107395172,-0.5267278552055359,-0.05965913459658623,-0.28928694128990173,-0.21873344480991364,-0.24891003966331482,-0.18028460443019867,0.04224608838558197,-0.1966695487499237,0.04357564076781273,0.20921707153320312,-0.2079702615737915,C:/Users/ASUS/Downloads/3D_Human_Pose_NCKH/phase5_external_generalization/data/external_raw/Le2i/Coffee_room_02/Videos/video (57).avi,-1,-1,External
138,0.0004503373056650162,0.0010415357537567616,-0.0014593250816687942,0.019636718556284904,0.04882657527923584,-0.12511654198169708,0.414286732673645,0.035367682576179504,-0.11426252126693726,0.4073318541049957,0.4522208869457245,-0.030318107455968857,-0.019399717450141907,-0.0535539910197258,0.12804223597049713,0.3283346891403198,-0.19292496144771576,0.16590949892997742,0.3347005844116211,0.14422652125358582,0.3049212694168091,-0.18260933458805084,-0.15653127431869507,-0.09402039647102356,-0.28822076320648193,-0.3598909378051758,-0.2087731510400772,-0.27762407064437866,-0.3273847997188568,-0.2802935838699341,-0.18658243119716644,-0.495530366897583,-0.286926805973053,-0.2930086553096771,-0.39233002066612244,-0.08042853325605392,-0.18027645349502563,-0.3809627890586853,0.04664133861660957,-0.17953142523765564,-0.5242951512336731,-0.05895353853702545,-0.2894282639026642,-0.2180945724248886,-0.2500869035720825,-0.17962457239627838,0.04321819543838501,-0.19922763109207153,0.04451620951294899,0.20911528170108795,-0.21276189386844635,C:/Users/ASUS/Downloads/3D_Human_Pose_NCKH/phase5_external_generalization/data/external_raw/Le2i/Coffee_room_02/Videos/video (57).avi,-1,-1,External
139,0.000523202121257782,0.001059030182659626,-0.0014288899255916476,0.019597020000219345,0.049477655440568924,-0.12529850006103516,0.4145563244819641,0.03674501180648804,-0.11021381616592407,0.4092799723148346,0.4528779089450836,-0.02472880855202675,-0.01945723220705986,-0.05423497036099434,0.1278882920742035,0.329702764749527,-0.19094087183475494,0.17414408922195435,0.3317011892795563,0.14486736059188843,0.3100966215133667,-0.18273966014385223,-0.15621289610862732,-0.09546659886837006,-0.2882944941520691,-0.3600473701953888,-0.2098260223865509,-0.27709001302719116,-0.3272000849246979,-0.280950129032135,-0.18593119084835052,-0.4956604540348053,-0.28731343150138855,-0.2935424745082855,-0.3939037621021271,-0.08200804889202118,-0.18071067333221436,-0.38256657123565674,0.04385462403297424,-0.18155193328857422,-0.5258808732032776,-0.06112097576260567,-0.28945961594581604,-0.21783266961574554,-0.25087040662765503,-0.17970223724842072,0.04408182203769684,-0.2022228091955185,0.04400964826345444,0.2093254178762436,-0.2178838849067688,C:/Users/ASUS/Downloads/3D_Human_Pose_NCKH/phase5_external_generalization/data/external_raw/Le2i/Coffee_room_02/Videos/video (57).avi,-1,-1,External
140,0.0005434984341263771,0.001063202042132616,-0.0014418244827538729,0.019753672182559967,0.04999249801039696,-0.12535034120082855,0.41455912590026855,0.03722846135497093,-0.10676851868629456,0.4105209410190582,0.45210614800453186,-0.019603382796049118,-0.01967284455895424,-0.05480196699500084,0.12781649827957153,0.33045312762260437,-0.1894284039735794,0.18055981397628784,0.32961079478263855,0.1449854075908661,0.3155244290828705,-0.18269158899784088,-0.1560080647468567,-0.09659646451473236,-0.28813350200653076,-0.3600292205810547,-0.21082188189029694,-0.2766367495059967,-0.3269351124763489,-0.2821487486362457,-0.18539100885391235,-0.4954608976840973,-0.2878320515155792,-0.2934804856777191,-0.3950217068195343,-0.08334358036518097,-0.18030941486358643,-0.3837711215019226,0.04135764762759209,-0.18316195905208588,-0.5268970131874084,-0.06256993114948273,-0.289421409368515,-0.21760603785514832,-0.2514052093029022,-0.17968572676181793,0.04514332115650177,-0.20444968342781067,0.04402772709727287,0.20906931161880493,-0.22129400074481964,C:/Users/ASUS/Downloads/3D_Human_Pose_NCKH/phase5_external_generalization/data/external_raw/Le2i/Coffee_room_02/Videos/video (57).avi,-1,-1,External
141,0.0004979567602276802,0.0010472862049937248,-0.0013994555920362473,0.019541818648576736,0.049543507397174835,-0.12494988739490509,0.4141573905944824,0.036382343620061874,-0.1112268716096878,0.4099225103855133,0.4505635201931,-0.02144007384777069,-0.019392631947994232,-0.054213590919971466,0.12750044465065002,0.3311092257499695,-0.1887669712305069,0.17514048516750336,0.3291727900505066,0.14711764454841614,0.3128495216369629,-0.18230091035366058,-0.1563873142004013,-0.09631767123937607,-0.28708890080451965,-0.3614402413368225,-0.2088831216096878,-0.2751183807849884,-0.3282713294029236,-0.28032633662223816,-0.1846780627965927,-0.4964662790298462,-0.28633978962898254,-0.291982501745224,-0.3958384096622467,-0.08203699439764023,-0.1790933907032013,-0.3823700547218323,0.04251280426979065,-0.18367278575897217,-0.5266233086585999,-0.06573069095611572,-0.2884020209312439,-0.2189755141735077,-0.24869780242443085,-0.179243803024292,0.0439753457903862,-0.20293788611888885,0.04476131871342659,0.20760594308376312,-0.21959255635738373,C:/Users/ASUS/Downloads/3D_Human_Pose_NCKH/phase5_external_generalization/data/external_raw/Le2i/Coffee_room_02/Videos/video (57).avi,-1,-1,External
142,0.0005574952811002731,0.0009881006553769112,-0.0014495833311229944,0.018816929310560226,0.04980625957250595,-0.12503144145011902,0.41347014904022217,0.037980832159519196,-0.11344237625598907,0.4111940562725067,0.45162954926490784,-0.02010931819677353,-0.018848758190870285,-0.05467537045478821,0.1273113638162613,0.3324667513370514,-0.18528395891189575,0.17387643456459045,0.3289151191711426,0.15116244554519653,0.3120746314525604,-0.18148328363895416,-0.15665853023529053,-0.09714863449335098,-0.2859625220298767,-0.362432599067688,-0.2082797735929489,-0.2733363211154938,-0.32939612865448,-0.2794904112815857,-0.18362711369991302,-0.4974060654640198,-0.28518953919410706,-0.29085198044776917,-0.39818480610847473,-0.0827890932559967,-0.17718914151191711,-0.3877941370010376,0.0408528633415699,-0.18338027596473694,-0.5311627984046936,-0.07385872304439545,-0.28780385851860046,-0.2195015698671341,-0.24742017686367035,-0.17890538275241852,0.044477738440036774,-0.20462366938591003,0.04461996629834175,0.20787915587425232,-0.2209201604127884,C:/Users/ASUS/Downloads/3D_Human_Pose_NCKH/phase5_external_generalization/data/external_raw/Le2i/Coffee_room_02/Videos/video (57).avi,-1,-1,External
143,0.00048247072845697403,0.0009904508478939533,-0.0013941494980826974,0.01793145015835762,0.04922054335474968,-0.12443359196186066,0.4124922454357147,0.03767560422420502,-0.12133669853210449,0.4109880030155182,0.44991880655288696,-0.024584997445344925,-0.01796785742044449,-0.05390724539756775,0.1265939176082611,0.333266943693161,-0.18393078446388245,0.16342896223068237,0.3299543559551239,0.15449164807796478,0.30730709433555603,-0.18059492111206055,-0.15692941844463348,-0.09692404419183731,-0.2843766212463379,-0.36361560225486755,-0.2059917002916336,-0.2712385654449463,-0.33098849654197693,-0.2766547203063965,-0.18314029276371002,-0.49826285243034363,-0.282854288816452,-0.2887960374355316,-0.3990905284881592,-0.08135487884283066,-0.17530885338783264,-0.3887454867362976,0.042810309678316116,-0.18114441633224487,-0.5333380103111267,-0.0793505311012268,-0.2866305410861969,-0.22093519568443298,-0.24404409527778625,-0.17819619178771973,0.04322250932455063,-0.20259757339954376,0.04493045434355736,0.20725098252296448,-0.21713517606258392,C:/Users/ASUS/Downloads/3D_Human_Pose_NCKH/phase5_external_generalization/data/external_raw/Le2i/Coffee_room_02/Videos/video (57).avi,-1,-1,External
144,0.0004450790584087372,0.0010121599771082401,-0.0013225357979536057,0.016761332750320435,0.04828909784555435,-0.12399664521217346,0.4119635224342346,0.036671753972768784,-0.13212254643440247,0.4105513393878937,0.4487454295158386,-0.03440961241722107,-0.01679527387022972,-0.0528237521648407,0.12612128257751465,0.3334204852581024,-0.18387232720851898,0.14681869745254517,0.331485390663147,0.15830929577350616,0.2946225106716156,-0.17989550530910492,-0.15786097943782806,-0.0953996405005455,-0.28361451625823975,-0.365301251411438,-0.20275083184242249,-0.2698580324649811,-0.3331763744354248,-0.2730953097343445,-0.18355751037597656,-0.4998011589050293,-0.2800692617893219,-0.28755873441696167,-0.40045982599258423,-0.07796218246221542,-0.17310433089733124,-0.3916469216346741,0.04822489619255066,-0.17583903670310974,-0.5378512144088745,-0.0790320634841919,-0.286378413438797,-0.22332751750946045,-0.2402908205986023,-0.1797429770231247,0.04087836295366287,-0.19778059422969818,0.042580608278512955,0.20721149444580078,-0.21056707203388214,C:/Users/ASUS/Downloads/3D_Human_Pose_NCKH/phase5_external_generalization/data/external_raw/Le2i/Coffee_room_02/Videos/video (57).avi,-1,-1,External
145,0.0004688482731580734,0.000986599363386631,-0.0012656686594709754,0.015670478343963623,0.04673689603805542,-0.12282581627368927,0.4101670980453491,0.035448405891656876,-0.14175114035606384,0.4088304042816162,0.44690537452697754,-0.04347056895494461,-0.015432932414114475,-0.05117299035191536,0.1252596229314804,0.33346423506736755,-0.18367381393909454,0.13020385801792145,0.3337838649749756,0.1637575477361679,0.28582999110221863,-0.17945830523967743,-0.15847550332546234,-0.09422994405031204,-0.2829456329345703,-0.3666064739227295,-0.20046250522136688,-0.26911264657974243,-0.3344781696796417,-0.26995396614074707,-0.18418799340724945,-0.501097559928894,-0.2776740491390228,-0.2859121561050415,-0.399684339761734,-0.07534118741750717,-0.17127695679664612,-0.3886520266532898,0.05123771354556084,-0.17137901484966278,-0.5404431819915771,-0.0765022337436676,-0.2868327796459198,-0.2258286327123642,-0.23699060082435608,-0.18190160393714905,0.038465023040771484,-0.19276267290115356,0.04104838892817497,0.20685479044914246,-0.20452246069908142,C:/Users/ASUS/Downloads/3D_Human_Pose_NCKH/phase5_external_generalization/data/external_raw/Le2i/Coffee_room_02/Videos/video (57).avi,-1,-1,External
146,0.000435706228017807,0.0009691030718386173,-0.0013057178584858775,0.01478874497115612,0.04636719077825546,-0.12206532061100006,0.4083229899406433,0.035821862518787384,-0.1437421441078186,0.4091188311576843,0.44649964570999146,-0.04219837114214897,-0.01451361645013094,-0.05073712766170502,0.12429027259349823,0.33314773440361023,-0.18199510872364044,0.12525805830955505,0.33402448892593384,0.16666777431964874,0.28918206691741943,-0.1786099225282669,-0.15817424654960632,-0.09550431370735168,-0.2825847268104553,-0.36660853028297424,-0.20090341567993164,-0.2691260278224945,-0.33479052782058716,-0.26925116777420044,-0.18446612358093262,-0.5015962719917297,-0.2758661210536957,-0.2853538691997528,-0.3996899425983429,-0.07569269090890884,-0.17083001136779785,-0.39016538858413696,0.049794021993875504,-0.16973085701465607,-0.5438916087150574,-0.07725340127944946,-0.2873459458351135,-0.2264881581068039,-0.23663794994354248,-0.18264901638031006,0.03822294622659683,-0.19316376745700836,0.04052445665001869,0.2071307897567749,-0.20507343113422394,C:/Users/ASUS/Downloads/3D_Human_Pose_NCKH/phase5_external_generalization/data/external_raw/Le2i/Coffee_room_02/Videos/video (57).avi,-1,-1,External
147,0.0004710555076599121,0.0009698895737528801,-0.001346274046227336,0.014663626439869404,0.046508729457855225,-0.12163923680782318,0.40777015686035156,0.036287445574998856,-0.1411246359348297,0.40986743569374084,0.44785985350608826,-0.03950321674346924,-0.014395452104508877,-0.05097462236881256,0.12392792105674744,0.33159545063972473,-0.18128104507923126,0.1246713325381279,0.33267736434936523,0.16803890466690063,0.2931731939315796,-0.17813552916049957,-0.15838855504989624,-0.09660497307777405,-0.2829543650150299,-0.3663939833641052,-0.20209276676177979,-0.26987066864967346,-0.3352806568145752,-0.269463449716568,-0.1848098784685135,-0.5019994378089905,-0.2756780982017517,-0.28604915738105774,-0.39951029419898987,-0.07647955417633057,-0.17146407067775726,-0.3943207263946533,0.04889007285237312,-0.16838590800762177,-0.5462478399276733,-0.07371492683887482,-0.28757408261299133,-0.22679679095745087,-0.23799490928649902,-0.18273687362670898,0.03789759427309036,-0.1948736608028412,0.038913581520318985,0.20664937794208527,-0.2090395838022232,C:/Users/ASUS/Downloads/3D_Human_Pose_NCKH/phase5_external_generalization/data/external_raw/Le2i/Coffee_room_02/Videos/video (57).avi,-1,-1,External
148,0.00045854877680540085,0.000966082327067852,-0.0013693112414330244,0.014061500318348408,0.04640305042266846,-0.12080879509449005,0.40659084916114807,0.036941930651664734,-0.13948756456375122,0.41059041023254395,0.44872143864631653,-0.03601035848259926,-0.013804769143462181,-0.050854042172431946,0.12305547297000885,0.330662339925766,-0.18034738302230835,0.12267468869686127,0.3319970965385437,0.1687985062599182,0.29642775654792786,-0.17757676541805267,-0.15831701457500458,-0.0981239527463913,-0.28350910544395447,-0.36589720845222473,-0.2034524530172348,-0.27099859714508057,-0.3355216085910797,-0.2693491280078888,-0.18524141609668732,-0.5019350051879883,-0.2747417092323303,-0.286348819732666,-0.3987867534160614,-0.07774702459573746,-0.17169597744941711,-0.39666295051574707,0.04678851738572121,-0.16814659535884857,-0.5491352081298828,-0.07220132648944855,-0.2883310317993164,-0.22707054018974304,-0.23916849493980408,-0.1830742210149765,0.037976622581481934,-0.19699470698833466,0.037766024470329285,0.20649497210979462,-0.21336030960083008,C:/Users/ASUS/Downloads/3D_Human_Pose_NCKH/phase5_external_generalization/data/external_raw/Le2i/Coffee_room_02/Videos/video (57).avi,-1,-1,External
149,0.0004935804754495621,0.0009251460433006287,-0.0014234978007152677,0.013222496025264263,0.04673115909099579,-0.12013863027095795,0.405720978975296,0.038677383214235306,-0.13669916987419128,0.4123743176460266,0.45058032870292664,-0.03061448410153389,-0.01314039621502161,-0.051273614168167114,0.12211057543754578,0.3295969069004059,-0.17834784090518951,0.1224832758307457,0.3315902352333069,0.16944412887096405,0.3001191020011902,-0.17692646384239197,-0.15811271965503693,-0.09973517060279846,-0.2840847373008728,-0.36512285470962524,-0.2046903669834137,-0.27231302857398987,-0.33534738421440125,-0.2696969509124756,-0.18559803068637848,-0.5016021132469177,-0.27395209670066833,-0.2868516445159912,-0.39879003167152405,-0.0789361521601677,-0.17242318391799927,-0.4022510051727295,0.04622507095336914,-0.16785664856433868,-0.5545706748962402,-0.06922625005245209,-0.2891120910644531,-0.22685155272483826,-0.2403782159090042,-0.18325696885585785,0.03822093456983566,-0.20019306242465973,0.03577939048409462,0.20702655613422394,-0.21819032728672028,C:/Users/ASUS/Downloads/3D_Human_Pose_NCKH/phase5_external_generalization/data/external_raw/Le2i/Coffee_room_02/Videos/video (57).avi,-1,-1,External
150,0.0005092080682516098,0.0009025810286402702,-0.0014964011497795582,0.012708541937172413,0.04668488726019859,-0.11918596923351288,0.4045926630496979,0.03875940665602684,-0.13235774636268616,0.41257449984550476,0.45082852244377136,-0.024093087762594223,-0.012622605077922344,-0.05137275159358978,0.12136495113372803,0.32855984568595886,-0.17736436426639557,0.12224375456571579,0.33345720171928406,0.16834503412246704,0.3075345754623413,-0.1764552742242813,-0.1581180840730667,-0.09946972131729126,-0.2851831912994385,-0.36459600925445557,-0.20500503480434418,-0.27456918358802795,-0.33472856879234314,-0.26923781633377075,-0.18624748289585114,-0.5012482404708862,-0.27312853932380676,-0.28725922107696533,-0.39756831526756287,-0.07747656852006912,-0.17372506856918335,-0.40602561831474304,0.05250786244869232,-0.1683039516210556,-0.5593515634536743,-0.06096480414271355,-0.29002848267555237,-0.2270716279745102,-0.24042686820030212,-0.18372096121311188,0.036769770085811615,-0.19873712956905365,0.032792773097753525,0.20625244081020355,-0.21726791560649872,C:/Users/ASUS/Downloads/3D_Human_Pose_NCKH/phase5_external_generalization/data/external_raw/Le2i/Coffee_room_02/Videos/video (57).avi,-1,-1,External
151,0.0004779249429702759,0.0008464688435196877,-0.001734098419547081,0.011946610175073147,0.04815972223877907,-0.11864928901195526,0.40145933628082275,0.039276815950870514,-0.11950261890888214,0.41184577345848083,0.4466523230075836,-0.007669136859476566,-0.012058638967573643,-0.05286506563425064,0.12060225009918213,0.32701510190963745,-0.17926354706287384,0.1302061378955841,0.33509206771850586,0.16454409062862396,0.321611613035202,-0.17611870169639587,-0.15689828991889954,-0.0988912433385849,-0.28753286600112915,-0.3626931309700012,-0.20535452663898468,-0.28048232197761536,-0.3325904905796051,-0.26858264207839966,-0.18733026087284088,-0.5005139708518982,-0.27217721939086914,-0.28869107365608215,-0.39653700590133667,-0.07409326732158661,-0.17744490504264832,-0.41352981328964233,0.07316364347934723,-0.17143778502941132,-0.5690714120864868,-0.03281550109386444,-0.2920849621295929,-0.2266242802143097,-0.2399301677942276,-0.18356020748615265,0.033719390630722046,-0.19970481097698212,0.02832634188234806,0.20474743843078613,-0.2151719480752945,C:/Users/ASUS/Downloads/3D_Human_Pose_NCKH/phase5_external_generalization/data/external_raw/Le2i/Coffee_room_02/Videos/video (57).avi,-1,-1,External
152,0.0004774508997797966,0.0008367858827114105,-0.0020273681730031967,0.012081143446266651,0.04979955032467842,-0.11766336858272552,0.39726388454437256,0.03785448521375656,-0.11482888460159302,0.411796897649765,0.4364568889141083,0.006177063100039959,-0.012035372667014599,-0.05458519980311394,0.11988072097301483,0.3245604336261749,-0.18309198319911957,0.1302322894334793,0.3396054208278656,0.15878921747207642,0.32877403497695923,-0.17472399771213531,-0.1551607996225357,-0.09944793581962585,-0.28998667001724243,-0.3607552647590637,-0.20557473599910736,-0.28707361221313477,-0.32964983582496643,-0.26893043518066406,-0.18906709551811218,-0.49953901767730713,-0.2705515921115875,-0.2903478443622589,-0.3957575857639313,-0.07364790141582489,-0.17657870054244995,-0.4204699397087097,0.08699548989534378,-0.17468468844890594,-0.5775461792945862,0.0028371214866638184,-0.2931571900844574,-0.22764964401721954,-0.23963221907615662,-0.18340925872325897,0.029219692572951317,-0.20009548962116241,0.026679472997784615,0.20213176310062408,-0.21132557094097137,C:/Users/ASUS/Downloads/3D_Human_Pose_NCKH/phase5_external_generalization/data/external_raw/Le2i/Coffee_room_02/Videos/video (57).avi,-1,-1,External
153,0.0004822658374905586,0.0008288458921015263,-0.002160675125196576,0.012185707688331604,0.049819670617580414,-0.11585311591625214,0.3935756981372833,0.035674598067998886,-0.11666056513786316,0.4105120003223419,0.42781177163124084,0.0089584244415164,-0.011772320605814457,-0.054874487221241,0.11856688559055328,0.32125934958457947,-0.18418139219284058,0.12288103997707367,0.34630346298217773,0.15412366390228271,0.3336077630519867,-0.17317239940166473,-0.15351028740406036,-0.0997275859117508,-0.29194146394729614,-0.3581635653972626,-0.20612221956253052,-0.29100504517555237,-0.325222909450531,-0.27011364698410034,-0.19000698626041412,-0.4956517219543457,-0.27021417021751404,-0.29106298089027405,-0.3935128450393677,-0.07287996262311935,-0.17408135533332825,-0.42338886857032776,0.0952344760298729,-0.1728585660457611,-0.5818144679069519,0.02743442729115486,-0.2936100363731384,-0.22914943099021912,-0.23942817747592926,-0.18461491167545319,0.026017649099230766,-0.1984153389930725,0.02439950220286846,0.20073945820331573,-0.20666544139385223,C:/Users/ASUS/Downloads/3D_Human_Pose_NCKH/phase5_external_generalization/data/external_raw/Le2i/Coffee_room_02/Videos/video (57).avi,-1,-1,External
154,0.0004165312275290489,0.0007704291492700577,-0.0022488003596663475,0.012499197386205196,0.049363527446985245,-0.1123390719294548,0.3891153931617737,0.031982775777578354,-0.12128911912441254,0.408795028924942,0.41547834873199463,0.006596754305064678,-0.011219779960811138,-0.05455254763364792,0.11604011058807373,0.31644007563591003,-0.18708392977714539,0.11308686435222626,0.35524970293045044,0.14710687100887299,0.3397594392299652,-0.17215926945209503,-0.15078061819076538,-0.10021007806062698,-0.2930324971675873,-0.3541065752506256,-0.20470799505710602,-0.29440850019454956,-0.319563627243042,-0.26895591616630554,-0.19080966711044312,-0.4904143214225769,-0.2685052454471588,-0.2910710275173187,-0.38969409465789795,-0.07277454435825348,-0.1722777932882309,-0.42561453580856323,0.10192079097032547,-0.1741763800382614,-0.5854143500328064,0.0607723630964756,-0.29333052039146423,-0.22920499742031097,-0.23601703345775604,-0.18493787944316864,0.0255307424813509,-0.19559133052825928,0.024068521335721016,0.19971425831317902,-0.20062457025051117,C:/Users/ASUS/Downloads/3D_Human_Pose_NCKH/phase5_external_generalization/data/external_raw/Le2i/Coffee_room_02/Videos/video (57).avi,-1,-1,External
155,0.00047997385263442993,0.00048810988664627075,-0.0025414228439331055,0.012691643089056015,0.04938032478094101,-0.10905829817056656,0.3828722834587097,0.029004905372858047,-0.10978035628795624,0.4109943211078644,0.4049677848815918,0.017697159200906754,-0.01060765516012907,-0.054680854082107544,0.11351980268955231,0.31657111644744873,-0.1841544657945633,0.1229039803147316,0.3640808165073395,0.13972172141075134,0.36360928416252136,-0.17064885795116425,-0.1484798789024353,-0.10025990009307861,-0.2936254143714905,-0.34908565878868103,-0.2022760957479477,-0.2978127896785736,-0.31555238366127014,-0.2657312750816345,-0.19172491133213043,-0.48484838008880615,-0.2665484845638275,-0.2909376323223114,-0.388034850358963,-0.07322698086500168,-0.16947869956493378,-0.4318942427635193,0.10322684049606323,-0.18800517916679382,-0.599952757358551,0.09520117938518524,-0.2933233976364136,-0.22795388102531433,-0.23217028379440308,-0.1882249414920807,0.029022103175520897,-0.19496451318264008,0.022669384256005287,0.20168811082839966,-0.20044340193271637,C:/Users/ASUS/Downloads/3D_Human_Pose_NCKH/phase5_external_generalization/data/external_raw/Le2i/Coffee_room_02/Videos/video (57).avi,-1,-1,External
156,0.0004626959562301636,0.00023207161575555801,-0.0025095001328736544,0.01213789265602827,0.048747092485427856,-0.10422782599925995,0.3790329098701477,0.025030113756656647,-0.08325617015361786,0.4222601652145386,0.38946571946144104,0.035018038004636765,-0.00869790744036436,-0.053961507976055145,0.11023016273975372,0.3336756229400635,-0.17500357329845428,0.1432909369468689,0.3782193660736084,0.13422349095344543,0.39760711789131165,-0.16651146113872528,-0.145988330245018,-0.1077234223484993,-0.2963792085647583,-0.34625259041786194,-0.19633685052394867,-0.3004308044910431,-0.3152026832103729,-0.2555121183395386,-0.196797177195549,-0.4809311032295227,-0.25763407349586487,-0.29059046506881714,-0.38718289136886597,-0.078038290143013,-0.162324458360672,-0.4293372333049774,0.06245071813464165,-0.21239003539085388,-0.6281562447547913,0.05269991233944893,-0.2951261103153229,-0.2261965572834015,-0.22525064647197723,-0.19361765682697296,0.0341886430978775,-0.19348172843456268,0.022820547223091125,0.20214629173278809,-0.19243504106998444,C:/Users/ASUS/Downloads/3D_Human_Pose_NCKH/phase5_external_generalization/data/external_raw/Le2i/Coffee_room_02/Videos/video (57).avi,-1,-1,External
157,0.000417100265622139,-6.041489541530609e-06,-0.002443399978801608,0.012784400954842567,0.046191196888685226,-0.0981290340423584,0.3806305229663849,0.022881753742694855,-0.05632556229829788,0.43370911478996277,0.37647339701652527,0.06304635852575302,-0.008438683114945889,-0.05183856561779976,0.10576042532920837,0.351002961397171,-0.1681579202413559,0.1665741205215454,0.3932752013206482,0.1340998113155365,0.42711660265922546,-0.16400441527366638,-0.1429920494556427,-0.11754167079925537,-0.3009030818939209,-0.3415999412536621,-0.19735296070575714,-0.3032887876033783,-0.31180188059806824,-0.2488655298948288,-0.2007942497730255,-0.4760621190071106,-0.25146618485450745,-0.29286879301071167,-0.3823978304862976,-0.08962889760732651,-0.155801922082901,-0.41602224111557007,-0.002715383656322956,-0.2135990411043167,-0.6166579723358154,-0.050094299018383026,-0.29829585552215576,-0.2221454679965973,-0.2249874621629715,-0.19820615649223328,0.039673201739788055,-0.19573618471622467,0.023953767493367195,0.20681232213974,-0.17850366234779358,C:/Users/ASUS/Downloads/3D_Human_Pose_NCKH/phase5_external_generalization/data/external_raw/Le2i/Coffee_room_02/Videos/video (57).avi,-1,-1,External
158,0.0005499348044395447,-6.155762821435928e-05,-0.002636269200593233,0.014414924196898937,0.044912803918123245,-0.09931612759828568,0.3794415593147278,0.019314322620630264,-0.052166759967803955,0.44222065806388855,0.37534359097480774,0.08336339890956879,-0.00979550275951624,-0.05069954693317413,0.10667134821414948,0.3567940294742584,-0.16197265684604645,0.18063855171203613,0.40849652886390686,0.13371533155441284,0.4398898184299469,-0.1652127057313919,-0.14396332204341888,-0.1119714081287384,-0.3020869791507721,-0.34128838777542114,-0.19606931507587433,-0.3053983449935913,-0.31268951296806335,-0.2463705688714981,-0.19750717282295227,-0.47360339760780334,-0.2537872791290283,-0.29743996262550354,-0.38010233640670776,-0.08254526555538177,-0.16010895371437073,-0.40347105264663696,0.04027898237109184,-0.20721471309661865,-0.6100500226020813,0.008787982165813446,-0.29598334431648254,-0.22304324805736542,-0.2252805382013321,-0.199449822306633,0.0420980378985405,-0.197317436337471,0.024411650374531746,0.21530571579933167,-0.1717597097158432,C:/Users/ASUS/Downloads/3D_Human_Pose_NCKH/phase5_external_generalization/data/external_raw/Le2i/Coffee_room_02/Videos/video (57).avi,-1,-1,External
159,0.0009213723242282867,-0.0001757703721523285,-0.002963244216516614,0.01545045431703329,0.044511936604976654,-0.10178101062774658,0.37920325994491577,0.01782073825597763,-0.04876179248094559,0.45501357316970825,0.3785170316696167,0.09971918165683746,-0.011085187084972858,-0.050939127802848816,0.10776661336421967,0.3615042567253113,-0.15370282530784607,0.19283777475357056,0.42619091272354126,0.13549454510211945,0.443826824426651,-0.16692431271076202,-0.14519239962100983,-0.10456404089927673,-0.30196237564086914,-0.3416931927204132,-0.19448764622211456,-0.3059532046318054,-0.3152299225330353,-0.24425281584262848,-0.19196148216724396,-0.4733235836029053,-0.2558395564556122,-0.30173972249031067,-0.37808433175086975,-0.07259304076433182,-0.16911190748214722,-0.3924410343170166,0.09511907398700714,-0.1955578327178955,-0.590490996837616,0.09998747706413269,-0.2930939197540283,-0.22535806894302368,-0.22756795585155487,-0.20156623423099518,0.045178480446338654,-0.20265530049800873,0.026073703542351723,0.22501954436302185,-0.16329525411128998,C:/Users/ASUS/Downloads/3D_Human_Pose_NCKH/phase5_external_generalization/data/external_raw/Le2i/Coffee_room_02/Videos/video (57).avi,-1,-1,External
160,0.0011759987100958824,-7.662829011678696e-05,-0.0030343933030962944,0.01746685802936554,0.04194866120815277,-0.10261699557304382,0.3791317939758301,0.014515998773276806,-0.04499988257884979,0.4656209647655487,0.37362363934516907,0.1097184270620346,-0.013059667311608791,-0.04865945503115654,0.10797353088855743,0.364118367433548,-0.1518765538930893,0.1960521936416626,0.44204413890838623,0.1348174661397934,0.4394323229789734,-0.1683889776468277,-0.1469491422176361,-0.09798489511013031,-0.29788410663604736,-0.3437502384185791,-0.19370777904987335,-0.30260834097862244,-0.31843268871307373,-0.2416239082813263,-0.18378116190433502,-0.4746265411376953,-0.2552001476287842,-0.2999424338340759,-0.37219762802124023,-0.06328371912240982,-0.17672103643417358,-0.37120842933654785,0.1379929631948471,-0.17861375212669373,-0.5378842353820801,0.18285027146339417,-0.2883218228816986,-0.23044493794441223,-0.23128820955753326,-0.20089061558246613,0.0455654039978981,-0.20836929976940155,0.028824251145124435,0.2277737259864807,-0.15432091057300568,C:/Users/ASUS/Downloads/3D_Human_Pose_NCKH/phase5_external_generalization/data/external_raw/Le2i/Coffee_room_02/Videos/video (57).avi,-1,-1,External
161,0.0013064085505902767,-0.00028338003903627396,-0.00317514780908823,0.019084516912698746,0.03909251466393471,-0.10145098716020584,0.3766244947910309,0.011929548345506191,-0.024708431214094162,0.4751422703266144,0.3652367889881134,0.12773044407367706,-0.014425528235733509,-0.046686574816703796,0.10688349604606628,0.36971861124038696,-0.14646029472351074,0.21351882815361023,0.453863263130188,0.1353287398815155,0.4458777606487274,-0.17104566097259521,-0.14569224417209625,-0.09954239428043365,-0.2960585653781891,-0.34443074464797974,-0.19455958902835846,-0.29907262325286865,-0.31999245285987854,-0.23861460387706757,-0.17734295129776,-0.47595512866973877,-0.2511928379535675,-0.3005453646183014,-0.36786043643951416,-0.06220002844929695,-0.18258602917194366,-0.3471650779247284,0.13882185518741608,-0.17488791048526764,-0.5083138346672058,0.18022139370441437,-0.28548887372016907,-0.23396086692810059,-0.2372610718011856,-0.201125830411911,0.0466352254152298,-0.21107108891010284,0.02615080587565899,0.23138560354709625,-0.1380673497915268,C:/Users/ASUS/Downloads/3D_Human_Pose_NCKH/phase5_external_generalization/data/external_raw/Le2i/Coffee_room_02/Videos/video (57).avi,-1,-1,External
162,0.0013969731517136097,-0.0003716684877872467,-0.003221315098926425,0.01962493732571602,0.03726556897163391,-0.09994089603424072,0.37358516454696655,0.008077575825154781,-0.01275879517197609,0.483138769865036,0.3552628755569458,0.1367088407278061,-0.014670820906758308,-0.04532002657651901,0.10544873774051666,0.37368401885032654,-0.14413394033908844,0.2268301546573639,0.4616713523864746,0.133344829082489,0.44676461815834045,-0.1732882857322693,-0.14628994464874268,-0.10169869661331177,-0.2932904362678528,-0.3471665382385254,-0.19670338928699493,-0.2945842742919922,-0.323462575674057,-0.23775790631771088,-0.16955600678920746,-0.47915515303611755,-0.24898771941661835,-0.29943352937698364,-0.3653569519519806,-0.0644536167383194,-0.18757352232933044,-0.3244553506374359,0.13269947469234467,-0.1758342981338501,-0.4880872666835785,0.16818314790725708,-0.2811858355998993,-0.23843523859977722,-0.2434256374835968,-0.1975414901971817,0.04686059057712555,-0.20957420766353607,0.023863354697823524,0.23220810294151306,-0.12188135832548141,C:/Users/ASUS/Downloads/3D_Human_Pose_NCKH/phase5_external_generalization/data/external_raw/Le2i/Coffee_room_02/Videos/video (57).avi,-1,-1,External
163,0.0015530847012996674,-0.0005097799003124237,-0.00305282324552536,0.02116752788424492,0.03605355694890022,-0.09860824048519135,0.3727470934391022,0.003052367828786373,-0.008104242384433746,0.49214503169059753,0.34797900915145874,0.13605467975139618,-0.01587773486971855,-0.04454515129327774,0.10490071773529053,0.3759860694408417,-0.14667768776416779,0.2329668402671814,0.4662877321243286,0.13440658152103424,0.4382857382297516,-0.17304469645023346,-0.15011274814605713,-0.10277534276247025,-0.2864671051502228,-0.35458382964134216,-0.19750559329986572,-0.2870059311389923,-0.33227232098579407,-0.23579876124858856,-0.1570255607366562,-0.4882047176361084,-0.24677200615406036,-0.29435768723487854,-0.36643996834754944,-0.06717782467603683,-0.18967890739440918,-0.30116280913352966,0.1250116229057312,-0.17278411984443665,-0.4633583128452301,0.16646113991737366,-0.27315008640289307,-0.24702055752277374,-0.24681611359119415,-0.19156257808208466,0.043275825679302216,-0.20577728748321533,0.025593427941203117,0.22880403697490692,-0.11447582393884659,C:/Users/ASUS/Downloads/3D_Human_Pose_NCKH/phase5_external_generalization/data/external_raw/Le2i/Coffee_room_02/Videos/video (57).avi,-1,-1,External
164,0.0007344577461481094,-0.000745563767850399,-0.0038430627901107073,0.023084059357643127,0.03591000288724899,-0.0978710949420929,0.3756585717201233,-0.007484802044928074,-0.009966213256120682,0.5004835724830627,0.33454030752182007,0.13314366340637207,-0.018436584621667862,-0.044081151485443115,0.10521860420703888,0.3752727806568146,-0.156162828207016,0.23751991987228394,0.46647101640701294,0.13203570246696472,0.43066343665122986,-0.17013712227344513,-0.15591976046562195,-0.10442373156547546,-0.27717506885528564,-0.36199578642845154,-0.19931931793689728,-0.2783289849758148,-0.34376081824302673,-0.23594233393669128,-0.14210568368434906,-0.4973432421684265,-0.24659527838230133,-0.2862074077129364,-0.36678850650787354,-0.07024680078029633,-0.18884719908237457,-0.268240749835968,0.11839292198419571,-0.1593061089515686,-0.3996453881263733,0.18126745522022247,-0.2643841803073883,-0.25738680362701416,-0.25031283497810364,-0.18515317142009735,0.0390482172369957,-0.20383800566196442,0.029967831447720528,0.22450000047683716,-0.11168056726455688,C:/Users/ASUS/Downloads/3D_Human_Pose_NCKH/phase5_external_generalization/data/external_raw/Le2i/Coffee_room_02/Videos/video (57).avi,-1,-1,External
165,0.0006085801869630814,-0.0005751755088567734,-0.0037816474214196205,0.025301441550254822,0.03749115765094757,-0.10068148374557495,0.3791995346546173,-0.013218843378126621,-0.0075771380215883255,0.5061870813369751,0.3303166627883911,0.13099919259548187,-0.021240685135126114,-0.04532691091299057,0.10747046768665314,0.37257900834083557,-0.16291384398937225,0.24773606657981873,0.4628045856952667,0.13510751724243164,0.42149198055267334,-0.1664263755083084,-0.16257326304912567,-0.1033162772655487,-0.26470687985420227,-0.3725758492946625,-0.19697661697864532,-0.26472386717796326,-0.3571099638938904,-0.23054562509059906,-0.125608429312706,-0.5073928833007812,-0.24201317131519318,-0.27541211247444153,-0.3726359009742737,-0.06955021619796753,-0.18555711209774017,-0.2533419132232666,0.11489489674568176,-0.1441195160150528,-0.345398873090744,0.19811275601387024,-0.25123828649520874,-0.26988330483436584,-0.252737820148468,-0.17685486376285553,0.032825127243995667,-0.21014870703220367,0.036961283534765244,0.22250962257385254,-0.12262699753046036,C:/Users/ASUS/Downloads/3D_Human_Pose_NCKH/phase5_external_generalization/data/external_raw/Le2i/Coffee_room_02/Videos/video (57).avi,-1,-1,External
166,0.0007214434444904327,-0.0005315504968166351,-0.0034698345698416233,0.0271177738904953,0.03942541033029556,-0.10372206568717957,0.3828722834587097,-0.019827499985694885,-0.0014618653804063797,0.5114454627037048,0.3329387605190277,0.11978540569543839,-0.02316955104470253,-0.04684676229953766,0.11018243432044983,0.36977800726890564,-0.16762812435626984,0.2536815404891968,0.4604479670524597,0.13894294202327728,0.40926966071128845,-0.16085411608219147,-0.16923148930072784,-0.10166097432374954,-0.2522865831851959,-0.38391685485839844,-0.1947643756866455,-0.25120809674263,-0.3674774169921875,-0.22491265833377838,-0.10821858793497086,-0.5168576836585999,-0.23698024451732635,-0.26597633957862854,-0.3835543394088745,-0.0681590586900711,-0.18185995519161224,-0.2540970742702484,0.11217816174030304,-0.1318214237689972,-0.3395981788635254,0.20314428210258484,-0.23770833015441895,-0.280692458152771,-0.25390785932540894,-0.1679973602294922,0.02684394083917141,-0.21524468064308167,0.041884373873472214,0.2248254418373108,-0.13402335345745087,C:/Users/ASUS/Downloads/3D_Human_Pose_NCKH/phase5_external_generalization/data/external_raw/Le2i/Coffee_room_02/Videos/video (57).avi,-1,-1,External
167,0.000588943250477314,-0.0002763606607913971,-0.003240607213228941,0.029013384133577347,0.03930182754993439,-0.10819876194000244,0.3873476982116699,-0.03209986537694931,-0.002164469100534916,0.5101132988929749,0.3262772262096405,0.10895106196403503,-0.02618369832634926,-0.04613548517227173,0.11378082633018494,0.3656855523586273,-0.17172883450984955,0.25785309076309204,0.45136594772338867,0.1476820409297943,0.3983827531337738,-0.15483413636684418,-0.17628180980682373,-0.10087153315544128,-0.23712971806526184,-0.39593255519866943,-0.1920890063047409,-0.23482555150985718,-0.38260021805763245,-0.21917270123958588,-0.08965110778808594,-0.5287234783172607,-0.2326728254556656,-0.25211620330810547,-0.3898569643497467,-0.0661827102303505,-0.17444010078907013,-0.2391405999660492,0.11026433855295181,-0.11198469251394272,-0.26799359917640686,0.21524417400360107,-0.22183741629123688,-0.29518038034439087,-0.25528737902641296,-0.15730737149715424,0.016840441152453423,-0.22080455720424652,0.05008891969919205,0.2212713360786438,-0.14178048074245453,C:/Users/ASUS/Downloads/3D_Human_Pose_NCKH/phase5_external_generalization/data/external_raw/Le2i/Coffee_room_02/Videos/video (57).avi,-1,-1,External
168,0.0005815187469124794,-0.0002591302618384361,-0.0028993808664381504,0.030076373368501663,0.038834668695926666,-0.11332608759403229,0.3901159167289734,-0.04250597953796387,0.0030846744775772095,0.5073875784873962,0.3272618055343628,0.09365393966436386,-0.02798530086874962,-0.045574743300676346,0.11856873333454132,0.3626798987388611,-0.17119602859020233,0.2637147307395935,0.4454611539840698,0.1596374213695526,0.38944771885871887,-0.14677341282367706,-0.18381603062152863,-0.09853014349937439,-0.22113923728466034,-0.4098735451698303,-0.1887277215719223,-0.2180766463279724,-0.39716213941574097,-0.21251821517944336,-0.06879565119743347,-0.5420767664909363,-0.22783531248569489,-0.23843872547149658,-0.4017958641052246,-0.06361930817365646,-0.16766096651554108,-0.2395263910293579,0.10786369442939758,-0.10097726434469223,-0.23550933599472046,0.21715760231018066,-0.2057175636291504,-0.309582382440567,-0.25549542903900146,-0.14594440162181854,0.005868067964911461,-0.22561126947402954,0.05797962844371796,0.21945711970329285,-0.15128089487552643,C:/Users/ASUS/Downloads/3D_Human_Pose_NCKH/phase5_external_generalization/data/external_raw/Le2i/Coffee_room_02/Videos/video (57).avi,-1,-1,External
169,0.00037135742604732513,0.00010601058602333069,-0.0024842184502631426,0.031249728053808212,0.038266099989414215,-0.11812354624271393,0.39153867959976196,-0.05287458747625351,0.005656241439282894,0.49707287549972534,0.32537683844566345,0.07787586003541946,-0.02989961951971054,-0.044211871922016144,0.12232816219329834,0.3579474985599518,-0.17147205770015717,0.26691901683807373,0.43563327193260193,0.17013974487781525,0.3782137930393219,-0.13780583441257477,-0.19165343046188354,-0.09487542510032654,-0.20327122509479523,-0.4225838780403137,-0.18505117297172546,-0.19950830936431885,-0.41111332178115845,-0.2065235823392868,-0.04809506982564926,-0.5526396632194519,-0.22372396290302277,-0.22296728193759918,-0.41194936633110046,-0.061587441712617874,-0.16047260165214539,-0.23693352937698364,0.10740397870540619,-0.0884675681591034,-0.19528622925281525,0.2158055603504181,-0.18663640320301056,-0.3235700726509094,-0.2557336986064911,-0.13272221386432648,-0.007406910881400108,-0.2306966781616211,0.0656159371137619,0.2138187289237976,-0.1586477905511856,C:/Users/ASUS/Downloads/3D_Human_Pose_NCKH/phase5_external_generalization/data/external_raw/Le2i/Coffee_room_02/Videos/video (57).avi,-1,-1,External
170,9.989365935325623e-05,0.00013018213212490082,-0.0023300598841160536,0.03137679398059845,0.03767038881778717,-0.12158392369747162,0.39188170433044434,-0.0614091157913208,0.00830080546438694,0.48786816000938416,0.32658103108406067,0.06322859972715378,-0.030528835952281952,-0.04333939030766487,0.12529566884040833,0.3542884588241577,-0.16924072802066803,0.2661617696285248,0.42501330375671387,0.1824561059474945,0.36720529198646545,-0.12831902503967285,-0.199513241648674,-0.09075428545475006,-0.1863943189382553,-0.4346252679824829,-0.1823016256093979,-0.18247079849243164,-0.4232703745365143,-0.20274202525615692,-0.026532486081123352,-0.5624091625213623,-0.22174465656280518,-0.2083359956741333,-0.4245195984840393,-0.05959613248705864,-0.15247780084609985,-0.24152371287345886,0.10710570216178894,-0.07941754907369614,-0.17882168292999268,0.20977625250816345,-0.1697816401720047,-0.3362927734851837,-0.25502726435661316,-0.11986516416072845,-0.018388548865914345,-0.23367862403392792,0.07217623293399811,0.20981264114379883,-0.16385985910892487,C:/Users/ASUS/Downloads/3D_Human_Pose_NCKH/phase5_external_generalization/data/external_raw/Le2i/Coffee_room_02/Videos/video (57).avi,-1,-1,External
171,0.0007798206061124802,9.28100198507309e-05,-0.0019413286354392767,0.03125666826963425,0.03781748563051224,-0.12364548444747925,0.388866126537323,-0.0641239732503891,0.012336941435933113,0.47689488530158997,0.3352799415588379,0.05225984379649162,-0.030534960329532623,-0.044005487114191055,0.1267729550600052,0.3533580005168915,-0.1636115461587906,0.26328784227371216,0.4151332974433899,0.19660520553588867,0.3572663366794586,-0.12134519219398499,-0.2062883973121643,-0.08428981900215149,-0.1723087877035141,-0.44568127393722534,-0.17991513013839722,-0.167364239692688,-0.4302156865596771,-0.20096775889396667,-0.007892071269452572,-0.5691820979118347,-0.2228805273771286,-0.19730544090270996,-0.43744558095932007,-0.05742444097995758,-0.14822041988372803,-0.2600213587284088,0.1057765856385231,-0.0827924981713295,-0.20092427730560303,0.2043907642364502,-0.1551273912191391,-0.34519192576408386,-0.2546021044254303,-0.10795637965202332,-0.025280019268393517,-0.23648740351200104,0.07583528012037277,0.2082422822713852,-0.16925884783267975,C:/Users/ASUS/Downloads/3D_Human_Pose_NCKH/phase5_external_generalization/data/external_raw/Le2i/Coffee_room_02/Videos/video (57).avi,-1,-1,External
172,0.0006022956222295761,0.0001660771667957306,-0.0016967691481113434,0.031027693301439285,0.03703701123595238,-0.12481778860092163,0.3872603178024292,-0.06979324668645859,0.011535514146089554,0.46584466099739075,0.33587250113487244,0.05166856199502945,-0.030739694833755493,-0.04299267753958702,0.12751799821853638,0.35157713294029236,-0.15903739631175995,0.25926271080970764,0.4009474515914917,0.2089000642299652,0.3528667986392975,-0.11202726513147354,-0.21156999468803406,-0.08144493401050568,-0.1554907113313675,-0.45467647910118103,-0.17662298679351807,-0.14981350302696228,-0.4395357072353363,-0.19833479821681976,0.013192747719585896,-0.5763441324234009,-0.2222341150045395,-0.18084841966629028,-0.4440649151802063,-0.05469011887907982,-0.13980385661125183,-0.26000744104385376,0.11005739867687225,-0.07598373293876648,-0.17202110588550568,0.2136072814464569,-0.13801386952400208,-0.3562653064727783,-0.252852201461792,-0.0960313230752945,-0.034596025943756104,-0.23775526881217957,0.08158297091722488,0.20312795042991638,-0.1730225533246994,C:/Users/ASUS/Downloads/3D_Human_Pose_NCKH/phase5_external_generalization/data/external_raw/Le2i/Coffee_room_02/Videos/video (57).avi,-1,-1,External
173,0.0004408638924360275,0.00022068992257118225,-0.0014499698299914598,0.030436303466558456,0.03663255274295807,-0.12517449259757996,0.3860374689102173,-0.0739498883485794,0.008142327889800072,0.45497503876686096,0.3377690315246582,0.04962638393044472,-0.030604731291532516,-0.04243647679686546,0.12729713320732117,0.35078760981559753,-0.1557740718126297,0.24622082710266113,0.3858937621116638,0.22098886966705322,0.3390352427959442,-0.10201941430568695,-0.2162434607744217,-0.07901305705308914,-0.13712695240974426,-0.46250683069229126,-0.17158332467079163,-0.13086843490600586,-0.4477834403514862,-0.1940542608499527,0.0352424681186676,-0.5824467539787292,-0.21883051097393036,-0.16284522414207458,-0.4505329430103302,-0.049643371254205704,-0.13046146929264069,-0.25970983505249023,0.120234914124012,-0.06818432360887527,-0.14951176941394806,0.22257418930530548,-0.11936546862125397,-0.3662702739238739,-0.24823352694511414,-0.085344597697258,-0.044222570955753326,-0.2346714735031128,0.0853499323129654,0.19885361194610596,-0.17241184413433075,C:/Users/ASUS/Downloads/3D_Human_Pose_NCKH/phase5_external_generalization/data/external_raw/Le2i/Coffee_room_02/Videos/video (57).avi,-1,-1,External
174,-9.827688336372375e-05,0.0006013447418808937,-0.001563587924465537,0.028553690761327744,0.03626393526792526,-0.12583652138710022,0.38364315032958984,-0.07980718463659286,-0.0058000776916742325,0.4448237717151642,0.33445364236831665,0.044175758957862854,-0.029153231531381607,-0.04148910567164421,0.12716956436634064,0.3499244749546051,-0.1554338037967682,0.22907906770706177,0.37091198563575745,0.2299598753452301,0.3224799633026123,-0.09166039526462555,-0.22025491297245026,-0.07864660769701004,-0.1175045594573021,-0.4674873650074005,-0.1664605587720871,-0.11115739494562149,-0.4557035565376282,-0.19050085544586182,0.05765821039676666,-0.5867471694946289,-0.2152668684720993,-0.14192304015159607,-0.4520774185657501,-0.044509436935186386,-0.12068592011928558,-0.2464621663093567,0.13218632340431213,-0.05584430694580078,-0.08220238238573074,0.23820284008979797,-0.10126721858978271,-0.37433984875679016,-0.24333369731903076,-0.0765891745686531,-0.05004487186670303,-0.23210781812667847,0.09155772626399994,0.1984759122133255,-0.17352835834026337,C:/Users/ASUS/Downloads/3D_Human_Pose_NCKH/phase5_external_generalization/data/external_raw/Le2i/Coffee_room_02/Videos/video (57).avi,-1,-1,External
175,4.1311606764793396e-05,0.0007065976969897747,-0.0013502584770321846,0.026917748153209686,0.035944513976573944,-0.12590913474559784,0.3797162175178528,-0.08178836107254028,-0.018296778202056885,0.4330976903438568,0.3358875513076782,0.030878566205501556,-0.027559801936149597,-0.041106145828962326,0.12677937746047974,0.3517455756664276,-0.1539624184370041,0.2109074592590332,0.35899704694747925,0.23955130577087402,0.30044153332710266,-0.08376770466566086,-0.22286522388458252,-0.07621508836746216,-0.09992510825395584,-0.47137075662612915,-0.15981736779212952,-0.09318303316831589,-0.45946744084358215,-0.18630872666835785,0.07804884761571884,-0.5893277525901794,-0.21148647367954254,-0.12409590184688568,-0.4538978338241577,-0.03653058782219887,-0.10974538326263428,-0.24361103773117065,0.14465953409671783,-0.04529688507318497,-0.060303833335638046,0.25120967626571655,-0.08491683006286621,-0.3800945580005646,-0.23725080490112305,-0.06963033974170685,-0.05536755919456482,-0.22796566784381866,0.09183003753423691,0.19724582135677338,-0.17299094796180725,C:/Users/ASUS/Downloads/3D_Human_Pose_NCKH/phase5_external_generalization/data/external_raw/Le2i/Coffee_room_02/Videos/video (57).avi,-1,-1,External
176,-3.296509385108948e-05,0.0007647722959518433,-0.0012932070530951023,0.026046600192785263,0.03531309962272644,-0.12606053054332733,0.3777254819869995,-0.08287235349416733,-0.02628502994775772,0.42252206802368164,0.3375093638896942,0.01827198639512062,-0.02663840353488922,-0.040480226278305054,0.12678733468055725,0.35355332493782043,-0.15296174585819244,0.20032569766044617,0.3473823666572571,0.24681590497493744,0.2846134305000305,-0.07656985521316528,-0.22502021491527557,-0.07357396930456161,-0.08321613818407059,-0.4746417999267578,-0.15257664024829865,-0.076021708548069,-0.46135610342025757,-0.18237419426441193,0.09730321913957596,-0.590084433555603,-0.20691974461078644,-0.10807926952838898,-0.45609918236732483,-0.028038261458277702,-0.10188671946525574,-0.24314266443252563,0.15478961169719696,-0.04141054302453995,-0.04860653355717659,0.26251235604286194,-0.06918525695800781,-0.3850201666355133,-0.2306593656539917,-0.06121820956468582,-0.05986231565475464,-0.22321857511997223,0.09095530956983566,0.19782450795173645,-0.17208369076251984,C:/Users/ASUS/Downloads/3D_Human_Pose_NCKH/phase5_external_generalization/data/external_raw/Le2i/Coffee_room_02/Videos/video (57).avi,-1,-1,External
177,-0.00014508794993162155,0.0008199000731110573,-0.001263630110770464,0.02575811743736267,0.034890804439783096,-0.12641552090644836,0.378000944852829,-0.08209319412708282,-0.028809335082769394,0.4162631630897522,0.3402881622314453,0.0059865741059184074,-0.026375114917755127,-0.03994046896696091,0.12684229016304016,0.3567727506160736,-0.151441290974617,0.19805660843849182,0.3388861417770386,0.2530677318572998,0.2775079607963562,-0.07024054229259491,-0.22667166590690613,-0.07108954340219498,-0.06801354885101318,-0.4775741994380951,-0.14622759819030762,-0.06051911786198616,-0.4625503718852997,-0.17926132678985596,0.11451929062604904,-0.5893514752388,-0.20354600250720978,-0.0940999835729599,-0.4593159854412079,-0.0209517665207386,-0.09548527002334595,-0.2430528998374939,0.1623905897140503,-0.04175762087106705,-0.03605850413441658,0.2773701250553131,-0.05526797100901604,-0.3893141448497772,-0.22499805688858032,-0.054988354444503784,-0.06279480457305908,-0.21841581165790558,0.08827511221170425,0.20080174505710602,-0.17262165248394012,C:/Users/ASUS/Downloads/3D_Human_Pose_NCKH/phase5_external_generalization/data/external_raw/Le2i/Coffee_room_02/Videos/video (57).avi,-1,-1,External
178,-0.00040969252586364746,0.0008816765621304512,-0.001090452540665865,0.02647407352924347,0.0340951606631279,-0.12681134045124054,0.3794368505477905,-0.08092665672302246,-0.02638479322195053,0.4117308259010315,0.3438354730606079,-0.0015767263248562813,-0.027252666652202606,-0.03875786066055298,0.12696915864944458,0.35842597484588623,-0.14896449446678162,0.2027977705001831,0.3300647735595703,0.25636202096939087,0.27842646837234497,-0.06279060989618301,-0.228129044175148,-0.06824905425310135,-0.05410822108387947,-0.48061755299568176,-0.14058442413806915,-0.04679379612207413,-0.46382343769073486,-0.17469091713428497,0.13144700229167938,-0.5875944495201111,-0.19908802211284637,-0.08120130002498627,-0.4625717103481293,-0.015939155593514442,-0.09050492197275162,-0.24560730159282684,0.16832154989242554,-0.04511747509241104,-0.03175436332821846,0.28667646646499634,-0.04124300554394722,-0.3939765691757202,-0.2204768806695938,-0.04818015918135643,-0.06809825450181961,-0.21552087366580963,0.08570665121078491,0.20358353853225708,-0.17439039051532745,C:/Users/ASUS/Downloads/3D_Human_Pose_NCKH/phase5_external_generalization/data/external_raw/Le2i/Coffee_room_02/Videos/video (57).avi,-1,-1,External
179,-0.00033512338995933533,0.0008187214843928814,-0.0010417725425213575,0.02686844766139984,0.03309887275099754,-0.12664291262626648,0.3803381621837616,-0.07882754504680634,-0.026006348431110382,0.4076470732688904,0.34766459465026855,-0.009230383671820164,-0.02761804684996605,-0.037678733468055725,0.12686702609062195,0.36247479915618896,-0.14577041566371918,0.20840807259082794,0.3244645893573761,0.2619818449020386,0.2784530520439148,-0.05523955821990967,-0.22927305102348328,-0.06628882139921188,-0.04011450335383415,-0.48290377855300903,-0.13484051823616028,-0.032937124371528625,-0.4644628167152405,-0.16942094266414642,0.14917705953121185,-0.5863316655158997,-0.19486784934997559,-0.06721995770931244,-0.46315082907676697,-0.011340677738189697,-0.0817120373249054,-0.2423412948846817,0.1722804605960846,-0.04170621559023857,-0.01870105043053627,0.2903898060321808,-0.027980389073491096,-0.39726999402046204,-0.2157350778579712,-0.043584249913692474,-0.07122022658586502,-0.21193718910217285,0.08215012401342392,0.20772215723991394,-0.17684854567050934,C:/Users/ASUS/Downloads/3D_Human_Pose_NCKH/phase5_external_generalization/data/external_raw/Le2i/Coffee_room_02/Videos/video (57).avi,-1,-1,External
180,-0.00026177242398262024,0.0008043264970183372,-0.0010384777560830116,0.027625255286693573,0.03203453868627548,-0.12661485373973846,0.3820079267024994,-0.07696187496185303,-0.022839348763227463,0.40432649850845337,0.3518069386482239,-0.021895021200180054,-0.02843787893652916,-0.03655407577753067,0.12677493691444397,0.36642828583717346,-0.1436282843351364,0.2166791558265686,0.3175714910030365,0.26566654443740845,0.27911096811294556,-0.0480385422706604,-0.2302061766386032,-0.06444752216339111,-0.026191696524620056,-0.48421239852905273,-0.12945307791233063,-0.01886827126145363,-0.4639158844947815,-0.16471168398857117,0.16649581491947174,-0.5835340619087219,-0.19095656275749207,-0.053748272359371185,-0.46373647451400757,-0.006811594124883413,-0.073643259704113,-0.24047179520130157,0.17677713930606842,-0.03970789164304733,-0.007315714843571186,0.2950226664543152,-0.014898661524057388,-0.39998865127563477,-0.21177485585212708,-0.03836410120129585,-0.07411648333072662,-0.20963071286678314,0.07758329063653946,0.2121552675962448,-0.18037720024585724,C:/Users/ASUS/Downloads/3D_Human_Pose_NCKH/phase5_external_generalization/data/external_raw/Le2i/Coffee_room_02/Videos/video (57).avi,-1,-1,External
181,-0.00021808501332998276,0.0007437169551849365,-0.001096043735742569,0.028482899069786072,0.03149650990962982,-0.12694160640239716,0.3850763440132141,-0.07321157306432724,-0.01891188882291317,0.4034176170825958,0.3561572730541229,-0.030503414571285248,-0.02918482944369316,-0.036211706697940826,0.1272934377193451,0.37143564224243164,-0.14133237302303314,0.2273152768611908,0.31295326352119446,0.2689434587955475,0.2797127366065979,-0.039876628667116165,-0.23131749033927917,-0.06353048980236053,-0.011511024087667465,-0.4852955639362335,-0.12519341707229614,-0.004529462195932865,-0.4631980061531067,-0.16011644899845123,0.18499243259429932,-0.5800834894180298,-0.18725378811359406,-0.03990937024354935,-0.46460509300231934,-0.0035802549682557583,-0.06323669850826263,-0.23930521309375763,0.1787116974592209,-0.032295141369104385,0.0013091666623950005,0.292528361082077,-0.0012950971722602844,-0.4019632637500763,-0.20926639437675476,-0.0327640101313591,-0.07525131851434708,-0.20811380445957184,0.07388464361429214,0.2181696593761444,-0.18374764919281006,C:/Users/ASUS/Downloads/3D_Human_Pose_NCKH/phase5_external_generalization/data/external_raw/Le2i/Coffee_room_02/Videos/video (57).avi,-1,-1,External
182,-8.325930684804916e-05,0.0006913240067660809,-0.0011473733466118574,0.029882162809371948,0.0313003845512867,-0.1273144781589508,0.3888985514640808,-0.06797607988119125,-0.01270284503698349,0.4027884006500244,0.3608776926994324,-0.03601304069161415,-0.030459169298410416,-0.03630293905735016,0.1279783695936203,0.3760165274143219,-0.13944047689437866,0.23846381902694702,0.30836576223373413,0.27459222078323364,0.28006860613822937,-0.031456295400857925,-0.2320813536643982,-0.06304530799388885,0.004370552022010088,-0.48616331815719604,-0.12203487008810043,0.01148214191198349,-0.46334895491600037,-0.15609748661518097,0.20491710305213928,-0.5777995586395264,-0.18423163890838623,-0.025542523711919785,-0.4654116928577423,-0.0010195388458669186,-0.05257928743958473,-0.23798996210098267,0.1790000945329666,-0.023765910416841507,0.011868680827319622,0.28924360871315,0.013611655682325363,-0.40305864810943604,-0.2083488404750824,-0.02732311189174652,-0.07622740417718887,-0.20806221663951874,0.06997621804475784,0.22362686693668365,-0.18594853579998016,C:/Users/ASUS/Downloads/3D_Human_Pose_NCKH/phase5_external_generalization/data/external_raw/Le2i/Coffee_room_02/Videos/video (57).avi,-1,-1,External
183,-4.247203469276428e-05,0.00066338200122118,-0.0011195852421224117,0.030283771455287933,0.03119295835494995,-0.12837590277194977,0.3951314091682434,-0.06211746484041214,-0.009886322543025017,0.40560510754585266,0.36640915274620056,-0.03995736688375473,-0.031064733862876892,-0.036397501826286316,0.12896648049354553,0.3811187446117401,-0.13642285764217377,0.24749024212360382,0.30499130487442017,0.28123846650123596,0.27916112542152405,-0.021305184811353683,-0.23319953680038452,-0.06323367357254028,0.023075923323631287,-0.4876343011856079,-0.1198684349656105,0.029897361993789673,-0.4646073579788208,-0.15352852642536163,0.2277868241071701,-0.5757282972335815,-0.18159110844135284,-0.008925959467887878,-0.4681425392627716,8.017802610993385e-05,-0.03967671096324921,-0.23802974820137024,0.1764908730983734,-0.013404231518507004,0.017799880355596542,0.2803289592266083,0.030463233590126038,-0.404708594083786,-0.2081868052482605,-0.02038329467177391,-0.07769904285669327,-0.20907212793827057,0.06713853031396866,0.22873233258724213,-0.18971437215805054,C:/Users/ASUS/Downloads/3D_Human_Pose_NCKH/phase5_external_generalization/data/external_raw/Le2i/Coffee_room_02/Videos/video (57).avi,-1,-1,External
184,-2.3446977138519287e-05,0.0006095347926020622,-0.0011868327856063843,0.03042369708418846,0.03119533695280552,-0.12921501696109772,0.4012104272842407,-0.056721217930316925,-0.008921686559915543,0.40826478600502014,0.37227368354797363,-0.046308714896440506,-0.03121018037199974,-0.036499202251434326,0.12968043982982635,0.38627997040748596,-0.13371361792087555,0.25310778617858887,0.30129218101501465,0.2871526777744293,0.2756798565387726,-0.011036044918000698,-0.23401722311973572,-0.06343839317560196,0.04256092384457588,-0.48842912912368774,-0.11864209175109863,0.04929278790950775,-0.46481940150260925,-0.1520242840051651,0.2513865828514099,-0.5731229782104492,-0.1795872449874878,0.008515637367963791,-0.470957487821579,0.0006556161679327488,-0.02657674252986908,-0.23994703590869904,0.1749260574579239,-0.0046616350300610065,0.018993590027093887,0.27378591895103455,0.047858864068984985,-0.4052005112171173,-0.20892789959907532,-0.012714533135294914,-0.07875393331050873,-0.21111421287059784,0.06545902788639069,0.23318129777908325,-0.19373385608196259,C:/Users/ASUS/Downloads/3D_Human_Pose_NCKH/phase5_external_generalization/data/external_raw/Le2i/Coffee_room_02/Videos/video (57).avi,-1,-1,External
185,1.58846378326416e-05,0.0006386563181877136,-0.0011155465617775917,0.029828373342752457,0.031040264293551445,-0.13040386140346527,0.406465083360672,-0.054228268563747406,-0.014697641134262085,0.4088025391101837,0.37386462092399597,-0.06597813218832016,-0.030583921819925308,-0.03648344799876213,0.13068212568759918,0.3942152261734009,-0.13238315284252167,0.253157377243042,0.2973392903804779,0.2904583513736725,0.2658507227897644,-0.0007360419258475304,-0.23381631076335907,-0.06327280402183533,0.06339437514543533,-0.487152636051178,-0.11782604455947876,0.07062021642923355,-0.46300026774406433,-0.15063129365444183,0.2751750349998474,-0.5679411888122559,-0.17827153205871582,0.027621399611234665,-0.472167432308197,0.002095444593578577,-0.01102526020258665,-0.24060706794261932,0.1763785183429718,0.007512956392019987,0.018711421638727188,0.2723117768764496,0.06577600538730621,-0.4048745334148407,-0.21038413047790527,-0.003565731458365917,-0.0800618827342987,-0.21441496908664703,0.06258485466241837,0.2329053282737732,-0.20233577489852905,C:/Users/ASUS/Downloads/3D_Human_Pose_NCKH/phase5_external_generalization/data/external_raw/Le2i/Coffee_room_02/Videos/video (57).avi,-1,-1,External
186,-2.039782702922821e-05,0.0007413015700876713,-0.0011681662872433662,0.02988484874367714,0.030583761632442474,-0.1317061334848404,0.41273778676986694,-0.04958370327949524,-0.01745118573307991,0.41166621446609497,0.3789964020252228,-0.07587625086307526,-0.030812930315732956,-0.03599761426448822,0.13170485198497772,0.40062811970710754,-0.12873557209968567,0.2556184232234955,0.2928059697151184,0.2965972423553467,0.2595030963420868,0.010096424259245396,-0.23294614255428314,-0.06341198831796646,0.08469422906637192,-0.48510921001434326,-0.11739794164896011,0.09257382899522781,-0.4619560241699219,-0.14772972464561462,0.2996799349784851,-0.5628827214241028,-0.17582255601882935,0.04658098146319389,-0.47313031554222107,0.0026247301138937473,0.005054990760982037,-0.24194903671741486,0.17647533118724823,0.020314183086156845,0.014567899517714977,0.27288195490837097,0.08496187627315521,-0.40351787209510803,-0.21149854362010956,0.0072313882410526276,-0.0811246931552887,-0.2179322987794876,0.060833822935819626,0.23364408314228058,-0.20636720955371857,C:/Users/ASUS/Downloads/3D_Human_Pose_NCKH/phase5_external_generalization/data/external_raw/Le2i/Coffee_room_02/Videos/video (57).avi,-1,-1,External
187,1.3180077075958252e-05,0.000824575312435627,-0.0012214633170515299,0.03003397211432457,0.029828030616044998,-0.13309191167354584,0.41921466588974,-0.043310247361660004,-0.022117730230093002,0.41561681032180786,0.3879353106021881,-0.07696502655744553,-0.031353436410427094,-0.03573433682322502,0.13287676870822906,0.40544527769088745,-0.1233987882733345,0.2571471929550171,0.28992050886154175,0.3063775300979614,0.25602129101753235,0.021012548357248306,-0.23195238411426544,-0.06426574289798737,0.10577059537172318,-0.4829620122909546,-0.11758280545473099,0.11504196375608444,-0.46046867966651917,-0.14564217627048492,0.3235984146595001,-0.5579503774642944,-0.17442110180854797,0.06449618935585022,-0.4744418263435364,0.0015451633371412754,0.01889391615986824,-0.24454526603221893,0.1735175997018814,0.027703922241926193,0.010588238947093487,0.2719828188419342,0.10426738858222961,-0.40089428424835205,-0.21256373822689056,0.018348082900047302,-0.08094300329685211,-0.22190876305103302,0.062000542879104614,0.2361539602279663,-0.2108466774225235,C:/Users/ASUS/Downloads/3D_Human_Pose_NCKH/phase5_external_generalization/data/external_raw/Le2i/Coffee_room_02/Videos/video (57).avi,-1,-1,External
188,4.175212234258652e-05,0.0009514903649687767,-0.001191433984786272,0.030924566090106964,0.030070405453443527,-0.1345554143190384,0.42807823419570923,-0.03628450632095337,-0.024800699204206467,0.42158305644989014,0.39642956852912903,-0.07032109051942825,-0.03239893168210983,-0.03622183948755264,0.1339879035949707,0.41005074977874756,-0.11830287426710129,0.26230213046073914,0.2891438603401184,0.31370577216148376,0.2571052610874176,0.0336201973259449,-0.23130522668361664,-0.06581977009773254,0.12874072790145874,-0.4803392291069031,-0.1183321624994278,0.13880231976509094,-0.4596662223339081,-0.14380888640880585,0.34948551654815674,-0.5524833798408508,-0.17353755235671997,0.08401691913604736,-0.4757436215877533,-0.0005017830990254879,0.03565648943185806,-0.24688026309013367,0.16655407845973969,0.03957073763012886,0.01223714929074049,0.2601621747016907,0.1262991726398468,-0.39729180932044983,-0.21476411819458008,0.03163094073534012,-0.07894512265920639,-0.22419440746307373,0.06539870798587799,0.24002936482429504,-0.21070292592048645,C:/Users/ASUS/Downloads/3D_Human_Pose_NCKH/phase5_external_generalization/data/external_raw/Le2i/Coffee_room_02/Videos/video (57).avi,-1,-1,External
189,-2.761930227279663e-05,0.0010985448025166988,-0.0011866218410432339,0.03228580951690674,0.030709806829690933,-0.13572020828723907,0.4359864592552185,-0.029367737472057343,-0.02644098550081253,0.42568549513816833,0.40604034066200256,-0.05860544741153717,-0.03390629217028618,-0.036964066326618195,0.13486090302467346,0.412273108959198,-0.11184529215097427,0.26887625455856323,0.28506889939308167,0.3220517039299011,0.2623426020145416,0.046188462525606155,-0.2302139401435852,-0.06774634122848511,0.15030063688755035,-0.4767909049987793,-0.1193649098277092,0.16125667095184326,-0.45821017026901245,-0.1405659168958664,0.374512255191803,-0.5462563633918762,-0.17133738100528717,0.10221981257200241,-0.47667068243026733,-0.0034665516577661037,0.049874480813741684,-0.24881944060325623,0.15886825323104858,0.049810897558927536,0.014599966816604137,0.24684473872184753,0.14827008545398712,-0.3932262659072876,-0.21732674539089203,0.04434509575366974,-0.07583832740783691,-0.22574417293071747,0.06880321353673935,0.24569609761238098,-0.20768527686595917,C:/Users/ASUS/Downloads/3D_Human_Pose_NCKH/phase5_external_generalization/data/external_raw/Le2i/Coffee_room_02/Videos/video (57).avi,-1,-1,External
190,-8.777156472206116e-05,0.001196094322949648,-0.001058872789144516,0.0326683335006237,0.031050600111484528,-0.13720513880252838,0.4449949860572815,-0.020296305418014526,-0.03333962708711624,0.429556280374527,0.4187011420726776,-0.04330213740468025,-0.035153090953826904,-0.037111539393663406,0.135626882314682,0.4141841232776642,-0.10092895478010178,0.27102094888687134,0.2833288311958313,0.3351156413555145,0.2695293128490448,0.058143168687820435,-0.22814583778381348,-0.06977415084838867,0.17069704830646515,-0.4717283844947815,-0.12124954164028168,0.18371137976646423,-0.45554107427597046,-0.1373661458492279,0.3974868953227997,-0.5382767915725708,-0.16967816650867462,0.11935845017433167,-0.47605329751968384,-0.007562959101051092,0.06220068782567978,-0.24734815955162048,0.14879897236824036,0.0593055821955204,0.023251961916685104,0.2299109846353531,0.16936656832695007,-0.3892081081867218,-0.22002559900283813,0.05723114684224129,-0.07334968447685242,-0.227496936917305,0.07105091959238052,0.25163862109184265,-0.2047504335641861,C:/Users/ASUS/Downloads/3D_Human_Pose_NCKH/phase5_external_generalization/data/external_raw/Le2i/Coffee_room_02/Videos/video (57).avi,-1,-1,External
191,-0.00035594403743743896,0.0012969756498932838,-0.0011020773090422153,0.03298410028219223,0.03153079003095627,-0.13799969851970673,0.4519898593425751,-0.011316456831991673,-0.03910880163311958,0.43013879656791687,0.42843884229660034,-0.028105545789003372,-0.03569140285253525,-0.03639428690075874,0.13569802045822144,0.41331708431243896,-0.09018692374229431,0.271145761013031,0.279815673828125,0.3450106680393219,0.2755253314971924,0.07049641758203506,-0.22550304234027863,-0.06981644779443741,0.1907484084367752,-0.46517589688301086,-0.12181482464075089,0.20584118366241455,-0.4511638581752777,-0.13204136490821838,0.4200047552585602,-0.528628945350647,-0.16505107283592224,0.13730010390281677,-0.4740865230560303,-0.00912838988006115,0.0742146223783493,-0.2463633269071579,0.14201503992080688,0.0681617334485054,0.02724890038371086,0.21501338481903076,0.19042478501796722,-0.3840706944465637,-0.22115997970104218,0.07083892822265625,-0.07076670229434967,-0.22829334437847137,0.07102062553167343,0.25750938057899475,-0.20082606375217438,C:/Users/ASUS/Downloads/3D_Human_Pose_NCKH/phase5_external_generalization/data/external_raw/Le2i/Coffee_room_02/Videos/video (57).avi,-1,-1,External
192,-0.0004949476569890976,0.0013958667404949665,-0.0010674628429114819,0.03433222696185112,0.03170306235551834,-0.13801558315753937,0.45987236499786377,0.0017767613753676414,-0.04055045172572136,0.43192192912101746,0.44110387563705444,-0.007056933827698231,-0.037338633090257645,-0.035867199301719666,0.13533729314804077,0.4104994833469391,-0.07662899047136307,0.2746116518974304,0.2768775224685669,0.35869699716567993,0.2839409410953522,0.08199070394039154,-0.2223571240901947,-0.06917375326156616,0.20972876250743866,-0.4568750262260437,-0.1232517659664154,0.22695130109786987,-0.4446440637111664,-0.1267753690481186,0.43959489464759827,-0.5166507959365845,-0.15999597311019897,0.15307264029979706,-0.47032496333122253,-0.010005271062254906,0.08400031924247742,-0.24508050084114075,0.13489243388175964,0.07621962577104568,0.033541325479745865,0.20131874084472656,0.2117077112197876,-0.3760245144367218,-0.2224997729063034,0.08526229858398438,-0.06604018807411194,-0.22853869199752808,0.07152584195137024,0.2632698118686676,-0.19779840111732483,C:/Users/ASUS/Downloads/3D_Human_Pose_NCKH/phase5_external_generalization/data/external_raw/Le2i/Coffee_room_02/Videos/video (57).avi,-1,-1,External
193,-0.0005262121558189392,0.00152301462367177,-0.001182354986667633,0.03580480441451073,0.031633161008358,-0.13757304847240448,0.46548765897750854,0.01565774530172348,-0.04015900194644928,0.43303173780441284,0.4540504515171051,0.011631588451564312,-0.039208948612213135,-0.03546493500471115,0.13450688123703003,0.40712130069732666,-0.06168778985738754,0.2806691527366638,0.2743206024169922,0.3739002048969269,0.2941512167453766,0.09206056594848633,-0.2189483642578125,-0.06894543021917343,0.22725282609462738,-0.4474925696849823,-0.12598128616809845,0.24579951167106628,-0.43743187189102173,-0.12147461622953415,0.45619454979896545,-0.5026943683624268,-0.15610404312610626,0.16768109798431396,-0.4647069275379181,-0.01159733347594738,0.09515627473592758,-0.24346694350242615,0.1305430829524994,0.08644898980855942,0.04155207797884941,0.1919839084148407,0.23120912909507751,-0.366351455450058,-0.22461368143558502,0.09878052771091461,-0.05954143404960632,-0.2279377430677414,0.07208993285894394,0.2708422541618347,-0.19539551436901093,C:/Users/ASUS/Downloads/3D_Human_Pose_NCKH/phase5_external_generalization/data/external_raw/Le2i/Coffee_room_02/Videos/video (57).avi,-1,-1,External
194,-0.0005703261122107506,0.0015690973959863186,-0.0011681132018566132,0.03640022501349449,0.03126593306660652,-0.1367669552564621,0.46710604429244995,0.02645091339945793,-0.04351940378546715,0.4312974512577057,0.46418413519859314,0.02086886391043663,-0.03984076902270317,-0.03479301184415817,0.13349947333335876,0.40368911623954773,-0.048851728439331055,0.2806803286075592,0.270121693611145,0.3854081928730011,0.2991411089897156,0.10043036937713623,-0.21533676981925964,-0.06810077279806137,0.2437599152326584,-0.43862438201904297,-0.12728989124298096,0.2626292109489441,-0.42963871359825134,-0.11589155346155167,0.47207051515579224,-0.48886018991470337,-0.15216386318206787,0.1824302226305008,-0.45729342103004456,-0.012671427801251411,0.10550147294998169,-0.24052995443344116,0.12856698036193848,0.09444350749254227,0.04808346554636955,0.18534868955612183,0.24919375777244568,-0.3573623597621918,-0.2250775247812271,0.11067038774490356,-0.05419967323541641,-0.22797034680843353,0.07247645407915115,0.2753938138484955,-0.19366328418254852,C:/Users/ASUS/Downloads/3D_Human_Pose_NCKH/phase5_external_generalization/data/external_raw/Le2i/Coffee_room_02/Videos/video (57).avi,-1,-1,External
195,-0.0007838644087314606,0.001633504405617714,-0.001095667015761137,0.036666613072156906,0.031254976987838745,-0.13636229932308197,0.4680403769016266,0.03577736020088196,-0.0477728433907032,0.4298918545246124,0.473888099193573,0.02722080796957016,-0.04039568081498146,-0.034360021352767944,0.132771834731102,0.39932188391685486,-0.037205085158348083,0.2797226309776306,0.26563116908073425,0.3945625424385071,0.30215293169021606,0.10793332010507584,-0.21167565882205963,-0.0682518258690834,0.25899818539619446,-0.4300270080566406,-0.12924692034721375,0.2772282063961029,-0.421337366104126,-0.11159063130617142,0.4864189624786377,-0.474291056394577,-0.1491965800523758,0.1955040991306305,-0.4507807791233063,-0.014406049624085426,0.11425070464611053,-0.23935875296592712,0.12641863524913788,0.10223422199487686,0.05114593729376793,0.1788274049758911,0.26552918553352356,-0.34924978017807007,-0.22626709938049316,0.12163695693016052,-0.04868333786725998,-0.22962529957294464,0.072891466319561,0.27962687611579895,-0.19048382341861725,C:/Users/ASUS/Downloads/3D_Human_Pose_NCKH/phase5_external_generalization/data/external_raw/Le2i/Coffee_room_02/Videos/video (57).avi,-1,-1,External
196,-0.0009656064212322235,0.0017122910358011723,-0.0012647360563278198,0.03646838292479515,0.03111455589532852,-0.1357424408197403,0.4663189649581909,0.04487307369709015,-0.05462472140789032,0.4246293604373932,0.48310190439224243,0.03154055401682854,-0.04025362804532051,-0.0338529497385025,0.13213244080543518,0.39447128772735596,-0.02420007437467575,0.27594679594039917,0.26051294803619385,0.40376177430152893,0.3060489296913147,0.11460099369287491,-0.2082633376121521,-0.06788593530654907,0.27270326018333435,-0.42034754157066345,-0.13111527264118195,0.2901935279369354,-0.41097891330718994,-0.10650759935379028,0.4985705018043518,-0.4584110677242279,-0.14559219777584076,0.2081621289253235,-0.44215625524520874,-0.016435658559203148,0.12388379871845245,-0.23611703515052795,0.12309980392456055,0.11142430454492569,0.053958989679813385,0.17075064778327942,0.28009647130966187,-0.34017670154571533,-0.22700685262680054,0.1317368447780609,-0.04163496941328049,-0.23091861605644226,0.07313036173582077,0.2842162549495697,-0.18657609820365906,C:/Users/ASUS/Downloads/3D_Human_Pose_NCKH/phase5_external_generalization/data/external_raw/Le2i/Coffee_room_02/Videos/video (57).avi,-1,-1,External
197,-0.0010319370776414871,0.0017437697388231754,-0.001333068124949932,0.036619845777750015,0.03069823607802391,-0.13448287546634674,0.46432703733444214,0.05425461754202843,-0.06198890507221222,0.418025404214859,0.4921438694000244,0.03364989906549454,-0.04028579220175743,-0.03304862603545189,0.1309203952550888,0.38863158226013184,-0.010715759359300137,0.27104684710502625,0.2552838623523712,0.4135220944881439,0.309026837348938,0.1208108514547348,-0.2040504366159439,-0.06836757063865662,0.285099059343338,-0.4101502001285553,-0.13361763954162598,0.3008771240711212,-0.3987610936164856,-0.1026117354631424,0.5095546245574951,-0.44234731793403625,-0.1426440328359604,0.21944373846054077,-0.43183639645576477,-0.02059190906584263,0.13004529476165771,-0.22890174388885498,0.11714023351669312,0.11613941937685013,0.0605028010904789,0.16068872809410095,0.2934364974498749,-0.33012670278549194,-0.2283933460712433,0.1423145830631256,-0.03417243808507919,-0.23475222289562225,0.0745493620634079,0.28840371966362,-0.18601174652576447,C:/Users/ASUS/Downloads/3D_Human_Pose_NCKH/phase5_external_generalization/data/external_raw/Le2i/Coffee_room_02/Videos/video (57).avi,-1,-1,External
198,-0.0010728966444730759,0.0017421049997210503,-0.0015204190276563168,0.03707439452409744,0.030272474512457848,-0.1335756927728653,0.46304768323898315,0.06523075699806213,-0.06993226706981659,0.4120877683162689,0.502373218536377,0.02697567269206047,-0.04063931852579117,-0.032320693135261536,0.12992829084396362,0.38076266646385193,-0.00017079617828130722,0.2653833031654358,0.2465742826461792,0.42135459184646606,0.31097280979156494,0.12703837454319,-0.19972006976604462,-0.06955181062221527,0.29760247468948364,-0.40011993050575256,-0.13566991686820984,0.3126496374607086,-0.38498741388320923,-0.09826318174600601,0.5223413109779358,-0.42591026425361633,-0.1380685418844223,0.23035959899425507,-0.4218529760837555,-0.024924995377659798,0.13716965913772583,-0.2209269255399704,0.10804791003465652,0.12009195983409882,0.06608051806688309,0.14862294495105743,0.30684712529182434,-0.3201751112937927,-0.22960680723190308,0.15376396477222443,-0.025252530351281166,-0.23862190544605255,0.07703974097967148,0.2925278842449188,-0.185764342546463,C:/Users/ASUS/Downloads/3D_Human_Pose_NCKH/phase5_external_generalization/data/external_raw/Le2i/Coffee_room_02/Videos/video (57).avi,-1,-1,External
199,-0.0010680854320526123,0.001643340103328228,-0.0012197084724903107,0.03815334290266037,0.029195282608270645,-0.1325547695159912,0.4636712074279785,0.07575754076242447,-0.07659608870744705,0.40821340680122375,0.5111876726150513,0.015365592204034328,-0.04201135411858559,-0.030992649495601654,0.12896940112113953,0.372726172208786,0.009712927974760532,0.26096659898757935,0.23891063034534454,0.428954541683197,0.3089815080165863,0.13380588591098785,-0.1947038322687149,-0.07052843272686005,0.3112388253211975,-0.39156657457351685,-0.13607220351696014,0.32522302865982056,-0.3727129101753235,-0.09219337999820709,0.5371220111846924,-0.4110445976257324,-0.1323980987071991,0.2409057319164276,-0.4122542142868042,-0.028456145897507668,0.1419413685798645,-0.2124953716993332,0.10016898810863495,0.11890000849962234,0.07226689904928207,0.1388189047574997,0.32111525535583496,-0.3119937777519226,-0.2301483452320099,0.1666249781847,-0.019161710515618324,-0.24398453533649445,0.08341371268033981,0.29343318939208984,-0.18647295236587524,C:/Users/ASUS/Downloads/3D_Human_Pose_NCKH/phase5_external_generalization/data/external_raw/Le2i/Coffee_room_02/Videos/video (57).avi,-1,-1,External
200,-0.0011406056582927704,0.0015946612693369389,-0.0015788041055202484,0.039895907044410706,0.028731655329465866,-0.13037507236003876,0.45962774753570557,0.08966090530157089,-0.08306626975536346,0.40111806988716125,0.5224074125289917,0.003623473457992077,-0.04273252561688423,-0.030407438054680824,0.12718459963798523,0.3590334355831146,0.01980569213628769,0.2555322051048279,0.22193175554275513,0.43634161353111267,0.30682581663131714,0.14043493568897247,-0.18937094509601593,-0.07011107355356216,0.3228580355644226,-0.38174349069595337,-0.13613229990005493,0.3347044885158539,-0.3594059646129608,-0.08600249886512756,0.5495866537094116,-0.39617908000946045,-0.1239609345793724,0.24915695190429688,-0.40289923548698425,-0.032576095312833786,0.1456528604030609,-0.20575954020023346,0.09091373533010483,0.12362664192914963,0.07245445996522903,0.12839831411838531,0.33340299129486084,-0.30157315731048584,-0.22878120839595795,0.17672692239284515,-0.009771274402737617,-0.24586109817028046,0.08617762476205826,0.2973365783691406,-0.18201947212219238,C:/Users/ASUS/Downloads/3D_Human_Pose_NCKH/phase5_external_generalization/data/external_raw/Le2i/Coffee_room_02/Videos/video (57).avi,-1,-1,External
201,-0.0012685619294643402,0.0016316608525812626,-0.0015849226620048285,0.0411287285387516,0.02793699875473976,-0.12938646972179413,0.45873478055000305,0.10274464637041092,-0.09207043051719666,0.39729607105255127,0.53195720911026,-0.013526053167879581,-0.04367866367101669,-0.029332974925637245,0.12617771327495575,0.35090112686157227,0.030212964862585068,0.25223463773727417,0.21357549726963043,0.4426133930683136,0.3053077161312103,0.14672233164310455,-0.18477189540863037,-0.0698172077536583,0.3336365222930908,-0.37322646379470825,-0.13524413108825684,0.3438411056995392,-0.34786224365234375,-0.07971449941396713,0.5599433183670044,-0.3814365863800049,-0.1172785833477974,0.25766441226005554,-0.3947296738624573,-0.03466472774744034,0.14911256730556488,-0.19851645827293396,0.08601188659667969,0.12369292229413986,0.0743781253695488,0.12232433259487152,0.345041424036026,-0.29320624470710754,-0.22671043872833252,0.186407670378685,-0.0032207537442445755,-0.24779176712036133,0.0929393321275711,0.29982495307922363,-0.18000110983848572,C:/Users/ASUS/Downloads/3D_Human_Pose_NCKH/phase5_external_generalization/data/external_raw/Le2i/Coffee_room_02/Videos/video (57).avi,-1,-1,External
202,-0.0014379983767867088,0.0016981558874249458,-0.0016312552616000175,0.04246465861797333,0.026741720736026764,-0.1286073476076126,0.4587002992630005,0.11452003568410873,-0.10412083566188812,0.3952692151069641,0.5400782227516174,-0.039380993694067,-0.044503092765808105,-0.02795761078596115,0.12586796283721924,0.34399333596229553,0.03567886725068092,0.2474265992641449,0.20475636422634125,0.44381338357925415,0.30094170570373535,0.15355800092220306,-0.1811583936214447,-0.06909619271755219,0.34471994638442993,-0.3661569356918335,-0.13342837989330292,0.3531232178211212,-0.3375268578529358,-0.07544685155153275,0.5711526870727539,-0.367866575717926,-0.11126203089952469,0.2669409215450287,-0.3888244330883026,-0.03513750061392784,0.15255936980247498,-0.19299954175949097,0.08154935389757156,0.12242826074361801,0.0757267102599144,0.11602434515953064,0.3567773997783661,-0.2853890061378479,-0.2229078859090805,0.19694213569164276,0.004922663792967796,-0.24728868901729584,0.1025298461318016,0.3045143485069275,-0.1761123538017273,C:/Users/ASUS/Downloads/3D_Human_Pose_NCKH/phase5_external_generalization/data/external_raw/Le2i/Coffee_room_02/Videos/video (57).avi,-1,-1,External
203,-0.0011679213494062424,0.0017003947868943214,-0.0016078443732112646,0.04421180859208107,0.024256866425275803,-0.12703582644462585,0.4581647515296936,0.12456976622343063,-0.11784151196479797,0.39215508103370667,0.5463855266571045,-0.06950201839208603,-0.04573143273591995,-0.02582918107509613,0.12474393844604492,0.33626601099967957,0.03815487027168274,0.24174699187278748,0.19418421387672424,0.44077789783477783,0.29860445857048035,0.1595800668001175,-0.1783297061920166,-0.0674806535243988,0.3547321557998657,-0.35900169610977173,-0.13098983466625214,0.3608197569847107,-0.3265990614891052,-0.07360509783029556,0.5804890394210815,-0.35530444979667664,-0.10801210254430771,0.27625003457069397,-0.3810889720916748,-0.03542843833565712,0.1555861234664917,-0.18441201746463776,0.07657670229673386,0.11884839087724686,0.08132090419530869,0.10884389281272888,0.3670412003993988,-0.27775129675865173,-0.21658219397068024,0.20879390835762024,0.011422855779528618,-0.24449175596237183,0.11381947249174118,0.3094482421875,-0.17183955013751984,C:/Users/ASUS/Downloads/3D_Human_Pose_NCKH/phase5_external_generalization/data/external_raw/Le2i/Coffee_room_02/Videos/video (57).avi,-1,-1,External
204,-0.0010518096387386322,0.0016589770093560219,-0.0015245960094034672,0.045473579317331314,0.023193608969449997,-0.12558281421661377,0.45699265599250793,0.13339050114154816,-0.1263880729675293,0.38895466923713684,0.553873598575592,-0.08894146233797073,-0.04651234298944473,-0.024752222001552582,0.12369164824485779,0.3286777138710022,0.04427603632211685,0.23771561682224274,0.18739089369773865,0.4426082968711853,0.3003064692020416,0.16500253975391388,-0.1739555448293686,-0.06690537929534912,0.36276566982269287,-0.35093939304351807,-0.12889491021633148,0.36627498269081116,-0.31578385829925537,-0.07232362031936646,0.5880964398384094,-0.34266602993011475,-0.10588089376688004,0.28349611163139343,-0.3733116388320923,-0.036257367581129074,0.1573321670293808,-0.17625974118709564,0.07142017036676407,0.117855504155159,0.08797242492437363,0.1000099778175354,0.3751773536205292,-0.26881957054138184,-0.21120737493038177,0.21774618327617645,0.018327144905924797,-0.24006734788417816,0.1231914684176445,0.31576377153396606,-0.16523973643779755,C:/Users/ASUS/Downloads/3D_Human_Pose_NCKH/phase5_external_generalization/data/external_raw/Le2i/Coffee_room_02/Videos/video (57).avi,-1,-1,External
205,-0.0011773277074098587,0.0016901539638638496,-0.0015196758322417736,0.046257127076387405,0.023313235491514206,-0.12476910650730133,0.45528045296669006,0.14019083976745605,-0.13116660714149475,0.3839448392391205,0.5596180558204651,-0.1026349887251854,-0.04680584743618965,-0.024500230327248573,0.12317760288715363,0.3212832510471344,0.0522257536649704,0.23479342460632324,0.1809859424829483,0.4461682438850403,0.30236709117889404,0.1704661101102829,-0.16921716928482056,-0.06638647615909576,0.3703054189682007,-0.3411119878292084,-0.1271388679742813,0.3705853819847107,-0.3043704032897949,-0.0699884369969368,0.5951331853866577,-0.3271758258342743,-0.10405326634645462,0.29066529870033264,-0.3658845126628876,-0.03639319911599159,0.15850523114204407,-0.17156293988227844,0.06984353065490723,0.11633878946304321,0.08976038545370102,0.09434004127979279,0.3825724422931671,-0.2585425078868866,-0.20644816756248474,0.2264672964811325,0.027001166716217995,-0.23366473615169525,0.13210906088352203,0.32477471232414246,-0.15594860911369324,C:/Users/ASUS/Downloads/3D_Human_Pose_NCKH/phase5_external_generalization/data/external_raw/Le2i/Coffee_room_02/Videos/video (57).avi,-1,-1,External
206,-0.0010792240500450134,0.0016354904510080814,-0.001457821810618043,0.04665137827396393,0.02318921871483326,-0.12387433648109436,0.4531116187572479,0.147569477558136,-0.13347475230693817,0.37794792652130127,0.5664414763450623,-0.11376383900642395,-0.046847037971019745,-0.024269772693514824,0.12260133028030396,0.31564345955848694,0.06263790279626846,0.23323440551757812,0.17728176712989807,0.4543551206588745,0.30597418546676636,0.17522983253002167,-0.16432300209999084,-0.0657186508178711,0.3767850399017334,-0.33160918951034546,-0.12558302283287048,0.3738885223865509,-0.29368147253990173,-0.06786369532346725,0.600374698638916,-0.31299909949302673,-0.10407248884439468,0.29654884338378906,-0.3577629625797272,-0.036069393157958984,0.1591273546218872,-0.16467855870723724,0.06927213072776794,0.11293982714414597,0.09676998108625412,0.08861924707889557,0.3886347711086273,-0.24837087094783783,-0.2021544873714447,0.23383073508739471,0.035266660153865814,-0.22537074983119965,0.14118938148021698,0.33333972096443176,-0.14599408209323883,C:/Users/ASUS/Downloads/3D_Human_Pose_NCKH/phase5_external_generalization/data/external_raw/Le2i/Coffee_room_02/Videos/video (57).avi,-1,-1,External
207,-0.001023855060338974,0.0015505431219935417,-0.0014712805859744549,0.046261534094810486,0.02318107709288597,-0.12376095354557037,0.4507235288619995,0.1542985588312149,-0.13479548692703247,0.3717013895511627,0.5730153918266296,-0.1228841245174408,-0.0461583286523819,-0.02428564988076687,0.12282514572143555,0.31296679377555847,0.07335776835680008,0.23344889283180237,0.1743171215057373,0.46326521039009094,0.31084874272346497,0.17928160727024078,-0.15977483987808228,-0.06585866957902908,0.38208308815956116,-0.32318761944770813,-0.12467200309038162,0.3758050501346588,-0.28455790877342224,-0.06704963743686676,0.6040760278701782,-0.30089735984802246,-0.10517870634794235,0.30161741375923157,-0.35145145654678345,-0.03592311218380928,0.16058453917503357,-0.15976424515247345,0.06930411607027054,0.11078927665948868,0.10229726880788803,0.08252984285354614,0.3931485414505005,-0.2392665445804596,-0.1982726752758026,0.2386733740568161,0.04290226101875305,-0.216233491897583,0.1496516317129135,0.3422667682170868,-0.13475169241428375,C:/Users/ASUS/Downloads/3D_Human_Pose_NCKH/phase5_external_generalization/data/external_raw/Le2i/Coffee_room_02/Videos/video (57).avi,-1,-1,External
208,-0.0010028332471847534,0.0014500375837087631,-0.0013668795581907034,0.044862035661935806,0.023150868713855743,-0.12338036298751831,0.4471026062965393,0.15945793688297272,-0.13030751049518585,0.36362504959106445,0.577948272228241,-0.11981648951768875,-0.0447978749871254,-0.02412347123026848,0.12279161810874939,0.31244078278541565,0.08863802254199982,0.23567529022693634,0.17450635135173798,0.4782322645187378,0.31900742650032043,0.1818292737007141,-0.1555047333240509,-0.06552952527999878,0.38475942611694336,-0.3149736821651459,-0.1248985305428505,0.37511032819747925,-0.2763003408908844,-0.0660700723528862,0.6044595837593079,-0.2897050976753235,-0.10817379504442215,0.3042135238647461,-0.344821572303772,-0.03654351830482483,0.16151036322116852,-0.1548496037721634,0.07144789397716522,0.10719176381826401,0.1077144593000412,0.07854647934436798,0.3950040638446808,-0.23108936846256256,-0.19634459912776947,0.2404385656118393,0.04892488569021225,-0.20804864168167114,0.15605098009109497,0.3501526117324829,-0.12612956762313843,C:/Users/ASUS/Downloads/3D_Human_Pose_NCKH/phase5_external_generalization/data/external_raw/Le2i/Coffee_room_02/Videos/video (57).avi,-1,-1,External
209,-0.0009642615914344788,0.0013894741423428059,-0.001320867333561182,0.04362907260656357,0.02321682684123516,-0.12249289453029633,0.44354894757270813,0.16498862206935883,-0.12109418213367462,0.35437747836112976,0.5806653499603271,-0.11037249863147736,-0.043258167803287506,-0.023918112739920616,0.12236857414245605,0.3109058737754822,0.10349347442388535,0.24129557609558105,0.17403638362884521,0.4923514425754547,0.33205536007881165,0.1839032918214798,-0.1517237275838852,-0.06278634071350098,0.38696375489234924,-0.3056955337524414,-0.12361796945333481,0.3746446669101715,-0.26776039600372314,-0.06441335380077362,0.604396641254425,-0.27806833386421204,-0.11003348976373672,0.306404173374176,-0.33685484528541565,-0.03496489301323891,0.16092899441719055,-0.15007644891738892,0.07340271025896072,0.10219182819128036,0.11221873015165329,0.07495991885662079,0.39686664938926697,-0.2223781794309616,-0.19305598735809326,0.24261502921581268,0.0556686669588089,-0.1992519646883011,0.16004177927970886,0.3580390512943268,-0.11838170140981674,C:/Users/ASUS/Downloads/3D_Human_Pose_NCKH/phase5_external_generalization/data/external_raw/Le2i/Coffee_room_02/Videos/video (57).avi,-1,-1,External
210,-0.0010732617229223251,0.0013769101351499557,-0.0013788861688226461,0.04312475398182869,0.022859029471874237,-0.12202663719654083,0.43935999274253845,0.17307373881340027,-0.10770651698112488,0.3458411395549774,0.5867654085159302,-0.09363450855016708,-0.0423346683382988,-0.023366142064332962,0.12213754653930664,0.30796346068382263,0.11787258088588715,0.24819503724575043,0.17279791831970215,0.5098123550415039,0.33915016055107117,0.18484608829021454,-0.14951500296592712,-0.05749983713030815,0.38837432861328125,-0.2997269630432129,-0.11715102195739746,0.3725811243057251,-0.26239341497421265,-0.05912480875849724,0.6021051406860352,-0.2700144052505493,-0.10755014419555664,0.3067323863506317,-0.3317950665950775,-0.029295479878783226,0.15847063064575195,-0.14813664555549622,0.07743043452501297,0.0899256244301796,0.1133745014667511,0.0769364982843399,0.3981305658817291,-0.2161599099636078,-0.1846512258052826,0.24233151972293854,0.05899904668331146,-0.19025248289108276,0.1618328094482422,0.36377641558647156,-0.10985523462295532,C:/Users/ASUS/Downloads/3D_Human_Pose_NCKH/phase5_external_generalization/data/external_raw/Le2i/Coffee_room_02/Videos/video (57).avi,-1,-1,External
211,-0.0015996955335140228,0.0017927023582160473,-0.0009287467692047358,0.04527854546904564,0.023485861718654633,-0.121757373213768,0.4358879327774048,0.18705223500728607,-0.09028339385986328,0.3393098711967468,0.5972594618797302,-0.0687941312789917,-0.044691819697618484,-0.022020014002919197,0.12139101326465607,0.29510483145713806,0.1349455863237381,0.2631881535053253,0.16107627749443054,0.5275940299034119,0.3520200550556183,0.18453285098075867,-0.14684949815273285,-0.055841509252786636,0.3863956034183502,-0.2938602566719055,-0.11207636445760727,0.3688570559024811,-0.26092085242271423,-0.05403938516974449,0.5974035263061523,-0.26236069202423096,-0.10020019114017487,0.3016439378261566,-0.32695209980010986,-0.025489645078778267,0.14895188808441162,-0.1479915976524353,0.07070330530405045,0.07006433606147766,0.09201476722955704,0.055684082210063934,0.39887645840644836,-0.2118128389120102,-0.17545656859874725,0.2428130805492401,0.060564860701560974,-0.183201402425766,0.1624789535999298,0.3668522536754608,-0.10256393998861313,C:/Users/ASUS/Downloads/3D_Human_Pose_NCKH/phase5_external_generalization/data/external_raw/Le2i/Coffee_room_02/Videos/video (57).avi,-1,-1,External
212,-0.0017852755263447762,0.0018773549236357212,-0.0006277086213231087,0.04719015583395958,0.023557588458061218,-0.12118320167064667,0.4305071532726288,0.19959841668605804,-0.07736470550298691,0.3354558050632477,0.6058513522148132,-0.04586191102862358,-0.0468691922724247,-0.021600129082798958,0.12120607495307922,0.2860768437385559,0.15236014127731323,0.27480584383010864,0.15452612936496735,0.5457344055175781,0.3507489264011383,0.1840895414352417,-0.14393307268619537,-0.05842389538884163,0.3843764066696167,-0.2892609238624573,-0.11062440276145935,0.36798638105392456,-0.2602214813232422,-0.05574658140540123,0.5931704044342041,-0.25942134857177734,-0.1011335626244545,0.29686233401298523,-0.32136282324790955,-0.024571726098656654,0.1450347602367401,-0.14795216917991638,0.06802401691675186,0.06172432377934456,0.06970732659101486,0.038344789296388626,0.39982905983924866,-0.21059709787368774,-0.16902229189872742,0.24354074895381927,0.05937526375055313,-0.17819447815418243,0.16485901176929474,0.366594523191452,-0.0997641310095787,C:/Users/ASUS/Downloads/3D_Human_Pose_NCKH/phase5_external_generalization/data/external_raw/Le2i/Coffee_room_02/Videos/video (57).avi,-1,-1,External
213,-0.001789737492799759,0.002357840072363615,-0.0005975724197924137,0.050292160362005234,0.024734128266572952,-0.12242655456066132,0.42578017711639404,0.21232539415359497,-0.0628405213356018,0.33509621024131775,0.6103228330612183,-0.01641339436173439,-0.04945041239261627,-0.021714555099606514,0.1222272664308548,0.2723099887371063,0.1676911860704422,0.2882790267467499,0.13773682713508606,0.5590096712112427,0.33390524983406067,0.18432147800922394,-0.14191603660583496,-0.059821613132953644,0.38461992144584656,-0.28493908047676086,-0.10714007914066315,0.3708229064941406,-0.2603646218776703,-0.054926548153162,0.5907678604125977,-0.25916555523872375,-0.09777813404798508,0.2937229871749878,-0.314934641122818,-0.020702606067061424,0.14390695095062256,-0.14492911100387573,0.07295209914445877,0.06034885719418526,0.051416341215372086,0.042917151004076004,0.40487226843833923,-0.20946086943149567,-0.1632164865732193,0.24451757967472076,0.05944414436817169,-0.17447251081466675,0.1673601269721985,0.3676494061946869,-0.09512387216091156,C:/Users/ASUS/Downloads/3D_Human_Pose_NCKH/phase5_external_generalization/data/external_raw/Le2i/Coffee_room_02/Videos/video (57).avi,-1,-1,External
214,-0.001633993349969387,0.0024482719600200653,-0.00035174982622265816,0.051100511103868484,0.02501736208796501,-0.12485216557979584,0.4178856611251831,0.2216189056634903,-0.05771573632955551,0.3399990499019623,0.6072439551353455,0.003483179025352001,-0.05008826404809952,-0.021998479962348938,0.12489132583141327,0.2715727388858795,0.1841437667608261,0.28592798113822937,0.13923591375350952,0.5700476169586182,0.25818076729774475,0.1793840229511261,-0.14210599660873413,-0.06786017119884491,0.38145703077316284,-0.2836894094944,-0.11306598037481308,0.3719457685947418,-0.2631905972957611,-0.058380622416734695,0.5832406878471375,-0.2624965310096741,-0.1026546061038971,0.28633055090904236,-0.3103233575820923,-0.021474121138453484,0.1431051790714264,-0.14038127660751343,0.07693513482809067,0.05999257043004036,0.018319174647331238,0.05220001935958862,0.40343397855758667,-0.21184879541397095,-0.17179438471794128,0.23675468564033508,0.058354802429676056,-0.18149515986442566,0.17232976853847504,0.3621757924556732,-0.09894626587629318,C:/Users/ASUS/Downloads/3D_Human_Pose_NCKH/phase5_external_generalization/data/external_raw/Le2i/Coffee_room_02/Videos/video (57).avi,-1,-1,External
215,-0.001747998408973217,0.002734703943133354,-0.00028912979178130627,0.050786424428224564,0.025545062497258186,-0.12640079855918884,0.4092058539390564,0.22955633699893951,-0.04924609139561653,0.3387824296951294,0.6061139106750488,0.015877585858106613,-0.049864642322063446,-0.02119000069797039,0.12587615847587585,0.2628535032272339,0.18943284451961517,0.2663135826587677,0.1244741678237915,0.5727649927139282,0.17825885117053986,0.17434532940387726,-0.14446958899497986,-0.07055623829364777,0.3774943947792053,-0.2868584394454956,-0.11541587859392166,0.36983683705329895,-0.2722020447254181,-0.0506279319524765,0.5770858526229858,-0.2731426954269409,-0.09840554744005203,0.2805342972278595,-0.3139069974422455,-0.019941003993153572,0.14598804712295532,-0.14691218733787537,0.0818735659122467,0.06766477972269058,-0.006935053505003452,0.07959677278995514,0.4025289714336395,-0.21982836723327637,-0.17775268852710724,0.23051929473876953,0.05256270617246628,-0.18463365733623505,0.17141157388687134,0.35360288619995117,-0.09851391613483429,C:/Users/ASUS/Downloads/3D_Human_Pose_NCKH/phase5_external_generalization/data/external_raw/Le2i/Coffee_room_02/Videos/video (57).avi,-1,-1,External
216,-0.0016625896096229553,0.0029227742925286293,-0.0004026987589895725,0.0517689548432827,0.0253552608191967,-0.1254190355539322,0.40110915899276733,0.2365516722202301,-0.04490900784730911,0.3284485638141632,0.6091271042823792,0.018994327634572983,-0.05091467127203941,-0.020393311977386475,0.12479609251022339,0.2567481994628906,0.1946960687637329,0.2507104277610779,0.12079885601997375,0.5815256237983704,0.1289033591747284,0.17191974818706512,-0.1475204974412918,-0.06718087941408157,0.3754423260688782,-0.29125329852104187,-0.11175323277711868,0.3671439588069916,-0.28079238533973694,-0.04297144338488579,0.5726829171180725,-0.28541597723960876,-0.09335646033287048,0.2780008316040039,-0.3191455602645874,-0.014519436284899712,0.14908313751220703,-0.15557309985160828,0.0876447930932045,0.08232183754444122,-0.013255159370601177,0.10561253130435944,0.40192368626594543,-0.22877487540245056,-0.17508137226104736,0.22934965789318085,0.04707757383584976,-0.17766942083835602,0.171827033162117,0.3472396433353424,-0.08690017461776733,C:/Users/ASUS/Downloads/3D_Human_Pose_NCKH/phase5_external_generalization/data/external_raw/Le2i/Coffee_room_02/Videos/video (57).avi,-1,-1,External
217,-0.0008933823555707932,0.0025071040727198124,-0.0007265894673764706,0.05364128574728966,0.023382021114230156,-0.1213027834892273,0.3933727741241455,0.239026740193367,-0.045211005955934525,0.3193240761756897,0.6068869233131409,0.017883341759443283,-0.05243784189224243,-0.020059967413544655,0.12123239040374756,0.2552473843097687,0.20402662456035614,0.2546524703502655,0.1292790174484253,0.5933982729911804,0.10778334736824036,0.17216524481773376,-0.14993008971214294,-0.05960913747549057,0.3761289119720459,-0.2910774350166321,-0.10323628038167953,0.36545005440711975,-0.2819901704788208,-0.0438913069665432,0.5720916986465454,-0.2890869379043579,-0.09330625087022781,0.2796461582183838,-0.3181147277355194,-0.0068006194196641445,0.14992347359657288,-0.1554054617881775,0.09583047777414322,0.09750638157129288,-0.007916913367807865,0.12014813721179962,0.40206000208854675,-0.23264116048812866,-0.16177494823932648,0.2347838431596756,0.04410877823829651,-0.16393347084522247,0.17828688025474548,0.34249812364578247,-0.07173334062099457,C:/Users/ASUS/Downloads/3D_Human_Pose_NCKH/phase5_external_generalization/data/external_raw/Le2i/Coffee_room_02/Videos/video (57).avi,-1,-1,External
218,-0.000746401958167553,0.002149075735360384,-0.0008389134891331196,0.056236520409584045,0.01993853971362114,-0.11698891222476959,0.3849644362926483,0.24272602796554565,-0.04460311681032181,0.30497005581855774,0.6122451424598694,0.01407144870609045,-0.054949209094047546,-0.017655910924077034,0.11725078523159027,0.2552827298641205,0.21135415136814117,0.2672727108001709,0.14099718630313873,0.6124417185783386,0.10840402543544769,0.17238344252109528,-0.15346139669418335,-0.04724988341331482,0.3766229748725891,-0.2968195676803589,-0.08790510892868042,0.3638882339000702,-0.28650233149528503,-0.04085473343729973,0.5707691311836243,-0.29555124044418335,-0.0874541774392128,0.27941441535949707,-0.32383352518081665,0.006294312421232462,0.14868304133415222,-0.15939834713935852,0.10676657408475876,0.10982219129800797,0.0025162911042571068,0.13248054683208466,0.40341341495513916,-0.2399439662694931,-0.14262263476848602,0.24146254360675812,0.038919657468795776,-0.14948591589927673,0.18591827154159546,0.3362785577774048,-0.058784518390893936,C:/Users/ASUS/Downloads/3D_Human_Pose_NCKH/phase5_external_generalization/data/external_raw/Le2i/Coffee_room_02/Videos/video (57).avi,-1,-1,External
219,-0.0009080218151211739,0.0019951360300183296,-0.0006959531456232071,0.058532919734716415,0.015643350780010223,-0.1133347824215889,0.3776981830596924,0.24449388682842255,-0.03972287103533745,0.29195520281791687,0.6175540089607239,0.008313695900142193,-0.057548947632312775,-0.01353746559470892,0.11348946392536163,0.25089535117149353,0.21464839577674866,0.27349546551704407,0.14632786810398102,0.6308802366256714,0.1167597770690918,0.17231261730194092,-0.1571231335401535,-0.03377646952867508,0.3756534457206726,-0.3040981590747833,-0.06978382170200348,0.36255741119384766,-0.29169052839279175,-0.031083524227142334,0.5703425407409668,-0.3034875988960266,-0.07332459092140198,0.2779563367366791,-0.3311416804790497,0.02283734269440174,0.14859160780906677,-0.16392984986305237,0.11935875564813614,0.12121293693780899,0.007838494144380093,0.14542140066623688,0.4042651057243347,-0.24868997931480408,-0.12198662012815475,0.24821870028972626,0.03130052238702774,-0.13549865782260895,0.1912032663822174,0.3256964385509491,-0.048047035932540894,C:/Users/ASUS/Downloads/3D_Human_Pose_NCKH/phase5_external_generalization/data/external_raw/Le2i/Coffee_room_02/Videos/video (57).avi,-1,-1,External
220,-0.0013172579929232597,0.0018927031196653843,-0.0006832284852862358,0.059993766248226166,0.011668809689581394,-0.1108202263712883,0.37023741006851196,0.24634307622909546,-0.035991787910461426,0.28002026677131653,0.62327641248703,0.001144244335591793,-0.05922394245862961,-0.009517431259155273,0.11101128160953522,0.24584239721298218,0.2196468859910965,0.27429914474487305,0.15207086503505707,0.6502026319503784,0.1277172565460205,0.17105238139629364,-0.16032931208610535,-0.022671902552247047,0.3726422190666199,-0.31290823221206665,-0.05446347966790199,0.3592436611652374,-0.2971528470516205,-0.020171448588371277,0.5670801401138306,-0.3140152394771576,-0.056417569518089294,0.27423015236854553,-0.3411560356616974,0.03708067163825035,0.14668338000774384,-0.1717333197593689,0.12927943468093872,0.13263142108917236,0.0035637272521853447,0.15678787231445312,0.40310633182525635,-0.25735214352607727,-0.10542184114456177,0.25116032361984253,0.0222958754748106,-0.12550026178359985,0.19583594799041748,0.312906414270401,-0.040018945932388306,C:/Users/ASUS/Downloads/3D_Human_Pose_NCKH/phase5_external_generalization/data/external_raw/Le2i/Coffee_room_02/Videos/video (57).avi,-1,-1,External
221,-0.0011370573192834854,0.0015500201843678951,-0.0010523428209125996,0.061666715890169144,0.0072033340111374855,-0.10889080166816711,0.3618471622467041,0.247549906373024,-0.029304474592208862,0.2685527503490448,0.6303812265396118,-0.001963169313967228,-0.06090708449482918,-0.006558575667440891,0.11004564166069031,0.24098655581474304,0.23003123700618744,0.2712004482746124,0.16314421594142914,0.6714628338813782,0.13350291550159454,0.16753415763378143,-0.1633293777704239,-0.014313235878944397,0.36695271730422974,-0.32249218225479126,-0.04356660693883896,0.3540586531162262,-0.30275237560272217,-0.009590343572199345,0.5610514283180237,-0.3283911347389221,-0.04348408430814743,0.2674499452114105,-0.34987637400627136,0.04860049858689308,0.14446349442005157,-0.18005022406578064,0.13967731595039368,0.14516587555408478,-0.0050371261313557625,0.16652601957321167,0.3997534215450287,-0.2661702036857605,-0.09326773881912231,0.2509731650352478,0.011238837614655495,-0.1170598566532135,0.2000386118888855,0.2979910373687744,-0.03357577323913574,C:/Users/ASUS/Downloads/3D_Human_Pose_NCKH/phase5_external_generalization/data/external_raw/Le2i/Coffee_room_02/Videos/video (57).avi,-1,-1,External
222,-0.0012977663427591324,0.0014702947810292244,-0.0010395110584795475,0.06356034427881241,0.004572409205138683,-0.10726097226142883,0.3558809161186218,0.25086966156959534,-0.021787524223327637,0.26235657930374146,0.6410261392593384,0.004396258853375912,-0.06285116821527481,-0.004299224354326725,0.10858173668384552,0.2278604507446289,0.2434920072555542,0.26809269189834595,0.1643536239862442,0.691713273525238,0.13681486248970032,0.16199906170368195,-0.16629783809185028,-0.009930629283189774,0.35744529962539673,-0.3349093794822693,-0.03472026437520981,0.3452300727367401,-0.3127911388874054,0.00012678932398557663,0.5516214966773987,-0.3467193841934204,-0.03128530830144882,0.25635021924972534,-0.36301711201667786,0.05752372741699219,0.13214567303657532,-0.19258156418800354,0.15008306503295898,0.14856424927711487,-0.01948975771665573,0.176345556974411,0.39509981870651245,-0.277879923582077,-0.08449140191078186,0.24917392432689667,-0.0028920453041791916,-0.11180727928876877,0.20642885565757751,0.28284671902656555,-0.023400943726301193,C:/Users/ASUS/Downloads/3D_Human_Pose_NCKH/phase5_external_generalization/data/external_raw/Le2i/Coffee_room_02/Videos/video (57).avi,-1,-1,External
223,-0.0010685650631785393,0.0012887772172689438,-0.0012420089915394783,0.06580458581447601,0.0030572370160371065,-0.10454987734556198,0.34980714321136475,0.2521665096282959,-0.017919624224305153,0.25999715924263,0.6454771757125854,0.013355332426726818,-0.0648285374045372,-0.0032099534291774035,0.1061074435710907,0.2131340652704239,0.25833064317703247,0.26457756757736206,0.16122230887413025,0.7056372761726379,0.1291235089302063,0.15681882202625275,-0.16900183260440826,-0.01088375598192215,0.34809085726737976,-0.3428880274295807,-0.03058861941099167,0.33906933665275574,-0.32198119163513184,0.0033709732815623283,0.5416423678398132,-0.3609824478626251,-0.025636786594986916,0.24608992040157318,-0.37211135029792786,0.0620015449821949,0.12960240244865417,-0.20479600131511688,0.15859805047512054,0.17023327946662903,-0.03299643471837044,0.18325835466384888,0.38857921957969666,-0.287187784910202,-0.08121594786643982,0.2492138296365738,-0.010939309373497963,-0.11047124862670898,0.21385198831558228,0.2696925401687622,-0.01473180204629898,C:/Users/ASUS/Downloads/3D_Human_Pose_NCKH/phase5_external_generalization/data/external_raw/Le2i/Coffee_room_02/Videos/video (57).avi,-1,-1,External
224,-0.0014230627566576004,0.0005104057490825653,-0.0014809914864599705,0.06810541450977325,0.00367169757373631,-0.1012524664402008,0.34311163425445557,0.25670820474624634,-0.0061361417174339294,0.26222124695777893,0.6555187702178955,0.026363804936408997,-0.06742426007986069,-0.00408854428678751,0.10311856865882874,0.19410857558250427,0.27146783471107483,0.2588666081428528,0.1512390375137329,0.7125096917152405,0.11850897967815399,0.14834333956241608,-0.17300041019916534,-0.010339826345443726,0.3331108093261719,-0.3536438047885895,-0.027989622205495834,0.3246012032032013,-0.3312186598777771,0.004115142859518528,0.52463299036026,-0.3778652250766754,-0.01874876581132412,0.22808536887168884,-0.3881988823413849,0.06542893499135971,0.1126055121421814,-0.24156951904296875,0.16511270403862,0.1619797646999359,-0.11212696135044098,0.182646244764328,0.37735843658447266,-0.2973233163356781,-0.07929261028766632,0.24666689336299896,-0.022161701694130898,-0.10862896591424942,0.21761170029640198,0.26006466150283813,0.006404199171811342,C:/Users/ASUS/Downloads/3D_Human_Pose_NCKH/phase5_external_generalization/data/external_raw/Le2i/Coffee_room_02/Videos/video (57).avi,-1,-1,External
225,-0.001646311953663826,0.000539182685315609,-0.0016727489419281483,0.07100710272789001,0.0029595152009278536,-0.09784277528524399,0.3333076238632202,0.26030293107032776,0.0039003370329737663,0.25934743881225586,0.6611226797103882,0.046836793422698975,-0.07009729743003845,-0.002639561193063855,0.09933716058731079,0.17307528853416443,0.284148246049881,0.25735580921173096,0.13388888537883759,0.722865104675293,0.11393401771783829,0.14175690710544586,-0.17591029405593872,-0.011635459959506989,0.31690680980682373,-0.3635380268096924,-0.025970421731472015,0.30943432450294495,-0.3428080677986145,0.0050802165642380714,0.5036822557449341,-0.39726734161376953,-0.015780476853251457,0.20997309684753418,-0.3959987461566925,0.06650056689977646,0.10095611959695816,-0.2479332983493805,0.1752951443195343,0.16459959745407104,-0.12304116040468216,0.19224563241004944,0.36549699306488037,-0.30715349316596985,-0.07781277596950531,0.24210365116596222,-0.03439827263355255,-0.10619645565748215,0.22124244272708893,0.2448020577430725,0.014377366751432419,C:/Users/ASUS/Downloads/3D_Human_Pose_NCKH/phase5_external_generalization/data/external_raw/Le2i/Coffee_room_02/Videos/video (57).avi,-1,-1,External
226,-0.0013258280232548714,0.0004885271191596985,-0.001435508020222187,0.0740683302283287,0.0016100641805678606,-0.09467918425798416,0.3259020149707794,0.2616254687309265,0.01039051916450262,0.2588733732700348,0.6602779030799866,0.06416072696447372,-0.07291047275066376,-0.0012851108331233263,0.09598420560359955,0.15319567918777466,0.29645559191703796,0.25201255083084106,0.11297314614057541,0.7322970032691956,0.10861833393573761,0.1357685625553131,-0.17800086736679077,-0.01534830778837204,0.30188971757888794,-0.37125805020332336,-0.029111571609973907,0.2959486246109009,-0.354310542345047,0.0017484789714217186,0.48452454805374146,-0.4139631986618042,-0.020653603598475456,0.19290807843208313,-0.4006027579307556,0.06275735050439835,0.0970039889216423,-0.25062593817710876,0.1806183010339737,0.18270185589790344,-0.1296103298664093,0.1979869306087494,0.35423919558525085,-0.3165231943130493,-0.08088196814060211,0.23907703161239624,-0.04523727297782898,-0.10638818144798279,0.2260170727968216,0.22498555481433868,0.01494700089097023,C:/Users/ASUS/Downloads/3D_Human_Pose_NCKH/phase5_external_generalization/data/external_raw/Le2i/Coffee_room_02/Videos/video (57).avi,-1,-1,External
227,-0.0015228604897856712,0.00024923309683799744,-0.0012779603712260723,0.0773184671998024,0.00015317578800022602,-0.09119332581758499,0.316803902387619,0.26089000701904297,0.023336337879300117,0.256840318441391,0.6582748889923096,0.08452736586332321,-0.07599760591983795,0.00026148813776671886,0.09234066307544708,0.12923145294189453,0.3057272136211395,0.24387997388839722,0.08763152360916138,0.7384782433509827,0.10600124299526215,0.12769393622875214,-0.1818900853395462,-0.01585361361503601,0.28232789039611816,-0.38321954011917114,-0.029253553599119186,0.2744464874267578,-0.3662572503089905,0.0032603805884718895,0.45945584774017334,-0.4334182143211365,-0.01950949989259243,0.17029696702957153,-0.40881016850471497,0.059051066637039185,0.0784410610795021,-0.25563615560531616,0.18624329566955566,0.17360469698905945,-0.14072372019290924,0.20610196888446808,0.3397994339466095,-0.327039510011673,-0.08011376857757568,0.23445439338684082,-0.059479206800460815,-0.10403616726398468,0.23156167566776276,0.20543307065963745,0.018435917794704437,C:/Users/ASUS/Downloads/3D_Human_Pose_NCKH/phase5_external_generalization/data/external_raw/Le2i/Coffee_room_02/Videos/video (57).avi,-1,-1,External
228,-0.0017022136598825455,0.0002509411424398422,-0.0013686860911548138,0.08009441941976547,9.296764619648457e-05,-0.08875620365142822,0.30624157190322876,0.26082903146743774,0.03472531959414482,0.2526037096977234,0.6552535891532898,0.1031523272395134,-0.07860709726810455,0.0007987252902239561,0.08960860967636108,0.10901752859354019,0.3135915696620941,0.24134021997451782,0.06765803694725037,0.744558572769165,0.10819953680038452,0.11954610049724579,-0.18561036884784698,-0.018908360973000526,0.2645379304885864,-0.39235877990722656,-0.03302878513932228,0.2555461823940277,-0.37459370493888855,0.0006013130769133568,0.4356389045715332,-0.4487017095088959,-0.02249513752758503,0.15031267702579498,-0.41558516025543213,0.053882621228694916,0.059780001640319824,-0.2602624297142029,0.18842081725597382,0.16409635543823242,-0.1488121896982193,0.21028587222099304,0.3258737623691559,-0.33712753653526306,-0.08239953964948654,0.23227764666080475,-0.07018059492111206,-0.10366528481245041,0.23695462942123413,0.19014695286750793,0.018543671816587448,C:/Users/ASUS/Downloads/3D_Human_Pose_NCKH/phase5_external_generalization/data/external_raw/Le2i/Coffee_room_02/Videos/video (57).avi,-1,-1,External
229,-0.0017572641372680664,1.3714656233787537e-05,-0.001459590159356594,0.08289575576782227,0.00012296740896999836,-0.0859697014093399,0.2982522249221802,0.2572912573814392,0.049744267016649246,0.2492663562297821,0.646163284778595,0.12675334513187408,-0.08122216165065765,0.0007540180813521147,0.08710658550262451,0.08642048388719559,0.3211648464202881,0.24244758486747742,0.04337745159864426,0.7481741309165955,0.11575345695018768,0.11041687428951263,-0.18920357525348663,-0.02273009717464447,0.24538181722164154,-0.4023635983467102,-0.03584807738661766,0.23400884866714478,-0.3835158348083496,-6.798002868890762e-05,0.41197991371154785,-0.4656238853931427,-0.021982470527291298,0.12862499058246613,-0.42192232608795166,0.047614436596632004,0.038390494883060455,-0.26023855805397034,0.18914157152175903,0.14878734946250916,-0.14497031271457672,0.21495331823825836,0.3124261796474457,-0.347208708524704,-0.0828927755355835,0.23026464879512787,-0.08206319063901901,-0.10126620531082153,0.24370187520980835,0.17132581770420074,0.014138709753751755,C:/Users/ASUS/Downloads/3D_Human_Pose_NCKH/phase5_external_generalization/data/external_raw/Le2i/Coffee_room_02/Videos/video (57).avi,-1,-1,External
230,-0.0015565752983093262,-0.00022353604435920715,-0.0013347077183425426,0.08635778725147247,0.000897485064342618,-0.08316674828529358,0.28970104455947876,0.2530563473701477,0.07389073818922043,0.24255549907684326,0.6358062028884888,0.1538476049900055,-0.08479314297437668,1.196516677737236e-06,0.0842120349407196,0.06332376599311829,0.3277052938938141,0.24708952009677887,0.020335614681243896,0.7514482736587524,0.126789391040802,0.0997937023639679,-0.19307617843151093,-0.028495362028479576,0.22516122460365295,-0.4133206605911255,-0.04201062023639679,0.2109730839729309,-0.39302465319633484,-0.003086666576564312,0.386985719203949,-0.48278000950813293,-0.023416737094521523,0.10573329776525497,-0.4291098117828369,0.03725830838084221,0.010230767540633678,-0.2598273754119873,0.1850530505180359,0.12049061805009842,-0.13800261914730072,0.2173113077878952,0.2991497218608856,-0.3581971824169159,-0.08616390824317932,0.2280249148607254,-0.09563855081796646,-0.10028660297393799,0.25030621886253357,0.15139378607273102,0.00662611098960042,C:/Users/ASUS/Downloads/3D_Human_Pose_NCKH/phase5_external_generalization/data/external_raw/Le2i/Coffee_room_02/Videos/video (57).avi,-1,-1,External
231,-0.0015677623450756073,-0.0003420533612370491,-0.0012829296756535769,0.08948352187871933,0.002412243979051709,-0.08002999424934387,0.27881094813346863,0.2518022954463959,0.09869743138551712,0.2362230122089386,0.6265890002250671,0.1818837672472,-0.08797895908355713,-0.0013898119796067476,0.0812607854604721,0.042680852115154266,0.3333536982536316,0.24989622831344604,-0.0018374035134911537,0.7544124722480774,0.1374676674604416,0.08934510499238968,-0.19587081670761108,-0.03746776655316353,0.204647496342659,-0.4200792908668518,-0.05694446340203285,0.18864142894744873,-0.399515300989151,-0.013994420878589153,0.36208218336105347,-0.4934452176094055,-0.03527655452489853,0.08383921533823013,-0.43537619709968567,0.01940167136490345,-0.013731756247580051,-0.26368650794029236,0.17351850867271423,0.10287443548440933,-0.14360086619853973,0.2119879126548767,0.28451353311538696,-0.36697086691856384,-0.0966007187962532,0.22563272714614868,-0.10312995314598083,-0.10231159627437592,0.2530278265476227,0.13440781831741333,0.0014674295671284199,C:/Users/ASUS/Downloads/3D_Human_Pose_NCKH/phase5_external_generalization/data/external_raw/Le2i/Coffee_room_02/Videos/video (57).avi,-1,-1,External
232,-0.001595180481672287,-0.0005301423370838165,-0.001148170093074441,0.09237111359834671,0.003923526965081692,-0.07678528130054474,0.2674214839935303,0.2522781491279602,0.12437326461076736,0.22863295674324036,0.6196190714836121,0.21266354620456696,-0.09100160002708435,-0.0030663509387522936,0.0784280002117157,0.02554027922451496,0.33879169821739197,0.25178396701812744,-0.02146173268556595,0.7570294737815857,0.1495599001646042,0.07981045544147491,-0.1981579065322876,-0.047159984707832336,0.18546997010707855,-0.4244004487991333,-0.07482777535915375,0.16898930072784424,-0.4043300747871399,-0.0276777483522892,0.33928269147872925,-0.5015426874160767,-0.049036622047424316,0.0636233389377594,-0.44128671288490295,-0.00039436621591448784,-0.03669532388448715,-0.2710144817829132,0.15917152166366577,0.08941267430782318,-0.15821272134780884,0.20171760022640228,0.27019771933555603,-0.3746744394302368,-0.10995185375213623,0.22532807290554047,-0.10734845697879791,-0.10563908517360687,0.25379958748817444,0.11916748434305191,-0.00249765207991004,C:/Users/ASUS/Downloads/3D_Human_Pose_NCKH/phase5_external_generalization/data/external_raw/Le2i/Coffee_room_02/Videos/video (57).avi,-1,-1,External
233,-0.001539948396384716,-0.0005013775080442429,-0.001062474213540554,0.09490019828081131,0.004870655946433544,-0.07378076016902924,0.2549462914466858,0.2541680932044983,0.151590496301651,0.21922001242637634,0.6153360605239868,0.2485574334859848,-0.09361211955547333,-0.003836794989183545,0.07539187371730804,0.010253800079226494,0.34235960245132446,0.25263357162475586,-0.03979724273085594,0.7579284906387329,0.15821073949337006,0.07111671566963196,-0.2001853883266449,-0.056254204362630844,0.16844046115875244,-0.42867666482925415,-0.09036103636026382,0.15157300233840942,-0.40894773602485657,-0.040240827947854996,0.31832045316696167,-0.5094308257102966,-0.05866951495409012,0.04566841199994087,-0.44644424319267273,-0.019294705241918564,-0.06273355334997177,-0.27341800928115845,0.1422121375799179,0.06537766754627228,-0.16337060928344727,0.19126196205615997,0.2577853500843048,-0.38078758120536804,-0.12168377637863159,0.225935161113739,-0.10837967693805695,-0.10814008116722107,0.2556287944316864,0.10959041863679886,-0.004581013228744268,C:/Users/ASUS/Downloads/3D_Human_Pose_NCKH/phase5_external_generalization/data/external_raw/Le2i/Coffee_room_02/Videos/video (57).avi,-1,-1,External
234,-0.0012797284871339798,-0.0006466563791036606,-0.0008264044299721718,0.0976816937327385,0.004634949378669262,-0.07099872827529907,0.2440822571516037,0.25612500309944153,0.17615720629692078,0.20762181282043457,0.6109868884086609,0.28270211815834045,-0.09654881060123444,-0.003906778059899807,0.0729440301656723,-0.002606751164421439,0.34604236483573914,0.2526983618736267,-0.05574300140142441,0.7564358115196228,0.1641262322664261,0.06327446550130844,-0.20170708000659943,-0.06295675784349442,0.1533633917570114,-0.43176111578941345,-0.10161378979682922,0.13663864135742188,-0.41338837146759033,-0.04829012230038643,0.300283819437027,-0.5170276761054993,-0.0621795728802681,0.030074801295995712,-0.4495282471179962,-0.03468497097492218,-0.08704933524131775,-0.27396753430366516,0.12583065032958984,0.04137115925550461,-0.16475854814052582,0.1777649074792862,0.246420755982399,-0.38555067777633667,-0.13051928579807281,0.2270217388868332,-0.1087016761302948,-0.10907629132270813,0.2571083605289459,0.10289184004068375,-0.004736026283353567,C:/Users/ASUS/Downloads/3D_Human_Pose_NCKH/phase5_external_generalization/data/external_raw/Le2i/Coffee_room_02/Videos/video (57).avi,-1,-1,External
235,-0.0012429878115653992,-0.0007309038192033768,-0.000669396948069334,0.09991656988859177,0.004933825694024563,-0.06810390949249268,0.23090925812721252,0.2600015699863434,0.20005282759666443,0.19413626194000244,0.6141958236694336,0.31460171937942505,-0.09920702129602432,-0.003980888985097408,0.06954352557659149,-0.012797335162758827,0.34716522693634033,0.2512977123260498,-0.06651581823825836,0.7563629746437073,0.166165292263031,0.05707341060042381,-0.20409856736660004,-0.06610612571239471,0.14108960330486298,-0.4369331896305084,-0.10557311028242111,0.1222049668431282,-0.4183257818222046,-0.05065217986702919,0.2836030125617981,-0.5266725420951843,-0.057267382740974426,0.01590271294116974,-0.4533582031726837,-0.04366587847471237,-0.11741125583648682,-0.2714083194732666,0.11130645126104355,0.000674945767968893,-0.16442954540252686,0.16548782587051392,0.23748114705085754,-0.3903140723705292,-0.13431037962436676,0.22604621946811676,-0.10897338390350342,-0.10831069946289062,0.2603793740272522,0.10125615447759628,7.380032911896706e-05,C:/Users/ASUS/Downloads/3D_Human_Pose_NCKH/phase5_external_generalization/data/external_raw/Le2i/Coffee_room_02/Videos/video (57).avi,-1,-1,External
236,-0.0011017164215445518,-0.000775565393269062,-0.0006398581899702549,0.10128830373287201,0.0059770820662379265,-0.06549215316772461,0.21731355786323547,0.2649722099304199,0.2144598513841629,0.18157100677490234,0.6188613772392273,0.33929571509361267,-0.10084355622529984,-0.004935641773045063,0.06658579409122467,-0.022106172516942024,0.3498677909374237,0.24742427468299866,-0.07678815722465515,0.7572439312934875,0.16352806985378265,0.05204007029533386,-0.20577412843704224,-0.07061134278774261,0.13085207343101501,-0.44067755341529846,-0.11066549271345139,0.11113034933805466,-0.42166218161582947,-0.05543864145874977,0.2692822217941284,-0.5330978035926819,-0.05533795803785324,0.004621338099241257,-0.4563669264316559,-0.05150416120886803,-0.1382904350757599,-0.27346208691596985,0.0991443544626236,-0.022706111893057823,-0.17148609459400177,0.15448467433452606,0.22767707705497742,-0.39309319853782654,-0.1404770314693451,0.22358302772045135,-0.10785036534070969,-0.11000960320234299,0.2618560492992401,0.09806894510984421,0.00256879860535264,C:/Users/ASUS/Downloads/3D_Human_Pose_NCKH/phase5_external_generalization/data/external_raw/Le2i/Coffee_room_02/Videos/video (57).avi,-1,-1,External
237,-0.001067078672349453,-0.0007113255560398102,-0.0005497569218277931,0.10154500603675842,0.008261687122285366,-0.06272991001605988,0.20308604836463928,0.27426910400390625,0.21992996335029602,0.1691966950893402,0.6287866234779358,0.3633056879043579,-0.10149755328893661,-0.007083472795784473,0.06340566277503967,-0.03006657212972641,0.3522528111934662,0.24265648424625397,-0.0885152667760849,0.7597197890281677,0.16118356585502625,0.04783949255943298,-0.20665355026721954,-0.07392355799674988,0.12263663858175278,-0.4438624382019043,-0.1118045300245285,0.1011798083782196,-0.42245975136756897,-0.05850738659501076,0.2563358545303345,-0.5371524095535278,-0.05214693397283554,-0.004030128940939903,-0.45727798342704773,-0.0554257296025753,-0.15454673767089844,-0.2725791335105896,0.08956295996904373,-0.04062981531023979,-0.17685897648334503,0.14150701463222504,0.21907784044742584,-0.39394357800483704,-0.14295940101146698,0.22000223398208618,-0.10581104457378387,-0.11017215996980667,0.26248791813850403,0.09699877351522446,0.00640541547909379,C:/Users/ASUS/Downloads/3D_Human_Pose_NCKH/phase5_external_generalization/data/external_raw/Le2i/Coffee_room_02/Videos/video (57).avi,-1,-1,External
238,-0.000861508771777153,-0.0007184017449617386,-0.0004778113216161728,0.10146086663007736,0.011356974951922894,-0.06089841574430466,0.1892613023519516,0.2820989489555359,0.22428178787231445,0.15785837173461914,0.6373398303985596,0.3875322937965393,-0.10134680569171906,-0.01023609284311533,0.061751898378133774,-0.0374574139714241,0.35515156388282776,0.23957958817481995,-0.09917595982551575,0.7617009878158569,0.16226550936698914,0.041866764426231384,-0.20709192752838135,-0.07840365171432495,0.11505387723445892,-0.44597214460372925,-0.1136968806385994,0.0916406437754631,-0.4206372797489166,-0.06322075426578522,0.2441088706254959,-0.5398980975151062,-0.04597846418619156,-0.012905009090900421,-0.45711663365364075,-0.06090255454182625,-0.17359401285648346,-0.27089548110961914,0.08532524853944778,-0.06112395599484444,-0.16988487541675568,0.13354931771755219,0.20962592959403992,-0.3938118815422058,-0.14559754729270935,0.2163715660572052,-0.10474379360675812,-0.11130130290985107,0.26434534788131714,0.09260712563991547,0.007323455531150103,C:/Users/ASUS/Downloads/3D_Human_Pose_NCKH/phase5_external_generalization/data/external_raw/Le2i/Coffee_room_02/Videos/video (57).avi,-1,-1,External
239,-0.000710582360625267,-0.0007105302065610886,-0.0004047383554279804,0.10148181766271591,0.014070059172809124,-0.058612942695617676,0.17447425425052643,0.29332756996154785,0.2251981943845749,0.14670827984809875,0.6511676907539368,0.40152329206466675,-0.10143360495567322,-0.013017640449106693,0.05946197733283043,-0.04459989070892334,0.3597092628479004,0.23368385434150696,-0.10920287668704987,0.766735851764679,0.16063876450061798,0.03621659427881241,-0.20729327201843262,-0.08266927301883698,0.10791873931884766,-0.4483710527420044,-0.11443095654249191,0.08338849991559982,-0.42075109481811523,-0.0661640465259552,0.23318122327327728,-0.5435628294944763,-0.03984661400318146,-0.020970487967133522,-0.4567128121852875,-0.0654449313879013,-0.18888920545578003,-0.26841551065444946,0.07974299043416977,-0.07951974123716354,-0.1607305258512497,0.12075310945510864,0.2005700320005417,-0.3939332365989685,-0.14769944548606873,0.21144624054431915,-0.10397965461015701,-0.11334041506052017,0.2650751769542694,0.08952479809522629,0.006128882523626089,C:/Users/ASUS/Downloads/3D_Human_Pose_NCKH/phase5_external_generalization/data/external_raw/Le2i/Coffee_room_02/Videos/video (57).avi,-1,-1,External
240,-0.0005950257182121277,-0.0007329713553190231,-0.00033338647335767746,0.10080816596746445,0.016151826828718185,-0.055794358253479004,0.16214369237422943,0.3075920343399048,0.22125759720802307,0.13663360476493835,0.6684407591819763,0.40662243962287903,-0.10081959515810013,-0.015264005400240421,0.05658865347504616,-0.05089531093835831,0.3641468584537506,0.22708994150161743,-0.1183156818151474,0.7731751799583435,0.15923307836055756,0.03184691071510315,-0.2065747082233429,-0.0875537246465683,0.10151814669370651,-0.45033395290374756,-0.1149732917547226,0.07648524641990662,-0.4202542304992676,-0.07009385526180267,0.22440260648727417,-0.5463239550590515,-0.03403698652982712,-0.028208039700984955,-0.45408305525779724,-0.07180968672037125,-0.19653034210205078,-0.260780930519104,0.0682608038187027,-0.09006787836551666,-0.14736630022525787,0.0942917913198471,0.1938190758228302,-0.3929120600223541,-0.14815156161785126,0.20695005357265472,-0.10250416398048401,-0.11494700610637665,0.26681801676750183,0.0889965146780014,0.0050391205586493015,C:/Users/ASUS/Downloads/3D_Human_Pose_NCKH/phase5_external_generalization/data/external_raw/Le2i/Coffee_room_02/Videos/video (57).avi,-1,-1,External
241,-0.0005459561944007874,-0.0007558995857834816,-0.0003401425201445818,0.10043696314096451,0.01712806150317192,-0.05289541184902191,0.150302454829216,0.31974297761917114,0.21667471528053284,0.12427378445863724,0.6847344636917114,0.40243762731552124,-0.10050582885742188,-0.016406452283263206,0.053701139986515045,-0.05760835483670235,0.3685038387775421,0.22002846002578735,-0.1267368495464325,0.7775445580482483,0.15726958215236664,0.028056688606739044,-0.2064741998910904,-0.09026412665843964,0.09496559947729111,-0.4524425268173218,-0.11432158946990967,0.07092228531837463,-0.4210392236709595,-0.07335603982210159,0.2167801856994629,-0.5499126315116882,-0.02926221676170826,-0.035377081483602524,-0.45330971479415894,-0.07655346393585205,-0.2030002623796463,-0.25701379776000977,0.056477006524801254,-0.0990569069981575,-0.14001545310020447,0.07218685746192932,0.18787476420402527,-0.39283856749534607,-0.14657416939735413,0.20425255596637726,-0.10158786177635193,-0.11521518230438232,0.26879772543907166,0.08924654126167297,0.005228465888649225,C:/Users/ASUS/Downloads/3D_Human_Pose_NCKH/phase5_external_generalization/data/external_raw/Le2i/Coffee_room_02/Videos/video (57).avi,-1,-1,External
242,-0.0004992261528968811,-0.0006921431049704552,-0.0002589793875813484,0.10026565939188004,0.017227236181497574,-0.049210138618946075,0.13923372328281403,0.33132150769233704,0.21283623576164246,0.11332829296588898,0.7024314403533936,0.3954067528247833,-0.1003861203789711,-0.016705406829714775,0.04992249235510826,-0.06311690807342529,0.37378036975860596,0.21499095857143402,-0.1325753927230835,0.7818813920021057,0.1561793088912964,0.024938534945249557,-0.20677869021892548,-0.09282147884368896,0.08881377428770065,-0.45477724075317383,-0.11312190443277359,0.06736167520284653,-0.422973096370697,-0.07673535495996475,0.2109123021364212,-0.5536984801292419,-0.024567073211073875,-0.04191330447793007,-0.4526232182979584,-0.08187911659479141,-0.20790836215019226,-0.25240933895111084,0.04166063293814659,-0.106044702231884,-0.12919974327087402,0.047326501458883286,0.18286269903182983,-0.3927774727344513,-0.14409242570400238,0.2016526609659195,-0.10106268525123596,-0.11464513838291168,0.27116504311561584,0.08968698233366013,0.0042263478972017765,C:/Users/ASUS/Downloads/3D_Human_Pose_NCKH/phase5_external_generalization/data/external_raw/Le2i/Coffee_room_02/Videos/video (57).avi,-1,-1,External
243,-0.0004857107996940613,-0.0005930578336119652,-0.00021722307428717613,0.1002161055803299,0.017288804054260254,-0.04585624486207962,0.1296432614326477,0.34068143367767334,0.21029388904571533,0.10219750553369522,0.7181283235549927,0.38427412509918213,-0.10024268925189972,-0.016856787726283073,0.0464821495115757,-0.06787141412496567,0.37673982977867126,0.21142013370990753,-0.13972008228302002,0.7844491600990295,0.15807928144931793,0.022064384073019028,-0.20813733339309692,-0.09281080216169357,0.0832333043217659,-0.45768576860427856,-0.11012307554483414,0.06456002593040466,-0.42692142724990845,-0.07743782550096512,0.20588265359401703,-0.5588392019271851,-0.02115204744040966,-0.048087503761053085,-0.45422929525375366,-0.08419294655323029,-0.21120591461658478,-0.24996985495090485,0.02783205732703209,-0.1079232320189476,-0.12083325535058975,0.03720298781991005,0.17888081073760986,-0.39342692494392395,-0.13982455432415009,0.2011640965938568,-0.10089189559221268,-0.11287006735801697,0.27322226762771606,0.08841302990913391,0.0041122701950371265,C:/Users/ASUS/Downloads/3D_Human_Pose_NCKH/phase5_external_generalization/data/external_raw/Le2i/Coffee_room_02/Videos/video (57).avi,-1,-1,External
244,-0.00039946287870407104,-0.0004854779690504074,-0.00022923853248357773,0.10019251704216003,0.01685996726155281,-0.04381851106882095,0.12038340419530869,0.34768593311309814,0.20783166587352753,0.09158650785684586,0.7322864532470703,0.3692077696323395,-0.10000547766685486,-0.0167540255934,0.044416531920433044,-0.07124139368534088,0.37795504927635193,0.2091258317232132,-0.14698751270771027,0.7861252427101135,0.16304732859134674,0.019342893734574318,-0.21054086089134216,-0.09119930118322372,0.07851582020521164,-0.4609691798686981,-0.10566999018192291,0.06230478733778,-0.43120312690734863,-0.07577255368232727,0.20077042281627655,-0.5639549493789673,-0.019498689100146294,-0.05338268727064133,-0.45687785744667053,-0.08228763937950134,-0.21670597791671753,-0.2507109045982361,0.02015051618218422,-0.11086373031139374,-0.11731480807065964,0.039780229330062866,0.17550018429756165,-0.3944534957408905,-0.13483227789402008,0.20349758863449097,-0.10134021937847137,-0.1113857626914978,0.2762034237384796,0.08586343377828598,0.004898131359368563,C:/Users/ASUS/Downloads/3D_Human_Pose_NCKH/phase5_external_generalization/data/external_raw/Le2i/Coffee_room_02/Videos/video (57).avi,-1,-1,External
245,-0.0003620665520429611,-0.00037715863436460495,-0.00024162884801626205,0.09986524283885956,0.016425427049398422,-0.04248175024986267,0.11158989369869232,0.3544003963470459,0.2053564488887787,0.07943456619977951,0.7455889582633972,0.35415565967559814,-0.09948201477527618,-0.016490362584590912,0.04286554828286171,-0.07364686578512192,0.37882348895072937,0.20704925060272217,-0.15416568517684937,0.7863844037055969,0.1678992658853531,0.016780856996774673,-0.21266770362854004,-0.08931365609169006,0.07453730702400208,-0.46420803666114807,-0.10151935368776321,0.060030095279216766,-0.4354444742202759,-0.07250505685806274,0.19577385485172272,-0.5688541531562805,-0.01705058477818966,-0.058434613049030304,-0.45990994572639465,-0.08027788996696472,-0.22114750742912292,-0.2518584728240967,0.013813375495374203,-0.11330864578485489,-0.11638519167900085,0.04696277901530266,0.17368200421333313,-0.395021915435791,-0.1306704431772232,0.20595629513263702,-0.10180382430553436,-0.11018097400665283,0.27883321046829224,0.08367164433002472,0.0063971360214054585,C:/Users/ASUS/Downloads/3D_Human_Pose_NCKH/phase5_external_generalization/data/external_raw/Le2i/Coffee_room_02/Videos/video (57).avi,-1,-1,External
246,-0.00036768242716789246,-0.00028079748153686523,-0.00021625123918056488,0.09928087145090103,0.01659073680639267,-0.042545706033706665,0.10488632321357727,0.36152440309524536,0.20186999440193176,0.06953542679548264,0.7589572668075562,0.3386378288269043,-0.09855815023183823,-0.016689762473106384,0.04263998940587044,-0.07244428992271423,0.3791814148426056,0.20622402429580688,-0.1576232612133026,0.7855785489082336,0.17320780456066132,0.014542222023010254,-0.21403220295906067,-0.08846493065357208,0.07110169529914856,-0.4663519859313965,-0.0991697758436203,0.057737745344638824,-0.438157320022583,-0.06916484236717224,0.19153963029384613,-0.5716119408607483,-0.015257997438311577,-0.0633801817893982,-0.46262022852897644,-0.07969384640455246,-0.2210824340581894,-0.2521391212940216,0.007020029239356518,-0.11107843369245529,-0.11559969186782837,0.05648056045174599,0.17195439338684082,-0.3941616714000702,-0.1294332891702652,0.2077150046825409,-0.10153607279062271,-0.11330471932888031,0.28032559156417847,0.08293355256319046,0.004486652556806803,C:/Users/ASUS/Downloads/3D_Human_Pose_NCKH/phase5_external_generalization/data/external_raw/Le2i/Coffee_room_02/Videos/video (57).avi,-1,-1,External
247,-0.00034745968878269196,-0.00012247636914253235,-0.0002308487892150879,0.09976250678300858,0.016249768435955048,-0.04264841973781586,0.09876999258995056,0.367490291595459,0.1984986662864685,0.06067638099193573,0.7709468007087708,0.32186490297317505,-0.09869890660047531,-0.016367526724934578,0.04259521886706352,-0.06890299916267395,0.3787732422351837,0.20902030169963837,-0.16026687622070312,0.7821465134620667,0.1758570522069931,0.013143627904355526,-0.21551525592803955,-0.08731403946876526,0.06887988746166229,-0.46782389283180237,-0.09619776159524918,0.056511931121349335,-0.4402492046356201,-0.06277193874120712,0.18784818053245544,-0.5736584663391113,-0.011570950970053673,-0.06703464686870575,-0.46428242325782776,-0.07710006088018417,-0.21928605437278748,-0.252599835395813,0.004924221895635128,-0.10878624767065048,-0.1115068718791008,0.07251359522342682,0.17186239361763,-0.3932318687438965,-0.12822994589805603,0.21247617900371552,-0.1016356498003006,-0.11824721843004227,0.28175368905067444,0.08348903805017471,0.0011990559287369251,C:/Users/ASUS/Downloads/3D_Human_Pose_NCKH/phase5_external_generalization/data/external_raw/Le2i/Coffee_room_02/Videos/video (57).avi,-1,-1,External
248,-0.0004663560539484024,-3.0176714062690735e-05,-0.0002557821571826935,0.09915321320295334,0.015856027603149414,-0.04352857917547226,0.09266018867492676,0.37258782982826233,0.19227451086044312,0.05150066688656807,0.7796114087104797,0.30317991971969604,-0.09797993302345276,-0.015593443997204304,0.04315124452114105,-0.0637277364730835,0.3774690330028534,0.2128773033618927,-0.15866303443908691,0.7775316834449768,0.1824948638677597,0.012422684580087662,-0.21550923585891724,-0.0862092673778534,0.06710780411958694,-0.46845877170562744,-0.09333387017250061,0.05495712161064148,-0.44146549701690674,-0.05468949303030968,0.18407876789569855,-0.5741493105888367,-0.008381469175219536,-0.0700354278087616,-0.46524667739868164,-0.07398349046707153,-0.21435189247131348,-0.2533457577228546,0.007780599407851696,-0.1064799576997757,-0.11151119321584702,0.09510686993598938,0.17153900861740112,-0.3918781876564026,-0.1293032020330429,0.21691462397575378,-0.10372229665517807,-0.12628014385700226,0.2810036242008209,0.08093113452196121,-0.0007976475171744823,C:/Users/ASUS/Downloads/3D_Human_Pose_NCKH/phase5_external_generalization/data/external_raw/Le2i/Coffee_room_02/Videos/video (57).avi,-1,-1,External
249,-0.0005166027694940567,5.750823765993118e-05,-0.0003408142365515232,0.0985313206911087,0.015172760002315044,-0.04356732964515686,0.08711004257202148,0.37652069330215454,0.1860915869474411,0.042640216648578644,0.7863592505455017,0.28382235765457153,-0.09725002944469452,-0.0147184943780303,0.04303280636668205,-0.05713101476430893,0.37519732117652893,0.21644657850265503,-0.1544632613658905,0.7735201120376587,0.1889677196741104,0.011727363802492619,-0.2154359221458435,-0.08636434376239777,0.06564150005578995,-0.46837741136550903,-0.0924023985862732,0.0541568249464035,-0.44234761595726013,-0.047239307314157486,0.18029232323169708,-0.574971616268158,-0.005172086879611015,-0.07231313735246658,-0.4652114808559418,-0.07167632132768631,-0.21307750046253204,-0.25322702527046204,0.010169877670705318,-0.10724736005067825,-0.11024192720651627,0.11616916954517365,0.17128980159759521,-0.39096400141716003,-0.1317940205335617,0.22243794798851013,-0.1063455194234848,-0.1346399486064911,0.2813161015510559,0.07756145298480988,-0.0008271276019513607,C:/Users/ASUS/Downloads/3D_Human_Pose_NCKH/phase5_external_generalization/data/external_raw/Le2i/Coffee_room_02/Videos/video (57).avi,-1,-1,External
250,-0.0005246549844741821,0.0001126360148191452,-0.0003560851328074932,0.09800289571285248,0.014339900575578213,-0.04367294907569885,0.08256244659423828,0.37985897064208984,0.18014869093894958,0.03443427383899689,0.7913891077041626,0.2658975124359131,-0.09670378267765045,-0.013772412203252316,0.042992766946554184,-0.04986797645688057,0.3715957701206207,0.22195075452327728,-0.14476162195205688,0.7697726488113403,0.20240521430969238,0.01122155599296093,-0.2157391458749771,-0.08623163402080536,0.06398340314626694,-0.4685629606246948,-0.09008702635765076,0.052906572818756104,-0.44391024112701416,-0.03875335305929184,0.17604860663414001,-0.5762882828712463,-0.0005112346261739731,-0.07454235106706619,-0.46498796343803406,-0.06834515929222107,-0.21261358261108398,-0.2517266273498535,0.012971567921340466,-0.10757269710302353,-0.10976962000131607,0.13279537856578827,0.1708725243806839,-0.3916456699371338,-0.1325168013572693,0.22763316333293915,-0.11072249710559845,-0.13991016149520874,0.28236889839172363,0.0719187930226326,0.0027975388802587986,C:/Users/ASUS/Downloads/3D_Human_Pose_NCKH/phase5_external_generalization/data/external_raw/Le2i/Coffee_room_02/Videos/video (57).avi,-1,-1,External
251,-0.0005291234701871872,0.00018585659563541412,-0.00040014320984482765,0.09769617021083832,0.013988594524562359,-0.044400595128536224,0.07770304381847382,0.38292235136032104,0.17358404397964478,0.025087028741836548,0.7958808541297913,0.25098222494125366,-0.09637761116027832,-0.013346371240913868,0.043539974838495255,-0.04277392104268074,0.3671242296695709,0.22892791032791138,-0.13136829435825348,0.7666196823120117,0.219365194439888,0.010398562997579575,-0.21630136668682098,-0.08564341068267822,0.06146649643778801,-0.46899619698524475,-0.08696980774402618,0.050579629838466644,-0.4457550048828125,-0.03062564507126808,0.17005862295627594,-0.5784058570861816,0.005194680765271187,-0.07746478915214539,-0.4645344316959381,-0.06442049145698547,-0.21452945470809937,-0.2495584487915039,0.016011599451303482,-0.10753032565116882,-0.10845309495925903,0.14457179605960846,0.1697131097316742,-0.39310646057128906,-0.13214600086212158,0.2321271449327469,-0.1158846989274025,-0.14204815030097961,0.28361546993255615,0.06494645029306412,0.008975924924015999,C:/Users/ASUS/Downloads/3D_Human_Pose_NCKH/phase5_external_generalization/data/external_raw/Le2i/Coffee_room_02/Videos/video (57).avi,-1,-1,External
252,-0.0005262698978185654,0.00023061037063598633,-0.00043081073090434074,0.0977061316370964,0.013121544383466244,-0.045646168291568756,0.07339589297771454,0.3849242031574249,0.1668180227279663,0.01608724147081375,0.8003888130187988,0.2372305542230606,-0.0964694619178772,-0.01253924984484911,0.044776514172554016,-0.035570353269577026,0.3627769649028778,0.23698173463344574,-0.1148504838347435,0.7635334134101868,0.24134521186351776,0.009553897194564342,-0.21743786334991455,-0.08444532752037048,0.05852291360497475,-0.46999591588974,-0.08222974091768265,0.04783490300178528,-0.448790043592453,-0.022064363583922386,0.16334499418735504,-0.5814675092697144,0.01242782361805439,-0.08100488781929016,-0.4647839665412903,-0.05930429324507713,-0.21749913692474365,-0.24719372391700745,0.019033126533031464,-0.10562674701213837,-0.10944756865501404,0.15018804371356964,0.16868358850479126,-0.396219402551651,-0.13036814332008362,0.23617956042289734,-0.12217628955841064,-0.14304058253765106,0.2854440212249756,0.056324876844882965,0.01559494435787201,C:/Users/ASUS/Downloads/3D_Human_Pose_NCKH/phase5_external_generalization/data/external_raw/Le2i/Coffee_room_02/Videos/video (57).avi,-1,-1,External
253,-0.0004360303282737732,0.0002329610288143158,-0.00044059939682483673,0.09771912544965744,0.012271913699805737,-0.047867439687252045,0.0687999501824379,0.3864262104034424,0.15964876115322113,0.007187940180301666,0.804800271987915,0.22490821778774261,-0.09661315381526947,-0.011880886740982533,0.04699906334280968,-0.028802448883652687,0.35886600613594055,0.24514968693256378,-0.09590677917003632,0.7606977820396423,0.266460657119751,0.008148407563567162,-0.21893344819545746,-0.08267253637313843,0.05508863180875778,-0.4714519679546356,-0.07641799002885818,0.04470226913690567,-0.45255377888679504,-0.01356970053166151,0.1551288217306137,-0.5851249098777771,0.019770929589867592,-0.0852668359875679,-0.46514445543289185,-0.05292535945773125,-0.22158324718475342,-0.24443957209587097,0.02278449758887291,-0.10269472748041153,-0.11017968505620956,0.1512216478586197,0.1674279272556305,-0.4004385471343994,-0.12795521318912506,0.23925022780895233,-0.12963362038135529,-0.14346645772457123,0.2876734435558319,0.04577692225575447,0.021981079131364822,C:/Users/ASUS/Downloads/3D_Human_Pose_NCKH/phase5_external_generalization/data/external_raw/Le2i/Coffee_room_02/Videos/video (57).avi,-1,-1,External
254,-0.0003337077796459198,0.0002363789826631546,-0.0005176239646971226,0.09749991446733475,0.011610026471316814,-0.05102609097957611,0.06374746561050415,0.3872714638710022,0.15183818340301514,-0.0030950643122196198,0.8082886934280396,0.216127410531044,-0.0966537743806839,-0.011322771199047565,0.05035022273659706,-0.02374209649860859,0.35609927773475647,0.25339627265930176,-0.07497197389602661,0.7568420767784119,0.29040268063545227,0.00612032413482666,-0.22090525925159454,-0.07908099889755249,0.05027501657605171,-0.47347772121429443,-0.06903433054685593,0.04063117504119873,-0.45702746510505676,-0.004641786217689514,0.14520865678787231,-0.5896037817001343,0.027730541303753853,-0.09055839478969574,-0.465880423784256,-0.04500744119286537,-0.22658014297485352,-0.2420589029788971,0.028433479368686676,-0.09888914227485657,-0.11295811831951141,0.14771953225135803,0.1654188185930252,-0.40586957335472107,-0.12347869575023651,0.24064378440380096,-0.136657252907753,-0.1418600231409073,0.2899318337440491,0.03593990579247475,0.029031597077846527,C:/Users/ASUS/Downloads/3D_Human_Pose_NCKH/phase5_external_generalization/data/external_raw/Le2i/Coffee_room_02/Videos/video (57).avi,-1,-1,External
255,-0.00012879446148872375,0.0001873057335615158,-0.0006097597070038319,0.09791269153356552,0.010630014352500439,-0.05389798432588577,0.059206850826740265,0.386177659034729,0.14737755060195923,-0.01299431174993515,0.8101434707641602,0.21199506521224976,-0.09730823338031769,-0.010777191258966923,0.053633324801921844,-0.018727382645010948,0.35337814688682556,0.2625173330307007,-0.053414784371852875,0.7518422603607178,0.3107290267944336,0.00357890035957098,-0.22268857061862946,-0.07576403766870499,0.044894907623529434,-0.4751625657081604,-0.062464259564876556,0.03599607199430466,-0.46072080731391907,0.0024298587813973427,0.1349375694990158,-0.5935751795768738,0.03391926735639572,-0.096876360476017,-0.4657039940357208,-0.03888054937124252,-0.23284077644348145,-0.23938927054405212,0.033211544156074524,-0.09329266101121902,-0.11620459705591202,0.13525822758674622,0.16338860988616943,-0.41165852546691895,-0.11790087074041367,0.24009019136428833,-0.1437704861164093,-0.13822220265865326,0.2919315993785858,0.025868849828839302,0.0372723825275898,C:/Users/ASUS/Downloads/3D_Human_Pose_NCKH/phase5_external_generalization/data/external_raw/Le2i/Coffee_room_02/Videos/video (57).avi,-1,-1,External
256,-0.0001920163631439209,0.0002834424376487732,-0.0005731950514018536,0.09732784330844879,0.010299458168447018,-0.056060753762722015,0.05563526600599289,0.3844658136367798,0.144395112991333,-0.02150091342628002,0.8091285824775696,0.20866669714450836,-0.09713776409626007,-0.010158990509808064,0.055841658264398575,-0.014901692047715187,0.35044723749160767,0.269079327583313,-0.034107379615306854,0.7442365884780884,0.3284513056278229,0.0009185429662466049,-0.22335028648376465,-0.07232406735420227,0.038637783378362656,-0.4760836958885193,-0.05651669204235077,0.03086860105395317,-0.4621569812297821,0.008601081557571888,0.12371126562356949,-0.5953645706176758,0.038531459867954254,-0.10291337966918945,-0.4639630615711212,-0.03378735110163689,-0.2382439374923706,-0.23521962761878967,0.038023002445697784,-0.08756833523511887,-0.11837000399827957,0.11996743083000183,0.160414457321167,-0.41657498478889465,-0.11134649068117142,0.23858095705509186,-0.1503123790025711,-0.1343192160129547,0.29331788420677185,0.017602693289518356,0.0461195707321167,C:/Users/ASUS/Downloads/3D_Human_Pose_NCKH/phase5_external_generalization/data/external_raw/Le2i/Coffee_room_02/Videos/video (57).avi,-1,-1,External
257,-6.625428795814514e-05,0.00024243630468845367,-0.0006929263472557068,0.09732351452112198,0.009773529134690762,-0.057623691856861115,0.05324462801218033,0.3821437656879425,0.14137974381446838,-0.029594890773296356,0.806087076663971,0.20186872780323029,-0.09745079278945923,-0.00969946663826704,0.05769629403948784,-0.012696349993348122,0.348673552274704,0.27204760909080505,-0.019037287682294846,0.73740553855896,0.3415623903274536,-0.00144266989082098,-0.22387166321277618,-0.06883665919303894,0.03219934180378914,-0.4765976667404175,-0.05141627788543701,0.02566935494542122,-0.4625975489616394,0.014461790211498737,0.11262191087007523,-0.5961523652076721,0.041528962552547455,-0.1090543121099472,-0.4606505334377289,-0.029409868642687798,-0.24244175851345062,-0.23046021163463593,0.040460020303726196,-0.08408258110284805,-0.11987513303756714,0.10797414183616638,0.15723519027233124,-0.4211340844631195,-0.10337677597999573,0.23681572079658508,-0.15626029670238495,-0.12592266499996185,0.29400476813316345,0.010332288220524788,0.05752129107713699,C:/Users/ASUS/Downloads/3D_Human_Pose_NCKH/phase5_external_generalization/data/external_raw/Le2i/Coffee_room_02/Videos/video (57).avi,-1,-1,External
258,-0.00013273395597934723,0.00026669353246688843,-0.0006018760614097118,0.09702488034963608,0.009382258169353008,-0.058778613805770874,0.05193006992340088,0.3797263503074646,0.13906484842300415,-0.036565665155649185,0.8016477227210999,0.19823189079761505,-0.09741297364234924,-0.009226256050169468,0.058824751526117325,-0.010866845026612282,0.3481120765209198,0.27313339710235596,-0.0065225958824157715,0.730375349521637,0.35589078068733215,-0.003182445652782917,-0.2239568531513214,-0.06630143523216248,0.025993090122938156,-0.47710782289505005,-0.04860953986644745,0.02049780637025833,-0.46247902512550354,0.017988786101341248,0.10126439481973648,-0.5957762598991394,0.04162009805440903,-0.11495517194271088,-0.45810022950172424,-0.02818807028234005,-0.24458187818527222,-0.22590099275112152,0.03978852182626724,-0.07970716804265976,-0.12216206640005112,0.10089240968227386,0.1540146768093109,-0.4252045452594757,-0.0969286561012268,0.2342328131198883,-0.1623230129480362,-0.11439338326454163,0.29281339049339294,0.00012851273640990257,0.07138381153345108,C:/Users/ASUS/Downloads/3D_Human_Pose_NCKH/phase5_external_generalization/data/external_raw/Le2i/Coffee_room_02/Videos/video (57).avi,-1,-1,External
259,-0.00043283402919769287,0.0004007667303085327,-0.0004315408878028393,0.09690497070550919,0.009656316600739956,-0.059579238295555115,0.052038803696632385,0.3782864212989807,0.13685868680477142,-0.0429258830845356,0.7973489761352539,0.1937718242406845,-0.09745538979768753,-0.00886556226760149,0.059384386986494064,-0.009319035336375237,0.34755152463912964,0.2726859450340271,0.0036804527044296265,0.7235012650489807,0.3670487403869629,-0.00422279816120863,-0.22433578968048096,-0.06333905458450317,0.01997646689414978,-0.4781469702720642,-0.0449787862598896,0.014992360025644302,-0.46308422088623047,0.022147540003061295,0.08993228524923325,-0.5954899191856384,0.04300744831562042,-0.12099349498748779,-0.4563244879245758,-0.026869403198361397,-0.24769222736358643,-0.22086024284362793,0.03756240755319595,-0.07697726041078568,-0.12522082030773163,0.0953933596611023,0.1511184573173523,-0.4287043511867523,-0.08863190561532974,0.23151369392871857,-0.1662011295557022,-0.09602415561676025,0.29220259189605713,-0.008478464558720589,0.08861317485570908,C:/Users/ASUS/Downloads/3D_Human_Pose_NCKH/phase5_external_generalization/data/external_raw/Le2i/Coffee_room_02/Videos/video (57).avi,-1,-1,External
260,-0.0005190577358007431,0.0004145670682191849,-0.000496184453368187,0.09717176109552383,0.009547079913318157,-0.05913498252630234,0.054180167615413666,0.3773829936981201,0.1361498236656189,-0.0479259192943573,0.7936194539070129,0.19205313920974731,-0.09797126799821854,-0.008504855446517467,0.05879426375031471,-0.008223531767725945,0.34703943133354187,0.27049270272254944,0.010519362054765224,0.7190235257148743,0.3733507990837097,-0.004544771276414394,-0.22520223259925842,-0.05981772020459175,0.014621950685977936,-0.4797235131263733,-0.04137750715017319,0.00981833040714264,-0.46465325355529785,0.028258241713047028,0.0793810784816742,-0.5966666340827942,0.04679939150810242,-0.126277893781662,-0.45415136218070984,-0.026080802083015442,-0.24948933720588684,-0.2164716124534607,0.03433063626289368,-0.07556894421577454,-0.12811140716075897,0.09540882706642151,0.14839458465576172,-0.4319747984409332,-0.07921375334262848,0.22896981239318848,-0.16928616166114807,-0.07161276042461395,0.2915068566799164,-0.01360350102186203,0.10797268152236938,C:/Users/ASUS/Downloads/3D_Human_Pose_NCKH/phase5_external_generalization/data/external_raw/Le2i/Coffee_room_02/Videos/video (57).avi,-1,-1,External
261,-0.0006268732249736786,0.0004335884004831314,-0.0004853401333093643,0.0980248972773552,0.008674784563481808,-0.057020723819732666,0.05621296912431717,0.37676987051963806,0.1370958387851715,-0.05265365540981293,0.7909556031227112,0.19656433165073395,-0.09881235659122467,-0.007546630688011646,0.056531134992837906,-0.006306292489171028,0.347883939743042,0.268593966960907,0.014744906686246395,0.7169546484947205,0.3801005780696869,-0.004786648787558079,-0.2264532744884491,-0.05664627626538277,0.010044433176517487,-0.481420636177063,-0.03750741481781006,0.005186142399907112,-0.4675569534301758,0.03360432758927345,0.06958117336034775,-0.5987830758094788,0.05019732564687729,-0.13076838850975037,-0.4539948105812073,-0.02583571895956993,-0.25040051341056824,-0.2139364629983902,0.0302903912961483,-0.074173204600811,-0.13502730429172516,0.10020582377910614,0.14599035680294037,-0.43532517552375793,-0.0703352838754654,0.2265080213546753,-0.17129334807395935,-0.04820122942328453,0.28931230306625366,-0.019931331276893616,0.127109557390213,C:/Users/ASUS/Downloads/3D_Human_Pose_NCKH/phase5_external_generalization/data/external_raw/Le2i/Coffee_room_02/Videos/video (57).avi,-1,-1,External
262,-0.0005501843988895416,0.00034182146191596985,-0.0005376748740673065,0.0995088443160057,0.007636199705302715,-0.05447938293218613,0.05940280854701996,0.3775147795677185,0.13678504526615143,-0.05508898198604584,0.7896886467933655,0.19312356412410736,-0.10034162551164627,-0.006747725419700146,0.05375296622514725,-0.005367463454604149,0.3502124845981598,0.2639170289039612,0.0160071924328804,0.7197441458702087,0.3763599097728729,-0.005183766596019268,-0.22748103737831116,-0.05398645997047424,0.006405049469321966,-0.4831027090549469,-0.034907206892967224,0.0011177211999893188,-0.471990704536438,0.0386137031018734,0.06125829368829727,-0.6027550101280212,0.053936250507831573,-0.13487334549427032,-0.45414087176322937,-0.026380404829978943,-0.25055935978889465,-0.21286524832248688,0.026940789073705673,-0.07552753388881683,-0.14553211629390717,0.10893978178501129,0.14365509152412415,-0.4389342963695526,-0.06415994465351105,0.22309528291225433,-0.1728678196668625,-0.03095081076025963,0.2881729304790497,-0.02453300915658474,0.14067856967449188,C:/Users/ASUS/Downloads/3D_Human_Pose_NCKH/phase5_external_generalization/data/external_raw/Le2i/Coffee_room_02/Videos/video (57).avi,-1,-1,External
263,-0.0004469882696866989,0.00027041230350732803,-0.0005285232327878475,0.10096091032028198,0.006326477043330669,-0.052505552768707275,0.06325123459100723,0.3790685534477234,0.1340428590774536,-0.05445314198732376,0.7886026501655579,0.1788831502199173,-0.10177731513977051,-0.0058937640860676765,0.051619771867990494,-0.0052002351731061935,0.3552546203136444,0.2559221088886261,0.013753418810665607,0.7272255420684814,0.36244043707847595,-0.005781480111181736,-0.22809557616710663,-0.05190930515527725,0.0037252563051879406,-0.48450660705566406,-0.034417398273944855,-0.001493990421295166,-0.4774016737937927,0.041323259472846985,0.0547509491443634,-0.6080154776573181,0.05463709682226181,-0.13816556334495544,-0.45570793747901917,-0.027658196166157722,-0.24850907921791077,-0.2146110087633133,0.026977285742759705,-0.07413455098867416,-0.15677912533283234,0.12161611020565033,0.14144620299339294,-0.4424923360347748,-0.0631239265203476,0.21900980174541473,-0.17262601852416992,-0.0241793692111969,0.2876528203487396,-0.02730219066143036,0.14599312841892242,C:/Users/ASUS/Downloads/3D_Human_Pose_NCKH/phase5_external_generalization/data/external_raw/Le2i/Coffee_room_02/Videos/video (57).avi,-1,-1,External
264,-0.0003162454813718796,0.00025803036987781525,-0.0005211364477872849,0.10236325114965439,0.005009527318179607,-0.051047906279563904,0.06831313669681549,0.3811812400817871,0.13161709904670715,-0.04961390420794487,0.7884116172790527,0.15600663423538208,-0.10319261252880096,-0.005008374340832233,0.04984148219227791,-0.005652884021401405,0.3617270290851593,0.24726061522960663,0.010044383816421032,0.7384092211723328,0.341962069272995,-0.0068928273394703865,-0.22868382930755615,-0.050415169447660446,0.0018052090890705585,-0.48613592982292175,-0.034588802605867386,-0.003985551185905933,-0.48372605443000793,0.04219391569495201,0.04877232760190964,-0.6145651936531067,0.05406453460454941,-0.14127014577388763,-0.45855388045310974,-0.02846902795135975,-0.24728885293006897,-0.21781310439109802,0.031031478196382523,-0.07347647845745087,-0.16455402970314026,0.1372816413640976,0.13939592242240906,-0.44634661078453064,-0.06541995704174042,0.21445684134960175,-0.17302747070789337,-0.027096668258309364,0.28740194439888,-0.029101666063070297,0.14239685237407684,C:/Users/ASUS/Downloads/3D_Human_Pose_NCKH/phase5_external_generalization/data/external_raw/Le2i/Coffee_room_02/Videos/video (57).avi,-1,-1,External
265,-0.0001620110124349594,0.00015136972069740295,-0.0005945130251348019,0.10360660403966904,0.004415119998157024,-0.05105072259902954,0.07554090023040771,0.38279664516448975,0.13075503706932068,-0.039349883794784546,0.7890979647636414,0.1371038556098938,-0.10443539917469025,-0.004918851889669895,0.04995258152484894,-0.007982952520251274,0.36768636107444763,0.23742564022541046,0.004660548642277718,0.7503847479820251,0.32053378224372864,-0.007202199660241604,-0.22951801121234894,-0.04967965558171272,0.001211412250995636,-0.4876134991645813,-0.03658422455191612,-0.005592214874923229,-0.4898560643196106,0.0399058572947979,0.045135825872421265,-0.6213515996932983,0.05062047392129898,-0.14361625909805298,-0.46324315667152405,-0.027367377653717995,-0.2449299842119217,-0.22474835813045502,0.04129098355770111,-0.07134366035461426,-0.17499536275863647,0.15257999300956726,0.13875097036361694,-0.4493393898010254,-0.07141340523958206,0.2111009806394577,-0.1718125343322754,-0.035998232662677765,0.2877664268016815,-0.027738133445382118,0.13322578370571136,C:/Users/ASUS/Downloads/3D_Human_Pose_NCKH/phase5_external_generalization/data/external_raw/Le2i/Coffee_room_02/Videos/video (57).avi,-1,-1,External
266,-0.00020079314708709717,0.00017077475786209106,-0.0004855431616306305,0.10404558479785919,0.004528726451098919,-0.05261200666427612,0.08440957963466644,0.38495343923568726,0.12999041378498077,-0.02641594409942627,0.791197657585144,0.1268489807844162,-0.10482300817966461,-0.0052000852301716805,0.051502522081136703,-0.009617617353796959,0.3740876019001007,0.22762133181095123,-0.0011992640793323517,0.7619286179542542,0.30027419328689575,-0.007377230562269688,-0.23010367155075073,-0.05000453442335129,0.001206784974783659,-0.4886859059333801,-0.04005998745560646,-0.005801105871796608,-0.49491026997566223,0.03545184060931206,0.042383503168821335,-0.6265556216239929,0.04479193687438965,-0.14474432170391083,-0.4687196910381317,-0.02476624771952629,-0.24026605486869812,-0.23386439681053162,0.058119550347328186,-0.06559772044420242,-0.1833716779947281,0.16953030228614807,0.13823117315769196,-0.45154011249542236,-0.08094470202922821,0.20718814432621002,-0.17064276337623596,-0.04984142258763313,0.2868417501449585,-0.026230044662952423,0.11986876279115677,C:/Users/ASUS/Downloads/3D_Human_Pose_NCKH/phase5_external_generalization/data/external_raw/Le2i/Coffee_room_02/Videos/video (57).avi,-1,-1,External
267,-0.00014849379658699036,0.0001280270516872406,-0.0005138791166245937,0.1038760170340538,0.004334229044616222,-0.054390110075473785,0.09397177398204803,0.3861006498336792,0.12957733869552612,-0.008675694465637207,0.792965292930603,0.1258784979581833,-0.10439775884151459,-0.005430900491774082,0.05353480204939842,-0.013337338343262672,0.38021156191825867,0.21706365048885345,-0.00968718621879816,0.7735055088996887,0.28245213627815247,-0.0068567292764782906,-0.23048309981822968,-0.05142248421907425,0.001456445548683405,-0.48956233263015747,-0.04436461254954338,-0.0049209073185920715,-0.49793684482574463,0.029536206275224686,0.04117956757545471,-0.6308668255805969,0.03755634278059006,-0.14454704523086548,-0.47381284832954407,-0.02201196365058422,-0.2331409752368927,-0.24467167258262634,0.07686210423707962,-0.05947538837790489,-0.18848085403442383,0.1865660846233368,0.1377153843641281,-0.4522797763347626,-0.09128093719482422,0.20407553017139435,-0.16852201521396637,-0.06415098905563354,0.28546324372291565,-0.020836682990193367,0.1042809709906578,C:/Users/ASUS/Downloads/3D_Human_Pose_NCKH/phase5_external_generalization/data/external_raw/Le2i/Coffee_room_02/Videos/video (57).avi,-1,-1,External
268,-0.00017914921045303345,9.091570973396301e-06,-0.0002947365865111351,0.10368316620588303,0.00441813375800848,-0.055833205580711365,0.1036565750837326,0.3850966989994049,0.13237710297107697,0.009971823543310165,0.7916161417961121,0.13466884195804596,-0.10422226786613464,-0.005560063757002354,0.05510988086462021,-0.019125351682305336,0.3850487768650055,0.2080024927854538,-0.018412970006465912,0.7822882533073425,0.2696622610092163,-0.0061087580397725105,-0.23000909388065338,-0.05347784608602524,0.0017634988762438297,-0.489610493183136,-0.04936869814991951,-0.004127036780118942,-0.49910205602645874,0.023252297192811966,0.04117489606142044,-0.6321747303009033,0.029303723946213722,-0.1438840925693512,-0.4779529869556427,-0.021202346310019493,-0.22570401430130005,-0.256371408700943,0.09340137243270874,-0.05148891732096672,-0.1968279778957367,0.19876986742019653,0.13673104345798492,-0.4520658552646637,-0.1007004976272583,0.19961096346378326,-0.16746197640895844,-0.07722164690494537,0.281965434551239,-0.017084479331970215,0.09113800525665283,C:/Users/ASUS/Downloads/3D_Human_Pose_NCKH/phase5_external_generalization/data/external_raw/Le2i/Coffee_room_02/Videos/video (57).avi,-1,-1,External
269,-0.0003316905349493027,4.791468381881714e-05,-0.00021355459466576576,0.1036376878619194,0.00445579644292593,-0.056616827845573425,0.1124708503484726,0.38383135199546814,0.13579577207565308,0.03027478978037834,0.7892321944236755,0.14060848951339722,-0.10396890342235565,-0.0051573337987065315,0.05582912638783455,-0.024827977642416954,0.3894370198249817,0.20189520716667175,-0.0258905291557312,0.7913933992385864,0.25628265738487244,-0.005325461737811565,-0.2303016036748886,-0.0547211728990078,0.0030245394445955753,-0.49024108052253723,-0.05074663832783699,-0.002189286984503269,-0.49911370873451233,0.020997043699026108,0.04139713570475578,-0.6330352425575256,0.028007933869957924,-0.1426311731338501,-0.4817851185798645,-0.017908776178956032,-0.21980533003807068,-0.2661703824996948,0.10665730386972427,-0.042589690536260605,-0.20271353423595428,0.20601853728294373,0.1364041119813919,-0.45138314366340637,-0.10548390448093414,0.19596870243549347,-0.16474154591560364,-0.08629417419433594,0.27906492352485657,-0.008628590032458305,0.07935962080955505,C:/Users/ASUS/Downloads/3D_Human_Pose_NCKH/phase5_external_generalization/data/external_raw/Le2i/Coffee_room_02/Videos/video (57).avi,-1,-1,External
270,-0.00046157464385032654,4.9398280680179596e-05,-8.118478581309319e-05,0.10346948355436325,0.004046215675771236,-0.05547098070383072,0.11897118389606476,0.3794475197792053,0.1438879668712616,0.04989481717348099,0.7831136584281921,0.15238496661186218,-0.10360075533390045,-0.004474838264286518,0.054681140929460526,-0.03283928334712982,0.3928576409816742,0.19756068289279938,-0.0350785069167614,0.7973327040672302,0.24875189363956451,-0.004701697267591953,-0.22949089109897614,-0.056489571928977966,0.004365936387330294,-0.4899083375930786,-0.05291058123111725,-0.0005312543362379074,-0.49653035402297974,0.019072815775871277,0.04332698509097099,-0.6307768225669861,0.027096280828118324,-0.14115852117538452,-0.48348191380500793,-0.018685175105929375,-0.21394595503807068,-0.27515852451324463,0.11523863673210144,-0.03146114945411682,-0.20742955803871155,0.2044985294342041,0.136630117893219,-0.4494045674800873,-0.1073945015668869,0.19169260561466217,-0.1621178388595581,-0.09102626144886017,0.27489039301872253,-0.0010405373759567738,0.07293815910816193,C:/Users/ASUS/Downloads/3D_Human_Pose_NCKH/phase5_external_generalization/data/external_raw/Le2i/Coffee_room_02/Videos/video (57).avi,-1,-1,External
271,-0.000559929758310318,7.04815611243248e-05,-4.906812682747841e-05,0.10328920930624008,0.002966496394947171,-0.05258035659790039,0.1228061318397522,0.37338095903396606,0.15438857674598694,0.06859250366687775,0.7755734920501709,0.17207860946655273,-0.10322451591491699,-0.0031827439088374376,0.05173124745488167,-0.042246125638484955,0.3960324227809906,0.19383303821086884,-0.04553725942969322,0.8030008673667908,0.24237605929374695,-0.004033905453979969,-0.22853432595729828,-0.05770787224173546,0.006257772911339998,-0.4896060824394226,-0.05371857061982155,0.001284608617424965,-0.4929540753364563,0.01934872567653656,0.046272240579128265,-0.627650260925293,0.0299645084887743,-0.1392209231853485,-0.4839155375957489,-0.020915519446134567,-0.2091442048549652,-0.28218767046928406,0.11907362192869186,-0.022434096783399582,-0.20751498639583588,0.1962544023990631,0.1380235254764557,-0.4472701847553253,-0.10572907328605652,0.18787674605846405,-0.1594337522983551,-0.09181207418441772,0.27149298787117004,0.00806029699742794,0.06963832676410675,C:/Users/ASUS/Downloads/3D_Human_Pose_NCKH/phase5_external_generalization/data/external_raw/Le2i/Coffee_room_02/Videos/video (57).avi,-1,-1,External
272,-0.0006104316562414169,4.9620866775512695e-06,-9.425915777683258e-06,0.10295804589986801,0.0019967511761933565,-0.04964236915111542,0.1242624968290329,0.3666894733905792,0.1655305027961731,0.08523645997047424,0.7670162320137024,0.20345370471477509,-0.10260169208049774,-0.0021425087470561266,0.04897420108318329,-0.05139460414648056,0.3972967267036438,0.19146661460399628,-0.05482262372970581,0.8059658408164978,0.23780690133571625,-0.0037419935688376427,-0.2274479866027832,-0.05855106562376022,0.009024349972605705,-0.48882153630256653,-0.05438268929719925,0.003639768809080124,-0.4883539080619812,0.021601341664791107,0.05046023428440094,-0.6238473057746887,0.03635614365339279,-0.13659532368183136,-0.48330017924308777,-0.023779558017849922,-0.203993558883667,-0.2900407016277313,0.12254240363836288,-0.011791419237852097,-0.21241773664951324,0.1743965446949005,0.14030827581882477,-0.44471094012260437,-0.1020025759935379,0.1862069070339203,-0.15644650161266327,-0.08979324996471405,0.26799333095550537,0.01630467176437378,0.07021744549274445,C:/Users/ASUS/Downloads/3D_Human_Pose_NCKH/phase5_external_generalization/data/external_raw/Le2i/Coffee_room_02/Videos/video (57).avi,-1,-1,External
273,-0.0006558038294315338,-8.328072726726532e-05,3.3393967896699905e-05,0.10250475257635117,0.0012230530846863985,-0.0467444509267807,0.12410777062177658,0.36083006858825684,0.17461717128753662,0.09854108840227127,0.7581214308738708,0.23539386689662933,-0.10205376148223877,-0.0013696413952857256,0.046268463134765625,-0.059334754943847656,0.3970237076282501,0.18979878723621368,-0.06214791536331177,0.8063651919364929,0.23838403820991516,-0.003795371390879154,-0.22645363211631775,-0.059340789914131165,0.011777862906455994,-0.4879094660282135,-0.05512906610965729,0.006123831495642662,-0.4841519594192505,0.02438075840473175,0.054810285568237305,-0.6199296116828918,0.04257631301879883,-0.13390502333641052,-0.4822269380092621,-0.027018560096621513,-0.19930587708950043,-0.29692786931991577,0.12586665153503418,-0.002023861277848482,-0.21747060120105743,0.1451808214187622,0.14288480579853058,-0.44257086515426636,-0.0971546545624733,0.18566447496414185,-0.15395605564117432,-0.08509702980518341,0.2644014060497284,0.022997288033366203,0.07409856468439102,C:/Users/ASUS/Downloads/3D_Human_Pose_NCKH/phase5_external_generalization/data/external_raw/Le2i/Coffee_room_02/Videos/video (57).avi,-1,-1,External
274,-0.0007310435175895691,-0.00013632792979478836,7.925741374492645e-05,0.10205981880426407,0.0006382197607308626,-0.044286347925662994,0.12270332872867584,0.3569733798503876,0.18031230568885803,0.10886908322572708,0.7495421767234802,0.26422539353370667,-0.10163123160600662,-0.0007780541200190783,0.0439421720802784,-0.06646773219108582,0.3966195583343506,0.18772569298744202,-0.06825277209281921,0.8068757653236389,0.2416122555732727,-0.003789922222495079,-0.2256612926721573,-0.06020604819059372,0.01435782015323639,-0.48695605993270874,-0.0555138923227787,0.00844896212220192,-0.4811195135116577,0.026826996356248856,0.058939479291439056,-0.6166605353355408,0.048523083329200745,-0.13162122666835785,-0.4816857874393463,-0.02942284755408764,-0.1947563886642456,-0.3019911050796509,0.1284022182226181,0.007183182518929243,-0.21903985738754272,0.11595691740512848,0.14549148082733154,-0.4411613643169403,-0.09189845621585846,0.18539206683635712,-0.15158316493034363,-0.0781850516796112,0.2606033384799957,0.0283172819763422,0.07929052412509918,C:/Users/ASUS/Downloads/3D_Human_Pose_NCKH/phase5_external_generalization/data/external_raw/Le2i/Coffee_room_02/Videos/video (57).avi,-1,-1,External
275,-0.0008302945643663406,-0.0001994706690311432,5.593150854110718e-05,0.10091712325811386,0.0007545195985585451,-0.04295466095209122,0.11960595846176147,0.35503143072128296,0.18214228749275208,0.11299200356006622,0.7432558536529541,0.2883656620979309,-0.10057395696640015,-0.0009341828990727663,0.042640358209609985,-0.07229029387235641,0.3951002061367035,0.18429601192474365,-0.07290375232696533,0.8066527843475342,0.24951578676700592,-0.0034196218475699425,-0.22506554424762726,-0.061126552522182465,0.016130127012729645,-0.4859285354614258,-0.05694656819105148,0.009331416338682175,-0.4785836338996887,0.026189368218183517,0.06212932616472244,-0.6130431294441223,0.04847494512796402,-0.13029295206069946,-0.48157989978790283,-0.032037414610385895,-0.19415777921676636,-0.30603960156440735,0.13229170441627502,0.012125154957175255,-0.22223252058029175,0.09333358705043793,0.1477842926979065,-0.4403614103794098,-0.08740836381912231,0.18505331873893738,-0.15086160600185394,-0.06984616816043854,0.25645169615745544,0.03271114453673363,0.0857098251581192,C:/Users/ASUS/Downloads/3D_Human_Pose_NCKH/phase5_external_generalization/data/external_raw/Le2i/Coffee_room_02/Videos/video (57).avi,-1,-1,External
276,-0.0008635800331830978,-0.00027655623853206635,4.36585396528244e-05,0.09974439442157745,0.000766760902479291,-0.042151495814323425,0.11718451976776123,0.3531351685523987,0.18273240327835083,0.11514511704444885,0.7372586727142334,0.3066282868385315,-0.09954594820737839,-0.0011003103572875261,0.041910599917173386,-0.07813632488250732,0.3939371407032013,0.18074753880500793,-0.07689063251018524,0.8064289689064026,0.26007917523384094,-0.0021022018045186996,-0.22459352016448975,-0.06155689060688019,0.0179185438901186,-0.4848749041557312,-0.05780485272407532,0.010214300826191902,-0.4761534631252289,0.0237288735806942,0.06548389047384262,-0.6090007424354553,0.04460601508617401,-0.1291572004556656,-0.48199066519737244,-0.031937919557094574,-0.19429318606853485,-0.3089677095413208,0.13983899354934692,0.016832921653985977,-0.223383367061615,0.08369901776313782,0.14997702836990356,-0.44013598561286926,-0.08347824960947037,0.1846167892217636,-0.15101784467697144,-0.06220152601599693,0.25153085589408875,0.03635646030306816,0.09090427309274673,C:/Users/ASUS/Downloads/3D_Human_Pose_NCKH/phase5_external_generalization/data/external_raw/Le2i/Coffee_room_02/Videos/video (57).avi,-1,-1,External
277,-0.0007888749241828918,-0.000342564657330513,4.428531974554062e-05,0.09932174533605576,0.0007473037112504244,-0.040810130536556244,0.11481942236423492,0.3514360189437866,0.18393415212631226,0.11477887630462646,0.7327456474304199,0.314069539308548,-0.09919756650924683,-0.001330699073150754,0.040816210210323334,-0.08387622237205505,0.39287006855010986,0.17688117921352386,-0.08217091858386993,0.8068711161613464,0.263378381729126,-0.00017689820379018784,-0.2248534858226776,-0.06144134700298309,0.02001349627971649,-0.48406392335891724,-0.05835558474063873,0.011565044522285461,-0.4742443859577179,0.02052922546863556,0.0692664161324501,-0.6054455637931824,0.03842109441757202,-0.1277325600385666,-0.48243460059165955,-0.030490802600979805,-0.19457030296325684,-0.30963245034217834,0.14749488234519958,0.0199545007199049,-0.221505269408226,0.0849362462759018,0.15249979496002197,-0.44062650203704834,-0.08092249184846878,0.18505947291851044,-0.15128612518310547,-0.05799885466694832,0.24657633900642395,0.040619008243083954,0.09228823333978653,C:/Users/ASUS/Downloads/3D_Human_Pose_NCKH/phase5_external_generalization/data/external_raw/Le2i/Coffee_room_02/Videos/video (57).avi,-1,-1,External
278,-0.000750277191400528,-0.00033077411353588104,7.417146116495132e-05,0.09905914217233658,0.001516296761110425,-0.03840014338493347,0.11005137860774994,0.3503868281841278,0.1881517469882965,0.10987857729196548,0.7310698628425598,0.31576287746429443,-0.09909893572330475,-0.0021186426747590303,0.03825059160590172,-0.08860352635383606,0.39034304022789,0.17577999830245972,-0.08859795331954956,0.8061222434043884,0.2619268000125885,0.001675538718700409,-0.2246478945016861,-0.06203460320830345,0.02193019539117813,-0.48248490691185,-0.06175137311220169,0.012680986896157265,-0.47209224104881287,0.011364956386387348,0.07223803550004959,-0.6004796624183655,0.022917361930012703,-0.12585124373435974,-0.4831404387950897,-0.032669615000486374,-0.19532358646392822,-0.3100547194480896,0.15003231167793274,0.01982932537794113,-0.2231491655111313,0.08876572549343109,0.15436822175979614,-0.4416281282901764,-0.08152125030755997,0.18534688651561737,-0.15226157009601593,-0.05659883841872215,0.2396160066127777,0.04248623922467232,0.09266965836286545,C:/Users/ASUS/Downloads/3D_Human_Pose_NCKH/phase5_external_generalization/data/external_raw/Le2i/Coffee_room_02/Videos/video (57).avi,-1,-1,External
279,-0.0006837435066699982,-0.0003194529563188553,0.00011664023622870445,0.0992470532655716,0.002749483333900571,-0.03579310327768326,0.1049797460436821,0.34994933009147644,0.19319987297058105,0.10303620249032974,0.7320582270622253,0.3130268454551697,-0.09942767024040222,-0.0034410704392939806,0.03554774448275566,-0.09192956238985062,0.3876132667064667,0.1751071959733963,-0.09395918995141983,0.8049816489219666,0.2578059434890747,0.0034969812259078026,-0.22439853847026825,-0.06288689374923706,0.024488601833581924,-0.481166809797287,-0.06628909707069397,0.014820950105786324,-0.47006505727767944,0.0005278075113892555,0.0760783776640892,-0.5955403447151184,0.005824292078614235,-0.12351018190383911,-0.4851003587245941,-0.03644244000315666,-0.1952865719795227,-0.3110082447528839,0.14731460809707642,0.017167402431368828,-0.22799937427043915,0.0927051305770874,0.15730194747447968,-0.44247788190841675,-0.08351276814937592,0.18634752929210663,-0.15235300362110138,-0.056237656623125076,0.23269017040729523,0.04488112032413483,0.09248333424329758,C:/Users/ASUS/Downloads/3D_Human_Pose_NCKH/phase5_external_generalization/data/external_raw/Le2i/Coffee_room_02/Videos/video (57).avi,-1,-1,External
280,-0.0006199013441801071,-0.0003030635416507721,0.00016998127102851868,0.09979810565710068,0.00439996924251318,-0.03302055597305298,0.0986270010471344,0.34992432594299316,0.19875207543373108,0.09229633957147598,0.7353470921516418,0.3067828118801117,-0.10006889700889587,-0.005196680314838886,0.03284492716193199,-0.09445806592702866,0.3846363425254822,0.17549768090248108,-0.09979203343391418,0.8038109540939331,0.2514086365699768,0.004599395208060741,-0.2239498496055603,-0.06367562711238861,0.0265495702624321,-0.48032712936401367,-0.07096430659294128,0.017128877341747284,-0.4681525230407715,-0.012471641413867474,0.08039247989654541,-0.5906649231910706,-0.013346424326300621,-0.12100574374198914,-0.4870249330997467,-0.0403171069920063,-0.1951228827238083,-0.31018543243408203,0.14178144931793213,0.00993923656642437,-0.22700440883636475,0.09868241846561432,0.16001318395137787,-0.4428827464580536,-0.086815245449543,0.1876746565103531,-0.1527923047542572,-0.057560715824365616,0.22632154822349548,0.045744072645902634,0.09095662832260132,C:/Users/ASUS/Downloads/3D_Human_Pose_NCKH/phase5_external_generalization/data/external_raw/Le2i/Coffee_room_02/Videos/video (57).avi,-1,-1,External
281,-0.0005046464502811432,-0.00029540155082941055,0.00024041719734668732,0.10037771612405777,0.005790735594928265,-0.03148653358221054,0.09218117594718933,0.35106366872787476,0.20082910358905792,0.08049947023391724,0.740337610244751,0.2934628129005432,-0.10073656588792801,-0.006716725416481495,0.0313582606613636,-0.09748651087284088,0.3821815848350525,0.177504301071167,-0.1059797927737236,0.8034369945526123,0.245913565158844,0.005500078201293945,-0.22375217080116272,-0.06472116708755493,0.028945840895175934,-0.4796443581581116,-0.07623330503702164,0.019749388098716736,-0.466850608587265,-0.024108581244945526,0.08479123562574387,-0.5863574147224426,-0.03091404400765896,-0.11857190728187561,-0.48927512764930725,-0.045053791254758835,-0.195701003074646,-0.30869725346565247,0.13336877524852753,-0.0004281741566956043,-0.2251463681459427,0.1057741791009903,0.1628219038248062,-0.4433765411376953,-0.09089216589927673,0.18995393812656403,-0.15301108360290527,-0.06016240641474724,0.22173798084259033,0.04535149410367012,0.08890226483345032,C:/Users/ASUS/Downloads/3D_Human_Pose_NCKH/phase5_external_generalization/data/external_raw/Le2i/Coffee_room_02/Videos/video (57).avi,-1,-1,External
282,-0.0004210676997900009,-0.0002635214477777481,0.0002968800254166126,0.10072271525859833,0.007176297716796398,-0.030348731204867363,0.08755923807621002,0.3539843261241913,0.19912517070770264,0.0687892735004425,0.7465067505836487,0.27203133702278137,-0.1012590080499649,-0.008104038424789906,0.029995102435350418,-0.10049338638782501,0.3805880844593048,0.17888596653938293,-0.11142289638519287,0.8031243681907654,0.24067135155200958,0.006762314587831497,-0.2233782857656479,-0.0657225102186203,0.032163362950086594,-0.47972455620765686,-0.08056481927633286,0.023007098585367203,-0.46626991033554077,-0.03223660960793495,0.08964359015226364,-0.5837496519088745,-0.04204574227333069,-0.11571453511714935,-0.49199697375297546,-0.04893696308135986,-0.1948944628238678,-0.30854886770248413,0.12431369721889496,-0.008823273703455925,-0.22256818413734436,0.11530950665473938,0.16632503271102905,-0.4435265064239502,-0.09499628841876984,0.1936846524477005,-0.15327546000480652,-0.06400614231824875,0.2188730239868164,0.043525777757167816,0.0855812132358551,C:/Users/ASUS/Downloads/3D_Human_Pose_NCKH/phase5_external_generalization/data/external_raw/Le2i/Coffee_room_02/Videos/video (57).avi,-1,-1,External
283,-0.00033554807305336,-0.00021342653781175613,0.0002536107785999775,0.10155356675386429,0.008580143563449383,-0.02933615632355213,0.08272059261798859,0.3575506806373596,0.19676026701927185,0.0566871277987957,0.7544724941253662,0.2464732676744461,-0.10211857408285141,-0.009524391032755375,0.028947245329618454,-0.10354845225811005,0.3792282044887543,0.1815902441740036,-0.11591082066297531,0.8028700351715088,0.2350768744945526,0.00775496568530798,-0.22322577238082886,-0.06708186864852905,0.034629832953214645,-0.4797632396221161,-0.08526340872049332,0.025733690708875656,-0.46626532077789307,-0.04272163286805153,0.09432115405797958,-0.5807719826698303,-0.056003637611866,-0.1139506846666336,-0.49517491459846497,-0.05308657884597778,-0.19533169269561768,-0.30876103043556213,0.1157032921910286,-0.018159259110689163,-0.2197462022304535,0.12753257155418396,0.1690516173839569,-0.44387587904930115,-0.10020352154970169,0.19698910415172577,-0.15351158380508423,-0.06898809969425201,0.21692892909049988,0.04176069796085358,0.08075495809316635,C:/Users/ASUS/Downloads/3D_Human_Pose_NCKH/phase5_external_generalization/data/external_raw/Le2i/Coffee_room_02/Videos/video (57).avi,-1,-1,External
284,-0.00022826530039310455,-0.00021588243544101715,0.0001706504262983799,0.10266165435314178,0.009587830863893032,-0.02804727666079998,0.07848554104566574,0.3622807264328003,0.1926913857460022,0.04553037881851196,0.764030396938324,0.21851296722888947,-0.10318052768707275,-0.010748212225735188,0.027793124318122864,-0.10632692277431488,0.37888994812965393,0.18416623771190643,-0.11932440847158432,0.8029360771179199,0.23025734722614288,0.009280390106141567,-0.22359365224838257,-0.06720486283302307,0.03717070072889328,-0.48058387637138367,-0.0872822105884552,0.028670240193605423,-0.4675712287425995,-0.049733493477106094,0.09922335296869278,-0.5787565112113953,-0.06639553606510162,-0.11233755201101303,-0.4982911944389343,-0.05471401661634445,-0.19590817391872406,-0.3089335858821869,0.10970836132764816,-0.026221251115202904,-0.21459725499153137,0.14442704617977142,0.17198292911052704,-0.444499135017395,-0.1031389832496643,0.20052731037139893,-0.15442170202732086,-0.0736348107457161,0.21694162487983704,0.03983117267489433,0.07470819354057312,C:/Users/ASUS/Downloads/3D_Human_Pose_NCKH/phase5_external_generalization/data/external_raw/Le2i/Coffee_room_02/Videos/video (57).avi,-1,-1,External
285,-0.00023860298097133636,-6.739236414432526e-05,0.00016149040311574936,0.10357080399990082,0.010678633116185665,-0.0268994327634573,0.07441022247076035,0.3684508800506592,0.18675419688224792,0.035889238119125366,0.7755830883979797,0.19470494985580444,-0.10421105474233627,-0.011691865511238575,0.026411231607198715,-0.10847888141870499,0.3779662549495697,0.18932105600833893,-0.1222432553768158,0.8011592030525208,0.23006974160671234,0.01125902496278286,-0.22377921640872955,-0.067508265376091,0.039391521364450455,-0.48077523708343506,-0.08972441405057907,0.03158346563577652,-0.4690382778644562,-0.05763103440403938,0.10305146872997284,-0.5751754641532898,-0.07992283254861832,-0.11056776344776154,-0.5009922385215759,-0.056599486619234085,-0.19622677564620972,-0.30962318181991577,0.10556269437074661,-0.032930053770542145,-0.21291621029376984,0.16678641736507416,0.17436376214027405,-0.44515275955200195,-0.10613188147544861,0.20417892932891846,-0.15535645186901093,-0.07850207388401031,0.21763360500335693,0.03844299912452698,0.06888198852539062,C:/Users/ASUS/Downloads/3D_Human_Pose_NCKH/phase5_external_generalization/data/external_raw/Le2i/Coffee_room_02/Videos/video (57).avi,-1,-1,External
286,-0.0002554822713136673,3.124866634607315e-05,0.00015475181862711906,0.1046537533402443,0.01123060192912817,-0.025204433128237724,0.07066614925861359,0.37509632110595703,0.1802164763212204,0.028581829741597176,0.7876049876213074,0.17522484064102173,-0.10539533197879791,-0.012113095261156559,0.02461330220103264,-0.10945092141628265,0.37640824913978577,0.19565841555595398,-0.12428868561983109,0.7985681891441345,0.23192040622234344,0.013574903830885887,-0.22407208383083344,-0.06738507747650146,0.04197642579674721,-0.48106715083122253,-0.09105850011110306,0.03500237315893173,-0.47131872177124023,-0.06343427300453186,0.10734352469444275,-0.5720593929290771,-0.09204631298780441,-0.10856535285711288,-0.5037775635719299,-0.05768381059169769,-0.19599074125289917,-0.3115284740924835,0.10410739481449127,-0.03994118794798851,-0.21176829934120178,0.19122733175754547,0.17738623917102814,-0.4458293616771698,-0.10836710780858994,0.20842716097831726,-0.15669594705104828,-0.08308877795934677,0.22037097811698914,0.03673527389764786,0.06461843103170395,C:/Users/ASUS/Downloads/3D_Human_Pose_NCKH/phase5_external_generalization/data/external_raw/Le2i/Coffee_room_02/Videos/video (57).avi,-1,-1,External
287,-0.0003118552267551422,8.676014840602875e-05,0.00015535904094576836,0.10594937950372696,0.011361843906342983,-0.023068128153681755,0.06721973419189453,0.38248252868652344,0.17324945330619812,0.022388875484466553,0.7996413111686707,0.15918783843517303,-0.10684733092784882,-0.012215680442750454,0.022501474246382713,-0.10986422002315521,0.37441810965538025,0.20235379040241241,-0.12701180577278137,0.7957268953323364,0.23460550606250763,0.015828929841518402,-0.22468915581703186,-0.06649035960435867,0.04488476738333702,-0.48181667923927307,-0.09113476425409317,0.038346998393535614,-0.47457155585289,-0.06632883846759796,0.1119769886136055,-0.5701928734779358,-0.10063659399747849,-0.1063740998506546,-0.5069237351417542,-0.05802282318472862,-0.19541218876838684,-0.3139170706272125,0.10381358861923218,-0.045276518911123276,-0.21093854308128357,0.20967063307762146,0.18138623237609863,-0.44690659642219543,-0.10927325487136841,0.21308179199695587,-0.158189058303833,-0.0864463597536087,0.2247125655412674,0.0348883792757988,0.06274637579917908,C:/Users/ASUS/Downloads/3D_Human_Pose_NCKH/phase5_external_generalization/data/external_raw/Le2i/Coffee_room_02/Videos/video (57).avi,-1,-1,External
288,-0.00058775395154953,0.00022980011999607086,0.00021062558516860008,0.10670279711484909,0.01150969322770834,-0.022524958476424217,0.06438688188791275,0.3888300657272339,0.16488295793533325,0.0181410014629364,0.8101211190223694,0.15051282942295074,-0.10772885382175446,-0.011937777511775494,0.021964311599731445,-0.10836061835289001,0.3721064627170563,0.21094918251037598,-0.12715815007686615,0.7921887040138245,0.24275551736354828,0.017214493826031685,-0.22509291768074036,-0.06523112207651138,0.04667713865637779,-0.4826820492744446,-0.08981495350599289,0.041227877140045166,-0.47810861468315125,-0.06704980880022049,0.11603190749883652,-0.569378137588501,-0.10597530752420425,-0.10476603358983994,-0.5106281042098999,-0.05715183541178703,-0.19481971859931946,-0.3173208236694336,0.10582021623849869,-0.04580759257078171,-0.21627569198608398,0.21737074851989746,0.18386417627334595,-0.44826027750968933,-0.10935768485069275,0.21802620589733124,-0.159478098154068,-0.08853645622730255,0.22966539859771729,0.03246714174747467,0.06442992389202118,C:/Users/ASUS/Downloads/3D_Human_Pose_NCKH/phase5_external_generalization/data/external_raw/Le2i/Coffee_room_02/Videos/video (57).avi,-1,-1,External
289,-0.0005814880132675171,0.00021765194833278656,0.0001004580408334732,0.10788837820291519,0.011117680929601192,-0.0222275760024786,0.06163283437490463,0.39448726177215576,0.1570681631565094,0.014796510338783264,0.8192341923713684,0.14238721132278442,-0.10881708562374115,-0.011722025461494923,0.021731548011302948,-0.1078566163778305,0.368937224149704,0.21966543793678284,-0.12835367023944855,0.7890218496322632,0.24937622249126434,0.018765989691019058,-0.2260320633649826,-0.06302569806575775,0.048766959458589554,-0.4834787845611572,-0.0873807743191719,0.04321230202913284,-0.4814206659793854,-0.06438586860895157,0.12064797431230545,-0.5692229866981506,-0.10674197226762772,-0.1033027246594429,-0.5136261582374573,-0.054512448608875275,-0.19427263736724854,-0.3202510178089142,0.10820046812295914,-0.0465451143682003,-0.2190324366092682,0.22244903445243835,0.18713778257369995,-0.4497224688529968,-0.10705295205116272,0.22359327971935272,-0.16119088232517242,-0.08594126999378204,0.23497189581394196,0.028673237189650536,0.07050599157810211,C:/Users/ASUS/Downloads/3D_Human_Pose_NCKH/phase5_external_generalization/data/external_raw/Le2i/Coffee_room_02/Videos/video (57).avi,-1,-1,External
290,-0.0005857273936271667,0.00019189342856407166,9.277928620576859e-05,0.10841365903615952,0.010630580596625805,-0.022708693519234657,0.059866562485694885,0.39832234382629395,0.15041041374206543,0.013754315674304962,0.8246294856071472,0.13910073041915894,-0.10931479930877686,-0.011357602663338184,0.022138871252536774,-0.10690966248512268,0.3650067448616028,0.22852034866809845,-0.1278448849916458,0.7839707732200623,0.25875744223594666,0.01982656866312027,-0.2258239984512329,-0.060316115617752075,0.049762990325689316,-0.4833504557609558,-0.08503361791372299,0.044295959174633026,-0.48330146074295044,-0.061601363122463226,0.12553763389587402,-0.5670785307884216,-0.10833843052387238,-0.10242344439029694,-0.5156412720680237,-0.05241147056221962,-0.19319620728492737,-0.3222123980522156,0.10930182784795761,-0.04808948561549187,-0.22195765376091003,0.22627165913581848,0.18876555562019348,-0.4503583014011383,-0.10373508930206299,0.22792981564998627,-0.16284114122390747,-0.08040963113307953,0.2405683696269989,0.024784551933407784,0.07906254380941391,C:/Users/ASUS/Downloads/3D_Human_Pose_NCKH/phase5_external_generalization/data/external_raw/Le2i/Coffee_room_02/Videos/video (57).avi,-1,-1,External
291,-0.0005500111728906631,0.00015149451792240143,3.1259842216968536e-06,0.10846538841724396,0.010089210234582424,-0.024011777713894844,0.059063635766506195,0.4008421301841736,0.14414161443710327,0.013587910681962967,0.8271943926811218,0.13353317975997925,-0.10933638364076614,-0.011086362414062023,0.023494185879826546,-0.10506323724985123,0.3620259165763855,0.23605778813362122,-0.12635476887226105,0.7793093323707581,0.2730671167373657,0.020814768970012665,-0.22494490444660187,-0.056958556175231934,0.05060790479183197,-0.4825338125228882,-0.08166435360908508,0.04574061185121536,-0.4838086664676666,-0.055642787367105484,0.131419837474823,-0.5643156170845032,-0.10715498775243759,-0.10128501057624817,-0.5167341232299805,-0.04891357943415642,-0.1915120780467987,-0.3223155736923218,0.10994723439216614,-0.04835619777441025,-0.22294533252716064,0.2282552272081375,0.18953990936279297,-0.4503253996372223,-0.09876412898302078,0.23088504374027252,-0.16439320147037506,-0.07397012412548065,0.2438233643770218,0.02216077782213688,0.08800354599952698,C:/Users/ASUS/Downloads/3D_Human_Pose_NCKH/phase5_external_generalization/data/external_raw/Le2i/Coffee_room_02/Videos/video (57).avi,-1,-1,External
292,-0.0005046837031841278,7.422547787427902e-05,-7.659895345568657e-05,0.10792116075754166,0.009326512925326824,-0.02532842569053173,0.05987235903739929,0.4010809659957886,0.14075355231761932,0.015480529516935349,0.8268107771873474,0.13429610431194305,-0.10882101953029633,-0.010702491737902164,0.02490254119038582,-0.10190673917531967,0.3593173623085022,0.24256862699985504,-0.12388332188129425,0.7729011178016663,0.28953656554222107,0.02171085961163044,-0.22319163382053375,-0.05259697139263153,0.05121015012264252,-0.4810866713523865,-0.07667551189661026,0.04659091308712959,-0.48338615894317627,-0.04792116954922676,0.13769429922103882,-0.5602418780326843,-0.10499673336744308,-0.09998352825641632,-0.51690673828125,-0.044490184634923935,-0.18934017419815063,-0.32278817892074585,0.11216752976179123,-0.04614337906241417,-0.22341209650039673,0.23077048361301422,0.18922314047813416,-0.4503493010997772,-0.09147651493549347,0.23184286057949066,-0.16665364801883698,-0.06465714424848557,0.24543912708759308,0.019766537472605705,0.09839794039726257,C:/Users/ASUS/Downloads/3D_Human_Pose_NCKH/phase5_external_generalization/data/external_raw/Le2i/Coffee_room_02/Videos/video (57).avi,-1,-1,External
293,-0.0005494933575391769,0.0001021064817905426,-0.00017581693828105927,0.10746403783559799,0.008864468894898891,-0.026923632249236107,0.06196672469377518,0.4007657766342163,0.13886615633964539,0.018366318196058273,0.8252100348472595,0.13399982452392578,-0.10838887840509415,-0.010447531007230282,0.026566848158836365,-0.0988813266158104,0.35770297050476074,0.24906885623931885,-0.12140246480703354,0.7661604881286621,0.3074725866317749,0.023183662444353104,-0.22171157598495483,-0.04632196202874184,0.05290679261088371,-0.4794776141643524,-0.06756620854139328,0.04766476899385452,-0.4832691550254822,-0.03466140106320381,0.14474155008792877,-0.5573346614837646,-0.09485184401273727,-0.09801892191171646,-0.5176884531974792,-0.03646693006157875,-0.18792283535003662,-0.32264578342437744,0.11734095215797424,-0.042750291526317596,-0.21807913482189178,0.23137281835079193,0.18968859314918518,-0.4512186348438263,-0.07990887761116028,0.2322281450033188,-0.16868051886558533,-0.05099021643400192,0.2471763640642166,0.01891455240547657,0.11114444583654404,C:/Users/ASUS/Downloads/3D_Human_Pose_NCKH/phase5_external_generalization/data/external_raw/Le2i/Coffee_room_02/Videos/video (57).avi,-1,-1,External
294,-0.0006400439888238907,0.00015227124094963074,-0.00018235715106129646,0.10687868297100067,0.008972070179879665,-0.03003413788974285,0.06523986160755157,0.40040862560272217,0.13808958232402802,0.02201836369931698,0.8227928280830383,0.13508379459381104,-0.10791608691215515,-0.010582146234810352,0.029651649296283722,-0.09510426968336105,0.3566766083240509,0.25541573762893677,-0.1189938560128212,0.7584457397460938,0.32350608706474304,0.024651382118463516,-0.21993738412857056,-0.03981342911720276,0.055225737392902374,-0.47733110189437866,-0.057886116206645966,0.04874188080430031,-0.48264896869659424,-0.021149398759007454,0.15207992494106293,-0.5546011924743652,-0.08238556236028671,-0.09514609724283218,-0.5182144045829773,-0.027441436424851418,-0.18567372858524323,-0.32183969020843506,0.122685007750988,-0.0397755391895771,-0.2113572657108307,0.232744500041008,0.18997900187969208,-0.45158639550209045,-0.0690656453371048,0.23106256127357483,-0.16983123123645782,-0.03812947869300842,0.24826127290725708,0.0184295903891325,0.1213759258389473,C:/Users/ASUS/Downloads/3D_Human_Pose_NCKH/phase5_external_generalization/data/external_raw/Le2i/Coffee_room_02/Videos/video (57).avi,-1,-1,External
295,-0.0007737241685390472,0.0002262461930513382,-0.00015442166477441788,0.10618367791175842,0.009152012877166271,-0.033898502588272095,0.06894870847463608,0.39960938692092896,0.13928210735321045,0.0257857795804739,0.8199159502983093,0.1348579227924347,-0.10737723112106323,-0.010650056414306164,0.03354426100850105,-0.09071710705757141,0.3575756251811981,0.25999701023101807,-0.11637654900550842,0.7519821524620056,0.3413395285606384,0.026072297245264053,-0.2185245007276535,-0.03355056792497635,0.05794565752148628,-0.47518038749694824,-0.04859797656536102,0.05002722516655922,-0.48142099380493164,-0.008749706670641899,0.15966612100601196,-0.5510126948356628,-0.07064252346754074,-0.09120749682188034,-0.5177976489067078,-0.01830981858074665,-0.18286705017089844,-0.31943124532699585,0.1258130669593811,-0.036224059760570526,-0.20368671417236328,0.23277902603149414,0.18957051634788513,-0.45137083530426025,-0.06036125868558884,0.22782309353351593,-0.1693008840084076,-0.028633810579776764,0.24854862689971924,0.01860005594789982,0.12597660720348358,C:/Users/ASUS/Downloads/3D_Human_Pose_NCKH/phase5_external_generalization/data/external_raw/Le2i/Coffee_room_02/Videos/video (57).avi,-1,-1,External
296,-0.000903598964214325,0.00025620032101869583,-0.00022402172908186913,0.1051197424530983,0.009471583180129528,-0.03782922774553299,0.07352028042078018,0.3960549831390381,0.14703315496444702,0.030561361461877823,0.8159449696540833,0.14347489178180695,-0.10650087893009186,-0.010826163925230503,0.03753507509827614,-0.08712992817163467,0.35922563076019287,0.264226496219635,-0.11623615026473999,0.7450218796730042,0.3578543961048126,0.02686040848493576,-0.21699731051921844,-0.028470149263739586,0.06022447720170021,-0.47266465425491333,-0.04020080342888832,0.05083861202001572,-0.4801037609577179,0.0008721938356757164,0.16721074283123016,-0.5453315377235413,-0.06239573657512665,-0.0872124582529068,-0.5173062682151794,-0.009030787274241447,-0.17955227196216583,-0.3176090121269226,0.12994910776615143,-0.034122589975595474,-0.19188857078552246,0.23545204102993011,0.1876140981912613,-0.4524590075016022,-0.05377323925495148,0.22263862192630768,-0.1697433590888977,-0.02073795720934868,0.24853576719760895,0.018944555893540382,0.1264611929655075,C:/Users/ASUS/Downloads/3D_Human_Pose_NCKH/phase5_external_generalization/data/external_raw/Le2i/Coffee_room_02/Videos/video (57).avi,-1,-1,External
297,-0.000979781150817871,0.00022931303828954697,-0.00032167788594961166,0.10450894385576248,0.009725089184939861,-0.041126593947410583,0.0770694762468338,0.3940057158470154,0.15602551400661469,0.03439972549676895,0.8148115277290344,0.1558479368686676,-0.10604991018772125,-0.010990030132234097,0.04092267528176308,-0.08541782945394516,0.36135855317115784,0.2669224143028259,-0.11811530590057373,0.7398937940597534,0.3691484034061432,0.0271611288189888,-0.2161026895046234,-0.02534673735499382,0.062099676579236984,-0.4704200029373169,-0.03476778045296669,0.051891498267650604,-0.47954079508781433,0.005527603439986706,0.1746566891670227,-0.5394312143325806,-0.05879326909780502,-0.08304088562726974,-0.5166895985603333,-0.0022103465162217617,-0.17537745833396912,-0.3160925507545471,0.1325402706861496,-0.03369881585240364,-0.18025951087474823,0.23661105334758759,0.1845167875289917,-0.45396995544433594,-0.05230191349983215,0.21639591455459595,-0.17003187537193298,-0.01985214091837406,0.24751058220863342,0.02004372514784336,0.11762344092130661,C:/Users/ASUS/Downloads/3D_Human_Pose_NCKH/phase5_external_generalization/data/external_raw/Le2i/Coffee_room_02/Videos/video (57).avi,-1,-1,External
298,-0.0010445956140756607,0.00020657479763031006,-0.0004240486305207014,0.10425274819135666,0.00964407529681921,-0.04352583736181259,0.07967416197061539,0.39487752318382263,0.16185447573661804,0.036746859550476074,0.8173749446868896,0.1687610000371933,-0.10593593865633011,-0.010769478045403957,0.04329447075724602,-0.08602143824100494,0.3644479811191559,0.26808327436447144,-0.12180641293525696,0.7380649447441101,0.37278643250465393,0.027256879955530167,-0.21592943370342255,-0.023538772016763687,0.0637604147195816,-0.46829700469970703,-0.03194407373666763,0.053519926965236664,-0.4799811840057373,0.0069241514429450035,0.18194891512393951,-0.5337656140327454,-0.057467080652713776,-0.07833389192819595,-0.5151556134223938,0.001557579729706049,-0.17107930779457092,-0.31351780891418457,0.1328335553407669,-0.03481906279921532,-0.16821563243865967,0.23462574183940887,0.18106190860271454,-0.45566776394844055,-0.05494552105665207,0.2096157819032669,-0.17006605863571167,-0.025309838354587555,0.2452734112739563,0.023562273010611534,0.10023496299982071,C:/Users/ASUS/Downloads/3D_Human_Pose_NCKH/phase5_external_generalization/data/external_raw/Le2i/Coffee_room_02/Videos/video (57).avi,-1,-1,External
299,-0.0011087488383054733,0.00019680708646774292,-0.0005365819670259953,0.10360796749591827,0.009411617182195187,-0.044610582292079926,0.08231840282678604,0.3988620638847351,0.1614077389240265,0.039303332567214966,0.8240880370140076,0.17515847086906433,-0.10537291318178177,-0.0103749455884099,0.04412354156374931,-0.08695770055055618,0.3687352240085602,0.26623743772506714,-0.1241350769996643,0.7410120368003845,0.36739611625671387,0.028399255126714706,-0.21623000502586365,-0.02252572774887085,0.06648299843072891,-0.4665493965148926,-0.031243864446878433,0.05654006451368332,-0.4818890690803528,0.004802568815648556,0.19031773507595062,-0.5278052091598511,-0.05979444831609726,-0.07257997989654541,-0.5130906701087952,0.0015880991704761982,-0.16640308499336243,-0.31136536598205566,0.13116638362407684,-0.03446032851934433,-0.15706127882003784,0.2289021611213684,0.17858752608299255,-0.45743727684020996,-0.05957327038049698,0.2032487392425537,-0.17033974826335907,-0.03517019376158714,0.24232813715934753,0.02963627316057682,0.07514139264822006,C:/Users/ASUS/Downloads/3D_Human_Pose_NCKH/phase5_external_generalization/data/external_raw/Le2i/Coffee_room_02/Videos/video (57).avi,-1,-1,External
300,-0.0012174639850854874,0.00020799878984689713,-0.0005665910430252552,0.10186607390642166,0.009434758685529232,-0.04517756402492523,0.08581610023975372,0.40462610125541687,0.15485608577728271,0.04248644411563873,0.8335960507392883,0.1722889095544815,-0.1037166491150856,-0.010162520222365856,0.044314801692962646,-0.08693087100982666,0.3741256892681122,0.2605883479118347,-0.12362600862979889,0.7482509016990662,0.3566199541091919,0.03094085305929184,-0.21662455797195435,-0.021218502894043922,0.07105255872011185,-0.46476274728775024,-0.03140769526362419,0.061588726937770844,-0.48402392864227295,0.0017883209511637688,0.20020431280136108,-0.5217129588127136,-0.06250820308923721,-0.06545930355787277,-0.5109972357749939,-0.00043484894558787346,-0.16126687824726105,-0.31051644682884216,0.12969337403774261,-0.03207254409790039,-0.14851541817188263,0.21979354321956635,0.17765218019485474,-0.4581884443759918,-0.06436982750892639,0.1978984773159027,-0.17058967053890228,-0.04711506515741348,0.2401745766401291,0.03652002289891243,0.04630914703011513,C:/Users/ASUS/Downloads/3D_Human_Pose_NCKH/phase5_external_generalization/data/external_raw/Le2i/Coffee_room_02/Videos/video (57).avi,-1,-1,External
301,-0.0010622739791870117,5.879625678062439e-05,-0.0006349475588649511,0.09945128113031387,0.008498902432620525,-0.04476568102836609,0.09078429639339447,0.4099339246749878,0.14517930150032043,0.047307830303907394,0.8435747027397156,0.15819714963436127,-0.10147666931152344,-0.009778858162462711,0.043876875191926956,-0.08565686643123627,0.38097819685935974,0.2508280873298645,-0.11988645792007446,0.7604691386222839,0.3441011309623718,0.034747663885354996,-0.21710869669914246,-0.018664447590708733,0.07718641310930252,-0.4628124237060547,-0.029962513595819473,0.06881950050592422,-0.48525866866111755,0.0022639157250523567,0.2124132364988327,-0.5155839323997498,-0.06167653203010559,-0.056970447301864624,-0.507263720035553,-0.0017824354581534863,-0.15439780056476593,-0.30832570791244507,0.13117973506450653,-0.029069889336824417,-0.1380845308303833,0.21006304025650024,0.17844665050506592,-0.4583307206630707,-0.06563403457403183,0.19398726522922516,-0.17177093029022217,-0.057209182530641556,0.23935575783252716,0.04343915358185768,0.0172543004155159,C:/Users/ASUS/Downloads/3D_Human_Pose_NCKH/phase5_external_generalization/data/external_raw/Le2i/Coffee_room_02/Videos/video (57).avi,-1,-1,External
302,-0.0011728648096323013,0.00013028085231781006,-0.0007001718040555716,0.09578100591897964,0.008689767681062222,-0.04446260631084442,0.09564544260501862,0.41502583026885986,0.13165448606014252,0.052549995481967926,0.853432834148407,0.1403294950723648,-0.09802842885255814,-0.00983648281544447,0.04308612272143364,-0.0814686119556427,0.38670411705970764,0.23924890160560608,-0.11212232708930969,0.7731661200523376,0.32738831639289856,0.039594341069459915,-0.2170514464378357,-0.016216496005654335,0.08571554720401764,-0.4603999853134155,-0.029175162315368652,0.07886569947004318,-0.48557448387145996,0.0014370633289217949,0.22618994116783142,-0.5082098841667175,-0.06129952520132065,-0.045878443866968155,-0.5041564702987671,-0.003052405547350645,-0.14425979554653168,-0.30508214235305786,0.13256984949111938,-0.021337619051337242,-0.126371830701828,0.20092827081680298,0.1806526631116867,-0.4570946991443634,-0.06766568124294281,0.19065864384174347,-0.17184948921203613,-0.0684201568365097,0.23955009877681732,0.04989410564303398,-0.008550222963094711,C:/Users/ASUS/Downloads/3D_Human_Pose_NCKH/phase5_external_generalization/data/external_raw/Le2i/Coffee_room_02/Videos/video (57).avi,-1,-1,External
303,-0.001265915110707283,0.00028463732451200485,-0.0007407804951071739,0.09188990294933319,0.008642404340207577,-0.044331103563308716,0.1004452109336853,0.42096400260925293,0.11761662364006042,0.058759160339832306,0.8647080659866333,0.11838287860155106,-0.094313845038414,-0.0096444645896554,0.04244442284107208,-0.07469367235898972,0.3934108316898346,0.22829431295394897,-0.10132907330989838,0.7889828085899353,0.30929407477378845,0.04521818459033966,-0.2172742635011673,-0.01306171901524067,0.09615256637334824,-0.45760560035705566,-0.027568399906158447,0.09053207188844681,-0.4847741723060608,0.0023951074108481407,0.2417362481355667,-0.5004889369010925,-0.05770973116159439,-0.032445892691612244,-0.4994058310985565,-0.004078460391610861,-0.1320911943912506,-0.2995014786720276,0.1354210078716278,-0.011922800913453102,-0.1116454154253006,0.19404470920562744,0.18465057015419006,-0.455524742603302,-0.06851392239332199,0.18829649686813354,-0.17332062125205994,-0.07881616055965424,0.2399711310863495,0.05481923371553421,-0.03022003546357155,C:/Users/ASUS/Downloads/3D_Human_Pose_NCKH/phase5_external_generalization/data/external_raw/Le2i/Coffee_room_02/Videos/video (57).avi,-1,-1,External
304,-0.0013100039213895798,0.0003767348825931549,-0.000768610741943121,0.08743081241846085,0.008896353654563427,-0.04385671764612198,0.10510504245758057,0.4264717698097229,0.10087979584932327,0.06616652756929398,0.8761752843856812,0.09380856156349182,-0.08997940272092819,-0.009943387471139431,0.0416124202311039,-0.0646672248840332,0.4015403091907501,0.21328797936439514,-0.08492930978536606,0.8084011673927307,0.2900695502758026,0.05167919769883156,-0.21741434931755066,-0.01094373594969511,0.10898274928331375,-0.4550078213214874,-0.027189582586288452,0.10488865524530411,-0.4818354547023773,0.001190793700516224,0.2614554166793823,-0.4902074337005615,-0.05635244399309158,-0.01657048985362053,-0.49420616030693054,-0.006208668928593397,-0.11459609866142273,-0.29157036542892456,0.13629086315631866,0.0021515521220862865,-0.09665437787771225,0.18352344632148743,0.19138965010643005,-0.45477765798568726,-0.0684598982334137,0.18677671253681183,-0.1760587841272354,-0.0876874253153801,0.23827201128005981,0.05789598077535629,-0.04960765317082405,C:/Users/ASUS/Downloads/3D_Human_Pose_NCKH/phase5_external_generalization/data/external_raw/Le2i/Coffee_room_02/Videos/video (57).avi,-1,-1,External
305,-0.0013190880417823792,0.0004916060715913773,-0.0007214746437966824,0.08254153281450272,0.0085592744871974,-0.04275170713663101,0.10830364376306534,0.4315629303455353,0.08226397633552551,0.0740547850728035,0.8867958784103394,0.06873396784067154,-0.08517313003540039,-0.009742935188114643,0.04018839821219444,-0.052477288991212845,0.4101397693157196,0.1969432383775711,-0.06530209630727768,0.8292480111122131,0.2701053023338318,0.05888654291629791,-0.2176227867603302,-0.008226394653320312,0.12437701970338821,-0.45178478956222534,-0.02631569653749466,0.12176764756441116,-0.4775383770465851,-0.00017707142978906631,0.2845124900341034,-0.4784030318260193,-0.05474767088890076,0.002640731632709503,-0.48710542917251587,-0.00839320570230484,-0.09189826250076294,-0.27988892793655396,0.13745057582855225,0.021610215306282043,-0.07563655078411102,0.1726008802652359,0.20022891461849213,-0.4542592465877533,-0.0664442703127861,0.1862042099237442,-0.18020324409008026,-0.09436574578285217,0.23462387919425964,0.05815153568983078,-0.06542767584323883,C:/Users/ASUS/Downloads/3D_Human_Pose_NCKH/phase5_external_generalization/data/external_raw/Le2i/Coffee_room_02/Videos/video (57).avi,-1,-1,External
306,-0.0012946780771017075,0.0006121564656496048,-0.000803657341748476,0.0770750343799591,0.007864139042794704,-0.04095633327960968,0.10921961814165115,0.4367685914039612,0.06136692687869072,0.08224894851446152,0.8971248865127563,0.042466867715120316,-0.07970519363880157,-0.009526991285383701,0.038215845823287964,-0.03839200735092163,0.41938096284866333,0.1789117306470871,-0.04368036612868309,0.8487949371337891,0.2488153725862503,0.06685499846935272,-0.21788376569747925,-0.0034672683104872704,0.1420840471982956,-0.4476070702075958,-0.02368929237127304,0.140822172164917,-0.47138500213623047,0.0003921622410416603,0.3101952373981476,-0.4649096429347992,-0.04976877570152283,0.025210758671164513,-0.47847816348075867,-0.009218890219926834,-0.06458652019500732,-0.26743316650390625,0.13933464884757996,0.04384448379278183,-0.055277518928050995,0.16136932373046875,0.21049284934997559,-0.4534395933151245,-0.060958415269851685,0.18765366077423096,-0.18480855226516724,-0.09802787005901337,0.23039944469928741,0.059273116290569305,-0.07510252296924591,C:/Users/ASUS/Downloads/3D_Human_Pose_NCKH/phase5_external_generalization/data/external_raw/Le2i/Coffee_room_02/Videos/video (57).avi,-1,-1,External
307,-0.0014217756688594818,0.0007268157787621021,-0.0008669467642903328,0.07085219025611877,0.007497123442590237,-0.03942783176898956,0.10770926624536514,0.4408149719238281,0.040597110986709595,0.09034469723701477,0.9058015942573547,0.020417146384716034,-0.07322041690349579,-0.009779888205230236,0.0366874597966671,-0.02313285693526268,0.42698392271995544,0.16249655187129974,-0.023378226906061172,0.8626810908317566,0.2294689267873764,0.07524028420448303,-0.2172061800956726,0.0022298339754343033,0.1617017537355423,-0.44173187017440796,-0.02019522339105606,0.1612377166748047,-0.46364694833755493,0.002101447433233261,0.33714044094085693,-0.4495468735694885,-0.041225872933864594,0.051299091428518295,-0.46814486384391785,-0.008537622168660164,-0.0319649837911129,-0.25348716974258423,0.14094890654087067,0.07336217910051346,-0.0388370044529438,0.14953692257404327,0.22144757211208344,-0.4522390067577362,-0.053581468760967255,0.18931765854358673,-0.19154417514801025,-0.10059070587158203,0.2237614095211029,0.05861630290746689,-0.07828421145677567,C:/Users/ASUS/Downloads/3D_Human_Pose_NCKH/phase5_external_generalization/data/external_raw/Le2i/Coffee_room_02/Videos/video (57).avi,-1,-1,External
308,-0.00154954195022583,0.0007818397134542465,-0.0007997630164027214,0.06399983912706375,0.007216273806989193,-0.03978699445724487,0.1035495176911354,0.44277703762054443,0.02234002575278282,0.09655491262674332,0.9112013578414917,0.004003061912953854,-0.06593220680952072,-0.009982015006244183,0.03725505992770195,-0.006229700520634651,0.43244391679763794,0.14885815978050232,-0.0030770343728363514,0.8709211945533752,0.21285508573055267,0.08417858183383942,-0.21504898369312286,0.007270039990544319,0.18315665423870087,-0.43442046642303467,-0.016856111586093903,0.18376874923706055,-0.4544057548046112,0.0041008032858371735,0.3648502826690674,-0.43185853958129883,-0.03212515264749527,0.08111239224672318,-0.4558407962322235,-0.005841560196131468,0.006704799830913544,-0.23812086880207062,0.14337565004825592,0.11343712359666824,-0.023953121155500412,0.1394430696964264,0.2323388159275055,-0.4501676857471466,-0.04781016707420349,0.18975412845611572,-0.19826863706111908,-0.10403231531381607,0.21463823318481445,0.0555831640958786,-0.08000921458005905,C:/Users/ASUS/Downloads/3D_Human_Pose_NCKH/phase5_external_generalization/data/external_raw/Le2i/Coffee_room_02/Videos/video (57).avi,-1,-1,External
309,-0.0015102680772542953,0.0007877899333834648,-0.00066746911033988,0.058772653341293335,0.0056752851232886314,-0.03943907469511032,0.09831757843494415,0.44360142946243286,0.0059703923761844635,0.09977196156978607,0.914896547794342,-0.011899170465767384,-0.06058652698993683,-0.008750294335186481,0.03681207448244095,0.008430173620581627,0.43569377064704895,0.13648849725723267,0.015840087085962296,0.8780263662338257,0.19508977234363556,0.0937000960111618,-0.21250532567501068,0.011793062090873718,0.20584581792354584,-0.42754465341567993,-0.01090943068265915,0.20724263787269592,-0.44493937492370605,0.009227641858160496,0.3925045132637024,-0.41558799147605896,-0.02230772189795971,0.11071667820215225,-0.4413924813270569,-0.0011594942770898342,0.03897056356072426,-0.2137649953365326,0.14491651952266693,0.1407051384449005,0.013055193237960339,0.13458514213562012,0.245282843708992,-0.447538822889328,-0.0408969521522522,0.19062910974025726,-0.20621079206466675,-0.10602688789367676,0.2083437293767929,0.051699694246053696,-0.08328904211521149,C:/Users/ASUS/Downloads/3D_Human_Pose_NCKH/phase5_external_generalization/data/external_raw/Le2i/Coffee_room_02/Videos/video (57).avi,-1,-1,External
310,-0.001465996727347374,0.000729825347661972,-0.0006252091843634844,0.053125109523534775,0.004455986432731152,-0.03954846411943436,0.08994123339653015,0.443111777305603,-0.00638996809720993,0.09723548591136932,0.9168723225593567,-0.023491058498620987,-0.05456249415874481,-0.007909358479082584,0.037119753658771515,0.021845683455467224,0.43724673986434937,0.12786516547203064,0.03044443577528,0.8805233836174011,0.18324115872383118,0.10296250879764557,-0.2087780088186264,0.01478443294763565,0.22815167903900146,-0.4190402626991272,-0.006612495053559542,0.22928771376609802,-0.43415820598602295,0.013938249088823795,0.41788506507873535,-0.3990492820739746,-0.010077139362692833,0.1410009115934372,-0.4261813759803772,0.003436556551605463,0.07219455391168594,-0.1919337511062622,0.14638864994049072,0.1728048324584961,0.03935733065009117,0.13027870655059814,0.2570106089115143,-0.44374170899391174,-0.03606334701180458,0.18937472999095917,-0.21444110572338104,-0.10869963467121124,0.19964784383773804,0.0446755513548851,-0.08341758698225021,C:/Users/ASUS/Downloads/3D_Human_Pose_NCKH/phase5_external_generalization/data/external_raw/Le2i/Coffee_room_02/Videos/video (57).avi,-1,-1,External
311,-0.0014270506799221039,0.000538170337677002,-0.0006101834587752819,0.04776623100042343,0.0031177413184195757,-0.03989778459072113,0.08000530302524567,0.4418379068374634,-0.017140068113803864,0.09009002894163132,0.9173247218132019,-0.03429236263036728,-0.04901333898305893,-0.007097386755049229,0.03765186294913292,0.03318377211689949,0.4379728436470032,0.12084147334098816,0.041313812136650085,0.8806430697441101,0.17470869421958923,0.11177816987037659,-0.20463263988494873,0.01701415330171585,0.24927280843257904,-0.4098150134086609,-0.003037505317479372,0.24936345219612122,-0.4227035939693451,0.01873227208852768,0.4405516982078552,-0.3825077712535858,0.0024143029004335403,0.16972574591636658,-0.41077497601509094,0.008044593036174774,0.10141856968402863,-0.17117556929588318,0.14650601148605347,0.19989140331745148,0.06176953390240669,0.12532003223896027,0.2679562270641327,-0.43941429257392883,-0.032344721257686615,0.1880437433719635,-0.22294464707374573,-0.11073930561542511,0.191873699426651,0.038099050521850586,-0.08311641961336136,C:/Users/ASUS/Downloads/3D_Human_Pose_NCKH/phase5_external_generalization/data/external_raw/Le2i/Coffee_room_02/Videos/video (57).avi,-1,-1,External
312,-0.0013278843834996223,0.00043722614645957947,-0.0005325828678905964,0.042266037315130234,0.0018601559568196535,-0.04070253670215607,0.0682937428355217,0.4397561252117157,-0.025884676724672318,0.07808181643486023,0.9156525135040283,-0.042859453707933426,-0.04346535727381706,-0.006191872991621494,0.03839348629117012,0.043042175471782684,0.43794527649879456,0.11663582921028137,0.049344003200531006,0.8796665072441101,0.17029105126857758,0.11992591619491577,-0.1998845338821411,0.01757795736193657,0.2687795162200928,-0.3998194932937622,-0.0007134680636227131,0.2673663794994354,-0.41084203124046326,0.022352639585733414,0.46011170744895935,-0.36641183495521545,0.013106228783726692,0.1969219297170639,-0.3944370150566101,0.011520156636834145,0.12898363173007965,-0.1500014066696167,0.14597290754318237,0.22590650618076324,0.0864170640707016,0.12178587913513184,0.2775743007659912,-0.4342462420463562,-0.030176213011145592,0.18545056879520416,-0.2303677797317505,-0.11198440194129944,0.1834244579076767,0.03133758157491684,-0.08335868269205093,C:/Users/ASUS/Downloads/3D_Human_Pose_NCKH/phase5_external_generalization/data/external_raw/Le2i/Coffee_room_02/Videos/video (57).avi,-1,-1,External
313,-0.0011699963361024857,0.0003525782376527786,-0.00034450460225343704,0.03708171099424362,0.0007409725803881884,-0.041520506143569946,0.05617839843034744,0.43728962540626526,-0.032889414578676224,0.06254035234451294,0.91278475522995,-0.05039922520518303,-0.03824019432067871,-0.005192949436604977,0.03900611028075218,0.052068520337343216,0.4374406933784485,0.11386871337890625,0.05537518113851547,0.8780398964881897,0.16821204125881195,0.12778201699256897,-0.1946757584810257,0.01671932451426983,0.28680434823036194,-0.38940709829330444,0.0005255932919681072,0.2829650044441223,-0.39950087666511536,0.024896536022424698,0.4776131510734558,-0.3508334755897522,0.022392915561795235,0.2221510410308838,-0.3772810399532318,0.013853272423148155,0.1537402868270874,-0.12782950699329376,0.14397703111171722,0.25197941064834595,0.11115501821041107,0.11719711124897003,0.28646278381347656,-0.4290529787540436,-0.028950775042176247,0.1822485476732254,-0.23829162120819092,-0.11248141527175903,0.17550712823867798,0.02112182043492794,-0.0838833674788475,C:/Users/ASUS/Downloads/3D_Human_Pose_NCKH/phase5_external_generalization/data/external_raw/Le2i/Coffee_room_02/Videos/video (57).avi,-1,-1,External
314,-0.0011258060112595558,0.0002175942063331604,-0.00016149948351085186,0.03240788355469704,-6.122956983745098e-05,-0.0420282781124115,0.043106235563755035,0.43545782566070557,-0.038964349776506424,0.04376094043254852,0.9105014801025391,-0.0590057410299778,-0.033685360103845596,-0.004519260488450527,0.03942621499300003,0.06059935688972473,0.4370138943195343,0.1116609051823616,0.0610041543841362,0.8760185837745667,0.16629314422607422,0.1349121779203415,-0.189679816365242,0.016784856095910072,0.3019798696041107,-0.37869054079055786,0.0017789225094020367,0.2956101596355438,-0.3875845968723297,0.02717556431889534,0.49174830317497253,-0.33468329906463623,0.030457863584160805,0.24361209571361542,-0.3609354496002197,0.0163122471421957,0.17232157289981842,-0.10773761570453644,0.14140601456165314,0.27144452929496765,0.13249768316745758,0.11131483316421509,0.2932957708835602,-0.4230814576148987,-0.027657875791192055,0.17928193509578705,-0.24354569613933563,-0.11196170747280121,0.16881033778190613,0.013972489163279533,-0.084272600710392,C:/Users/ASUS/Downloads/3D_Human_Pose_NCKH/phase5_external_generalization/data/external_raw/Le2i/Coffee_room_02/Videos/video (57).avi,-1,-1,External
315,-0.001064361073076725,0.00011213775724172592,-0.00014268327504396439,0.026951313018798828,-0.0005579541902989149,-0.04324585944414139,0.029410911723971367,0.4336249530315399,-0.042625464498996735,0.02145913615822792,0.9070951342582703,-0.06559465825557709,-0.028361555188894272,-0.0035951316822320223,0.04013737663626671,0.06679757684469223,0.4372263550758362,0.10998301953077316,0.06250252574682236,0.8741347193717957,0.16631723940372467,0.1415238231420517,-0.1842893809080124,0.01614646427333355,0.3160912096500397,-0.36770498752593994,0.003074436914175749,0.3065333068370819,-0.37539076805114746,0.029938455671072006,0.5038790106773376,-0.3189704716205597,0.03961023688316345,0.2644369900226593,-0.3439931869506836,0.019072948023676872,0.18940891325473785,-0.08622441440820694,0.1374026983976364,0.287500262260437,0.15415911376476288,0.10350054502487183,0.29963913559913635,-0.41665250062942505,-0.026399197056889534,0.17459101974964142,-0.247813880443573,-0.11066259443759918,0.16058766841888428,0.007188679184764624,-0.08525549620389938,C:/Users/ASUS/Downloads/3D_Human_Pose_NCKH/phase5_external_generalization/data/external_raw/Le2i/Coffee_room_02/Videos/video (57).avi,-1,-1,External
316,-0.0009659137576818466,-2.0015984773635864e-05,6.942043546587229e-05,0.022246642038226128,-0.0013887535315006971,-0.04510604590177536,0.01432727836072445,0.4322741627693176,-0.0469009131193161,-0.0018603652715682983,0.9044243693351746,-0.07290977239608765,-0.02373790740966797,-0.0032276094425469637,0.04237568750977516,0.07238278537988663,0.43772464990615845,0.1082465648651123,0.06443248689174652,0.8712882399559021,0.16515280306339264,0.14709322154521942,-0.17934896051883698,0.015241261571645737,0.3268381953239441,-0.3575436472892761,0.0017764191143214703,0.3162194490432739,-0.3635757267475128,0.030668016523122787,0.5141290426254272,-0.3027069866657257,0.04297356307506561,0.28139543533325195,-0.32943254709243774,0.019561128690838814,0.2029390037059784,-0.07064811885356903,0.13272137939929962,0.2975732088088989,0.17260503768920898,0.09478588402271271,0.30355069041252136,-0.4103409945964813,-0.027923470363020897,0.1708449274301529,-0.25088003277778625,-0.1114763617515564,0.15427933633327484,0.00617962097749114,-0.08985878527164459,C:/Users/ASUS/Downloads/3D_Human_Pose_NCKH/phase5_external_generalization/data/external_raw/Le2i/Coffee_room_02/Videos/video (57).avi,-1,-1,External
317,-0.0011175153777003288,-2.0476989448070526e-05,9.000313002616167e-05,0.017291119322180748,-0.0010895829182118177,-0.046204350888729095,-0.0010137315839529037,0.4305248260498047,-0.048479534685611725,-0.027993984520435333,0.9010431170463562,-0.0770200863480568,-0.018668312579393387,-0.002759815426543355,0.043298061937093735,0.0761704221367836,0.43720585107803345,0.10697878897190094,0.06272194534540176,0.8667899966239929,0.16449299454689026,0.15153764188289642,-0.17460140585899353,0.013214889913797379,0.3342891335487366,-0.3485926687717438,-0.00015474902465939522,0.321887344121933,-0.35344570875167847,0.0311095230281353,0.5196044445037842,-0.28804758191108704,0.04771118611097336,0.29457738995552063,-0.31721261143684387,0.018456783145666122,0.21252651512622833,-0.05654779076576233,0.1237323060631752,0.3036320209503174,0.18678967654705048,0.08375589549541473,0.3054422438144684,-0.4045768082141876,-0.029585378244519234,0.16437210142612457,-0.25208139419555664,-0.1118544265627861,0.14626061916351318,0.005372816231101751,-0.0936993658542633,C:/Users/ASUS/Downloads/3D_Human_Pose_NCKH/phase5_external_generalization/data/external_raw/Le2i/Coffee_room_02/Videos/video (57).avi,-1,-1,External
318,-0.0008575068786740303,-0.00011991802603006363,0.00023225811310112476,0.012322717346251011,-0.0017524405848234892,-0.04573044180870056,-0.01675059087574482,0.4292755126953125,-0.051103148609399796,-0.055341027677059174,0.8967565894126892,-0.08631625026464462,-0.013732320629060268,-0.0020888776052743196,0.04297320172190666,0.07993863523006439,0.43689587712287903,0.10403680056333542,0.061987489461898804,0.8632073402404785,0.16149607300758362,0.15582717955112457,-0.16954953968524933,0.011884119361639023,0.34146648645401,-0.33791953325271606,-0.002105959225445986,0.32779622077941895,-0.34159618616104126,0.031383637338876724,0.526589035987854,-0.2723527252674103,0.05135728418827057,0.3073936998844147,-0.30153146386146545,0.01584462635219097,0.22275933623313904,-0.03959588706493378,0.11428575217723846,0.3105909824371338,0.2060522437095642,0.07390294969081879,0.3072960376739502,-0.39779338240623474,-0.028943868353962898,0.15929573774337769,-0.2519567012786865,-0.10894042998552322,0.13769330084323883,0.006196954753249884,-0.09587016701698303,C:/Users/ASUS/Downloads/3D_Human_Pose_NCKH/phase5_external_generalization/data/external_raw/Le2i/Coffee_room_02/Videos/video (57).avi,-1,-1,External
319,-0.0006736423820257187,-0.0002751266583800316,0.00034776655957102776,0.00764638464897871,-0.0025204780977219343,-0.044718675315380096,-0.031914614140987396,0.4280906915664673,-0.05570024996995926,-0.08361327648162842,0.8925601243972778,-0.09942574799060822,-0.00910497922450304,-0.001285632373765111,0.04230819642543793,0.08252087980508804,0.4366212487220764,0.09755014628171921,0.05950979143381119,0.8594130873680115,0.15552784502506256,0.159281924366951,-0.16527284681797028,0.011751703917980194,0.3463350236415863,-0.328469455242157,-0.0028544669039547443,0.332154244184494,-0.3304344713687897,0.034085292369127274,0.5319497585296631,-0.2578103244304657,0.057318560779094696,0.3170287311077118,-0.28787434101104736,0.013696158304810524,0.22893232107162476,-0.02599940448999405,0.10429845005273819,0.31153225898742676,0.22121120989322662,0.06431441009044647,0.30791985988616943,-0.3914869427680969,-0.02679128758609295,0.15449295938014984,-0.25016677379608154,-0.10410264879465103,0.12994971871376038,0.011589610949158669,-0.09616156667470932,C:/Users/ASUS/Downloads/3D_Human_Pose_NCKH/phase5_external_generalization/data/external_raw/Le2i/Coffee_room_02/Videos/video (57).avi,-1,-1,External
320,-0.0003750910982489586,-0.00047758594155311584,0.0004018801264464855,0.0031433366239070892,-0.003669666824862361,-0.043800950050354004,-0.04581707715988159,0.42615509033203125,-0.06311678886413574,-0.11229828000068665,0.8871124386787415,-0.1176224797964096,-0.004635519348084927,-5.4662348702549934e-05,0.041820425540208817,0.08356960117816925,0.43588316440582275,0.08870978653430939,0.054560184478759766,0.855749785900116,0.1477406919002533,0.16243016719818115,-0.16133350133895874,0.012518199160695076,0.3499907851219177,-0.31970906257629395,-0.0016360213048756123,0.3356195390224457,-0.3190069794654846,0.03867774084210396,0.5371358394622803,-0.24394673109054565,0.0650189146399498,0.324741393327713,-0.2752046287059784,0.012530254200100899,0.23255150020122528,-0.014317840337753296,0.09489046782255173,0.3082936108112335,0.23561662435531616,0.05746103450655937,0.3085748851299286,-0.385204553604126,-0.02256827987730503,0.14990457892417908,-0.24726596474647522,-0.09899452328681946,0.12052936106920242,0.020723314955830574,-0.09721485525369644,C:/Users/ASUS/Downloads/3D_Human_Pose_NCKH/phase5_external_generalization/data/external_raw/Le2i/Coffee_room_02/Videos/video (57).avi,-1,-1,External
321,-0.00010719615966081619,-0.0005955565720796585,0.00047041825018823147,-0.0013236328959465027,-0.005271122790873051,-0.04248212277889252,-0.058369480073451996,0.42323845624923706,-0.07219713926315308,-0.1402249038219452,0.879994809627533,-0.13893896341323853,-0.00015093106776475906,0.0017509076278656721,0.04113945737481117,0.08374364674091339,0.4337085783481598,0.07729358226060867,0.05174866318702698,0.8517342209815979,0.1373182088136673,0.16532953083515167,-0.15802298486232758,0.011492850258946419,0.3519200086593628,-0.3123700022697449,-0.0017796535976231098,0.33759406208992004,-0.30964675545692444,0.040768902748823166,0.5412534475326538,-0.23096755146980286,0.06958843767642975,0.3301497995853424,-0.2652531564235687,0.008920269086956978,0.2349579930305481,-0.0054947263561189175,0.08203674852848053,0.30459731817245483,0.2454344481229782,0.05042067542672157,0.30799204111099243,-0.3805476427078247,-0.019326692447066307,0.14417994022369385,-0.24357029795646667,-0.09484031796455383,0.1088007241487503,0.02984117902815342,-0.09877944737672806,C:/Users/ASUS/Downloads/3D_Human_Pose_NCKH/phase5_external_generalization/data/external_raw/Le2i/Coffee_room_02/Videos/video (57).avi,-1,-1,External
322,7.022637873888016e-05,-0.0005907546728849411,0.0005058398237451911,-0.005639864131808281,-0.007400394417345524,-0.04143628478050232,-0.06986839324235916,0.4192991554737091,-0.08483264595270157,-0.1672370731830597,0.8711698651313782,-0.16359014809131622,0.004107190296053886,0.004356726072728634,0.040556665509939194,0.08204140514135361,0.4301539957523346,0.06251774728298187,0.048852890729904175,0.8480533957481384,0.12143058329820633,0.1678793877363205,-0.15575754642486572,0.011304747313261032,0.3521956205368042,-0.3077108561992645,0.0011905576102435589,0.33867210149765015,-0.304236501455307,0.04565326124429703,0.5442627668380737,-0.22152909636497498,0.07726042717695236,0.33369168639183044,-0.25901302695274353,0.007078180555254221,0.23675769567489624,0.0005921013653278351,0.0676690861582756,0.30100077390670776,0.25393274426460266,0.04607124999165535,0.30610767006874084,-0.3784349858760834,-0.012838581576943398,0.1359546035528183,-0.24196621775627136,-0.08664051443338394,0.09528336673974991,0.037035390734672546,-0.09750652313232422,C:/Users/ASUS/Downloads/3D_Human_Pose_NCKH/phase5_external_generalization/data/external_raw/Le2i/Coffee_room_02/Videos/video (57).avi,-1,-1,External
323,0.0003684442490339279,-0.0005705580115318298,0.0005687633529305458,-0.011099127121269703,-0.009533044882118702,-0.04146133363246918,-0.07822924852371216,0.4144543707370758,-0.09980816394090652,-0.19054275751113892,0.860767126083374,-0.1873643845319748,0.009325294755399227,0.006920839659869671,0.040938850492239,0.08091610670089722,0.42636561393737793,0.043069347739219666,0.04905062913894653,0.8462643623352051,0.10115329921245575,0.17140814661979675,-0.15367837250232697,0.010203154757618904,0.3534685969352722,-0.30444350838661194,0.0036862227134406567,0.3404964506626129,-0.30090123414993286,0.04926851764321327,0.5492821931838989,-0.21441921591758728,0.08201130479574203,0.33800646662712097,-0.2534768879413605,0.005509486887603998,0.23986095190048218,0.005363792181015015,0.054716356098651886,0.30076026916503906,0.2629614770412445,0.04358531907200813,0.30494531989097595,-0.3769654929637909,-0.007081376388669014,0.12744687497615814,-0.24113358557224274,-0.07638198137283325,0.0831439420580864,0.04154118150472641,-0.09776699542999268,C:/Users/ASUS/Downloads/3D_Human_Pose_NCKH/phase5_external_generalization/data/external_raw/Le2i/Coffee_room_02/Videos/video (57).avi,-1,-1,External
324,0.0006267409771680832,-0.0005490006878972054,0.0005926727317273617,-0.016590826213359833,-0.011476715095341206,-0.04158744961023331,-0.08540255576372147,0.4094787836074829,-0.11510449647903442,-0.20976951718330383,0.8499065041542053,-0.21175412833690643,0.014614957384765148,0.009275230579078197,0.04117796570062637,0.0790361613035202,0.4212735891342163,0.02337907999753952,0.047796446830034256,0.8447228670120239,0.07801637053489685,0.17551900446414948,-0.15222111344337463,0.009986046701669693,0.35554027557373047,-0.30181553959846497,0.006177003961056471,0.34247422218322754,-0.299073189496994,0.05110529065132141,0.5549773573875427,-0.20885249972343445,0.08365475386381149,0.34342363476753235,-0.24948664009571075,0.0033144080080091953,0.24290506541728973,0.007734278216958046,0.04273331165313721,0.29911983013153076,0.2695258557796478,0.04417162016034126,0.30367574095726013,-0.37547799944877625,-0.0011883918195962906,0.11790481209754944,-0.24059513211250305,-0.06502753496170044,0.07297509908676147,0.043986983597278595,-0.09611314535140991,C:/Users/ASUS/Downloads/3D_Human_Pose_NCKH/phase5_external_generalization/data/external_raw/Le2i/Coffee_room_02/Videos/video (57).avi,-1,-1,External
325,0.000842350535094738,-0.0004828553646802902,0.0006070000817999244,-0.021663598716259003,-0.013208876363933086,-0.042731255292892456,-0.09065910428762436,0.4050682783126831,-0.12816335260868073,-0.22435027360916138,0.8404549956321716,-0.2287898063659668,0.01955549046397209,0.011307585053145885,0.04257506877183914,0.07816258817911148,0.41618308424949646,0.005294684320688248,0.047265857458114624,0.8440853953361511,0.05805010721087456,0.1796649843454361,-0.15150393545627594,0.009023306891322136,0.35905277729034424,-0.3004448115825653,0.0048684063367545605,0.3444114029407501,-0.3005498945713043,0.046139080077409744,0.5619654655456543,-0.20634126663208008,0.07576465606689453,0.3500014841556549,-0.2477119117975235,-0.0011262758634984493,0.24693505465984344,0.007616877555847168,0.030962899327278137,0.3017290532588959,0.27096229791641235,0.04389476403594017,0.3026926517486572,-0.376122385263443,-0.0002505499869585037,0.10854829847812653,-0.2416139841079712,-0.05864172801375389,0.0655316486954689,0.04144318029284477,-0.09486007690429688,C:/Users/ASUS/Downloads/3D_Human_Pose_NCKH/phase5_external_generalization/data/external_raw/Le2i/Coffee_room_02/Videos/video (57).avi,-1,-1,External
326,0.0009835362434387207,-0.0004149777814745903,0.0006245695985853672,-0.026226826012134552,-0.014723029918968678,-0.044335730373859406,-0.09492632746696472,0.4015716314315796,-0.13877961039543152,-0.23423859477043152,0.8331167101860046,-0.23764385282993317,0.023962054401636124,0.01306335162371397,0.04401557892560959,0.07841697335243225,0.4117591679096222,-0.009134169667959213,0.0459054559469223,0.8433522582054138,0.04467363655567169,0.18263645470142365,-0.15175318717956543,0.009436303749680519,0.3618495464324951,-0.30131247639656067,0.0020390222780406475,0.34478145837783813,-0.3042961359024048,0.03657068684697151,0.5669706463813782,-0.20852622389793396,0.06225591152906418,0.3555227220058441,-0.24847839772701263,-0.006017172243446112,0.25099480152130127,0.005753699690103531,0.021537918597459793,0.3060462474822998,0.26780396699905396,0.042707670480012894,0.3007904887199402,-0.3789113759994507,-0.0031234044581651688,0.09873697906732559,-0.24456384778022766,-0.05647657439112663,0.05950062721967697,0.035031888633966446,-0.09247284382581711,C:/Users/ASUS/Downloads/3D_Human_Pose_NCKH/phase5_external_generalization/data/external_raw/Le2i/Coffee_room_02/Videos/video (57).avi,-1,-1,External
327,0.0011179102584719658,-0.00037467386573553085,0.0005798459751531482,-0.029766906052827835,-0.015988659113645554,-0.046137675642967224,-0.09880736470222473,0.399458110332489,-0.1465120166540146,-0.240097314119339,0.828395426273346,-0.24033525586128235,0.027418121695518494,0.014461792074143887,0.045491885393857956,0.07806643843650818,0.40823712944984436,-0.016195230185985565,0.04390586167573929,0.8425865769386292,0.040043219923973083,0.18516230583190918,-0.152696892619133,0.01135614886879921,0.3644676208496094,-0.3024197220802307,-0.0008000289089977741,0.34592530131340027,-0.30765005946159363,0.027963925153017044,0.571812629699707,-0.21208098530769348,0.051799796521663666,0.36154571175575256,-0.24866318702697754,-0.0090689267963171,0.25596100091934204,0.004712752997875214,0.017645642161369324,0.3125101923942566,0.2661329507827759,0.04298728331923485,0.2993658185005188,-0.3817911744117737,-0.0070580970495939255,0.09026559442281723,-0.24656018614768982,-0.05608458071947098,0.055541012436151505,0.02959527261555195,-0.08837033808231354,C:/Users/ASUS/Downloads/3D_Human_Pose_NCKH/phase5_external_generalization/data/external_raw/Le2i/Coffee_room_02/Videos/video (57).avi,-1,-1,External
328,0.0011258749291300774,-0.00030180439352989197,0.0005565150640904903,-0.032771673053503036,-0.017027955502271652,-0.04837178438901901,-0.1017124354839325,0.39793384075164795,-0.15092062950134277,-0.24259185791015625,0.8272086381912231,-0.2387169748544693,0.030406102538108826,0.01565561816096306,0.04732877016067505,0.07630956918001175,0.40631288290023804,-0.0162416473031044,0.04087243601679802,0.8422336578369141,0.04245225712656975,0.18611930310726166,-0.15443211793899536,0.013832919299602509,0.3649139404296875,-0.3050338923931122,-0.0023007472045719624,0.3464171290397644,-0.3113207519054413,0.02170294150710106,0.5741997957229614,-0.2180323302745819,0.04722718894481659,0.3657802641391754,-0.25035354495048523,-0.009186806157231331,0.2608231008052826,0.0025313198566436768,0.020147033035755157,0.31900301575660706,0.26095566153526306,0.04593457281589508,0.2970740497112274,-0.38522279262542725,-0.010783052071928978,0.08223146200180054,-0.24948963522911072,-0.05961934104561806,0.05222984775900841,0.02201102487742901,-0.0869424119591713,C:/Users/ASUS/Downloads/3D_Human_Pose_NCKH/phase5_external_generalization/data/external_raw/Le2i/Coffee_room_02/Videos/video (57).avi,-1,-1,External
329,0.0010313885286450386,-0.0002572499215602875,0.0004429497057572007,-0.034582916647195816,-0.017509592697024345,-0.05021446943283081,-0.10434481501579285,0.39720970392227173,-0.15287548303604126,-0.2427070438861847,0.8269933462142944,-0.24015523493289948,0.03229745849967003,0.016397641971707344,0.04893321916460991,0.07394815236330032,0.4050409495830536,-0.009056385606527328,0.03860069811344147,0.8417351841926575,0.048261113464832306,0.1863728016614914,-0.15657639503479004,0.015713566914200783,0.3652772605419159,-0.3083493113517761,-0.002881877589970827,0.34757643938064575,-0.31558719277381897,0.021434519439935684,0.5772407650947571,-0.2241573929786682,0.05048123002052307,0.3698323667049408,-0.25296980142593384,-0.007856892421841621,0.26470962166786194,-0.0022327443584799767,0.027450598776340485,0.3232885003089905,0.2525262236595154,0.05230218544602394,0.2953133285045624,-0.387924462556839,-0.012946417555212975,0.07602446526288986,-0.25167587399482727,-0.06087879836559296,0.051037099212408066,0.013766871765255928,-0.08724336326122284,C:/Users/ASUS/Downloads/3D_Human_Pose_NCKH/phase5_external_generalization/data/external_raw/Le2i/Coffee_room_02/Videos/video (57).avi,-1,-1,External
330,0.0009223893284797668,-0.000135030597448349,0.0003247233107686043,-0.036187972873449326,-0.017767926678061485,-0.052371732890605927,-0.10455916821956635,0.39741814136505127,-0.15479516983032227,-0.23771259188652039,0.8282710909843445,-0.24623985588550568,0.03381546959280968,0.01673060655593872,0.05099694803357124,0.0727032944560051,0.4051153361797333,-0.003104597330093384,0.03731995448470116,0.8426799178123474,0.051318615674972534,0.18450193107128143,-0.15994630753993988,0.01729748770594597,0.36442136764526367,-0.31355270743370056,-0.0028469418175518513,0.3490388095378876,-0.3207370936870575,0.024578135460615158,0.5784102082252502,-0.23228654265403748,0.05775541812181473,0.3722945749759674,-0.25764769315719604,-0.0045586577616631985,0.2676560580730438,-0.0076479921117424965,0.036346957087516785,0.3254842162132263,0.241763174533844,0.0573909617960453,0.2931356132030487,-0.39067837595939636,-0.016168424859642982,0.07137762010097504,-0.25251054763793945,-0.06437110155820847,0.052177347242832184,0.0061272806487977505,-0.09234824031591415,C:/Users/ASUS/Downloads/3D_Human_Pose_NCKH/phase5_external_generalization/data/external_raw/Le2i/Coffee_room_02/Videos/video (57).avi,-1,-1,External
331,0.0008250456303358078,2.3546628654003143e-05,0.00026238313876092434,-0.036905836313962936,-0.01762794703245163,-0.05460833013057709,-0.10489276796579361,0.3986479341983795,-0.1565905511379242,-0.23022612929344177,0.830491840839386,-0.25642654299736023,0.034689970314502716,0.016441555693745613,0.05322842672467232,0.07227662205696106,0.40564748644828796,0.005213834345340729,0.036852117627859116,0.8432026505470276,0.053390443325042725,0.18205471336841583,-0.1635170429944992,0.019001653417944908,0.36369073390960693,-0.31863081455230713,-0.0019181002862751484,0.3514939546585083,-0.32597053050994873,0.03161542862653732,0.5804682970046997,-0.24075070023536682,0.0703088715672493,0.3750116527080536,-0.2622963488101959,0.0012383335269987583,0.27056580781936646,-0.01333305798470974,0.04874217510223389,0.3271334767341614,0.23020552098751068,0.06454099714756012,0.2913951277732849,-0.39223262667655945,-0.018733860924839973,0.06922294199466705,-0.2509005665779114,-0.06686391681432724,0.053775787353515625,0.0013863197527825832,-0.09957676380872726,C:/Users/ASUS/Downloads/3D_Human_Pose_NCKH/phase5_external_generalization/data/external_raw/Le2i/Coffee_room_02/Videos/video (57).avi,-1,-1,External
332,0.0007741088047623634,0.00022052600979804993,0.00025981361977756023,-0.03710712864995003,-0.016974467784166336,-0.05665712058544159,-0.10300061106681824,0.40047991275787354,-0.15617817640304565,-0.2178034782409668,0.8344106078147888,-0.26150453090667725,0.03493684530258179,0.015553497709333897,0.055143509060144424,0.07301013916730881,0.40661749243736267,0.015051329508423805,0.0374533012509346,0.844107449054718,0.05977889150381088,0.17933546006679535,-0.16672950983047485,0.01923104003071785,0.3619323670864105,-0.3235394060611725,-0.003138728905469179,0.3528132438659668,-0.33089005947113037,0.03521885350346565,0.5813583135604858,-0.24939894676208496,0.07799752801656723,0.37641504406929016,-0.26705247163772583,0.0060974531807005405,0.2737584114074707,-0.019626284018158913,0.06124678999185562,0.32940739393234253,0.21755985915660858,0.07107727229595184,0.2887701392173767,-0.3928010165691376,-0.022707318887114525,0.06763935089111328,-0.24647527933120728,-0.0705200657248497,0.056132640689611435,0.0023004203103482723,-0.10597500205039978,C:/Users/ASUS/Downloads/3D_Human_Pose_NCKH/phase5_external_generalization/data/external_raw/Le2i/Coffee_room_02/Videos/video (57).avi,-1,-1,External
333,0.0007199542596936226,0.00039454177021980286,0.0002317880280315876,-0.0372048057615757,-0.016071684658527374,-0.05768284201622009,-0.09939930588006973,0.40222224593162537,-0.15150299668312073,-0.2013475000858307,0.8400920033454895,-0.25712117552757263,0.03525800257921219,0.014415320940315723,0.05608343705534935,0.07461278885602951,0.40732887387275696,0.02470272406935692,0.039594363421201706,0.8447514772415161,0.06798602640628815,0.17638060450553894,-0.1692061424255371,0.016138501465320587,0.35904189944267273,-0.3283557891845703,-0.009349368512630463,0.35171768069267273,-0.33546337485313416,0.03142695501446724,0.5812674760818481,-0.2581825852394104,0.07591620832681656,0.3761255443096161,-0.27246198058128357,0.006204801145941019,0.27614426612854004,-0.028153415769338608,0.06988658756017685,0.33151477575302124,0.20218850672245026,0.07194648683071136,0.2849016487598419,-0.39312997460365295,-0.030087178573012352,0.06617553532123566,-0.2407662570476532,-0.07711205631494522,0.059370387345552444,0.006084465887397528,-0.11287658661603928,C:/Users/ASUS/Downloads/3D_Human_Pose_NCKH/phase5_external_generalization/data/external_raw/Le2i/Coffee_room_02/Videos/video (57).avi,-1,-1,External
334,0.0006626294925808907,0.0005355188623070717,0.0001678699627518654,-0.03737785294651985,-0.0150236701592803,-0.05744372308254242,-0.09398181736469269,0.4041420817375183,-0.14258837699890137,-0.18089613318443298,0.8464974761009216,-0.24446164071559906,0.035607025027275085,0.013156966306269169,0.05567498132586479,0.07628846168518066,0.4077136516571045,0.034445151686668396,0.04187203198671341,0.8445637822151184,0.07805939763784409,0.1731584370136261,-0.1708890050649643,0.010111603885889053,0.3543362021446228,-0.3331637680530548,-0.019956335425376892,0.34750741720199585,-0.3393893837928772,0.021329961717128754,0.5789707899093628,-0.2673337161540985,0.0652918741106987,0.3736320734024048,-0.2785886228084564,0.0010230825282633305,0.2768942415714264,-0.03877139091491699,0.07495284825563431,0.33205223083496094,0.184891477227211,0.07028749585151672,0.27886465191841125,-0.39296188950538635,-0.040651559829711914,0.06372448056936264,-0.2336018681526184,-0.08538264036178589,0.06414282321929932,0.011858871206641197,-0.11949476599693298,C:/Users/ASUS/Downloads/3D_Human_Pose_NCKH/phase5_external_generalization/data/external_raw/Le2i/Coffee_room_02/Videos/video (57).avi,-1,-1,External
335,0.0005542812868952751,0.0006499942392110825,0.00010806648060679436,-0.03785201162099838,-0.013724102638661861,-0.055271804332733154,-0.08716663718223572,0.4064384400844574,-0.13133078813552856,-0.15735849738121033,0.8520987629890442,-0.22829978168010712,0.03615516424179077,0.011801615357398987,0.05321988835930824,0.07713434100151062,0.4074857532978058,0.042773522436618805,0.04374893382191658,0.8426159024238586,0.08668229728937149,0.16906903684139252,-0.172545924782753,0.0027761925011873245,0.34691017866134644,-0.33873945474624634,-0.03307848796248436,0.3396460711956024,-0.3436932861804962,0.0075042517855763435,0.5737088918685913,-0.27686071395874023,0.049382396042346954,0.3679758906364441,-0.28680089116096497,-0.00889245979487896,0.27470001578330994,-0.05267922580242157,0.07598995417356491,0.32929331064224243,0.1638755202293396,0.06520432233810425,0.26975810527801514,-0.39318445324897766,-0.05194811522960663,0.06066090613603592,-0.22497859597206116,-0.09400556981563568,0.07163599878549576,0.017926545813679695,-0.12523332238197327,C:/Users/ASUS/Downloads/3D_Human_Pose_NCKH/phase5_external_generalization/data/external_raw/Le2i/Coffee_room_02/Videos/video (57).avi,-1,-1,External
336,0.00048597995191812515,0.0007520886138081551,3.510434180498123e-05,-0.03848211094737053,-0.012845019809901714,-0.05070143938064575,-0.08007396757602692,0.40892302989959717,-0.11926048994064331,-0.13186007738113403,0.856350302696228,-0.212760791182518,0.0370577871799469,0.010979645885527134,0.04859301075339317,0.07699694484472275,0.40586942434310913,0.04743976518511772,0.04486182704567909,0.8384681344032288,0.08889102935791016,0.16377347707748413,-0.1740560680627823,-0.004650851711630821,0.33673417568206787,-0.34550967812538147,-0.04592326283454895,0.3281908929347992,-0.34920361638069153,-0.006719361059367657,0.5667095184326172,-0.28824377059936523,0.031029345467686653,0.3597230017185211,-0.2967882752418518,-0.02189059741795063,0.2700067162513733,-0.06911753863096237,0.07438776642084122,0.3249262571334839,0.14141808450222015,0.05943964794278145,0.25760021805763245,-0.3939110338687897,-0.06093962490558624,0.056101083755493164,-0.21540094912052155,-0.100626140832901,0.08162369579076767,0.022869152948260307,-0.12911224365234375,C:/Users/ASUS/Downloads/3D_Human_Pose_NCKH/phase5_external_generalization/data/external_raw/Le2i/Coffee_room_02/Videos/video (57).avi,-1,-1,External
337,0.00029352307319641113,0.0007714228704571724,2.5521963834762573e-05,-0.038693737238645554,-0.012334075756371021,-0.04481209069490433,-0.07181914895772934,0.41149258613586426,-0.10686203837394714,-0.10555499792098999,0.8584769368171692,-0.19811780750751495,0.037625059485435486,0.010863798670470715,0.042741503566503525,0.07597355544567108,0.40338754653930664,0.04952555522322655,0.045876629650592804,0.8325639367103577,0.0876300036907196,0.15733712911605835,-0.1759515106678009,-0.01151236705482006,0.3238423466682434,-0.3540973961353302,-0.05763707682490349,0.3140736520290375,-0.3569275140762329,-0.020078659057617188,0.5571532249450684,-0.30163905024528503,0.01177973486483097,0.34847673773765564,-0.3097708225250244,-0.036577142775058746,0.262587308883667,-0.08857741206884384,0.07070750743150711,0.3184777498245239,0.11593712866306305,0.053561799228191376,0.24289992451667786,-0.39595893025398254,-0.06827642023563385,0.05064903199672699,-0.20585593581199646,-0.10506053268909454,0.09441841393709183,0.025534937158226967,-0.13284710049629211,C:/Users/ASUS/Downloads/3D_Human_Pose_NCKH/phase5_external_generalization/data/external_raw/Le2i/Coffee_room_02/Videos/video (57).avi,-1,-1,External
338,0.00014494918286800385,0.0006552375853061676,-6.93055335432291e-05,-0.03850729018449783,-0.012285999022424221,-0.038912296295166016,-0.06311189383268356,0.41344043612480164,-0.09449054300785065,-0.08083648979663849,0.8592084646224976,-0.1839434653520584,0.03789890184998512,0.011249566450715065,0.036840640008449554,0.07415086030960083,0.4011869728565216,0.04962350055575371,0.04529382660984993,0.8260521292686462,0.08451367914676666,0.15035568177700043,-0.17809240520000458,-0.016957664862275124,0.3092648386955261,-0.36338257789611816,-0.06686468422412872,0.298582524061203,-0.3651295602321625,-0.03097992017865181,0.5450701117515564,-0.31681185960769653,-0.005177086219191551,0.33574071526527405,-0.32347506284713745,-0.050081606954336166,0.2539445459842682,-0.10892791301012039,0.06787009537220001,0.3101615011692047,0.08805670589208603,0.04985940083861351,0.22643625736236572,-0.398519366979599,-0.07339590787887573,0.04384284093976021,-0.19707141816616058,-0.1067592054605484,0.10699141770601273,0.026337387040257454,-0.1364077776670456,C:/Users/ASUS/Downloads/3D_Human_Pose_NCKH/phase5_external_generalization/data/external_raw/Le2i/Coffee_room_02/Videos/video (57).avi,-1,-1,External
339,3.9196573197841644e-05,0.0005595022812485695,-0.0002270345576107502,-0.0381506122648716,-0.012545502744615078,-0.033273257315158844,-0.05481468141078949,0.4146941304206848,-0.08499106019735336,-0.05832415074110031,0.8595716953277588,-0.1714453399181366,0.037948090583086014,0.011780718341469765,0.031331632286310196,0.07248897850513458,0.398983359336853,0.047648414969444275,0.044924698770046234,0.8201138377189636,0.08247467875480652,0.14355547726154327,-0.1803193986415863,-0.020904991775751114,0.29529494047164917,-0.3725123405456543,-0.07413969188928604,0.2846536338329315,-0.373693585395813,-0.03932081535458565,0.5331605076789856,-0.3326697051525116,-0.017867127433419228,0.3238446116447449,-0.33601096272468567,-0.06154790148139,0.2457096427679062,-0.12752676010131836,0.06608898937702179,0.30256474018096924,0.062258753925561905,0.048001695424318314,0.21056035161018372,-0.40172138810157776,-0.07719199359416962,0.03714621439576149,-0.1892496943473816,-0.10692976415157318,0.11832837015390396,0.02779284678399563,-0.13904500007629395,C:/Users/ASUS/Downloads/3D_Human_Pose_NCKH/phase5_external_generalization/data/external_raw/Le2i/Coffee_room_02/Videos/video (57).avi,-1,-1,External
340,-2.213660627603531e-05,0.0005324333906173706,-0.0003872443921864033,-0.03768854960799217,-0.012383983470499516,-0.029044603928923607,-0.04746256768703461,0.4157314896583557,-0.07913341373205185,-0.03789513185620308,0.8596175312995911,-0.1609143763780594,0.037772879004478455,0.011739918030798435,0.027202751487493515,0.07037260383367538,0.3973006308078766,0.045418303459882736,0.044541627168655396,0.8151126503944397,0.08315716683864594,0.13712501525878906,-0.18261690437793732,-0.024059584364295006,0.2813449203968048,-0.38108140230178833,-0.08092501014471054,0.2712990939617157,-0.381686270236969,-0.04630338400602341,0.5206742882728577,-0.3479750454425812,-0.028938813135027885,0.3120745122432709,-0.347360223531723,-0.07144711166620255,0.23742437362670898,-0.1444154679775238,0.06471848487854004,0.29461151361465454,0.03942263871431351,0.04680865630507469,0.19445163011550903,-0.4043981730937958,-0.0820673257112503,0.03067430853843689,-0.18083423376083374,-0.10748977959156036,0.1294602006673813,0.03058893419802189,-0.14145581424236298,C:/Users/ASUS/Downloads/3D_Human_Pose_NCKH/phase5_external_generalization/data/external_raw/Le2i/Coffee_room_02/Videos/video (57).avi,-1,-1,External
341,-0.00013340916484594345,0.0004647979512810707,-0.0004489037673920393,-0.03713038191199303,-0.012200274504721165,-0.026327533647418022,-0.04023505002260208,0.415535032749176,-0.07361038029193878,-0.0215529166162014,0.8581986427307129,-0.14970137178897858,0.037527814507484436,0.011570925824344158,0.024674303829669952,0.06877400726079941,0.39528989791870117,0.044331565499305725,0.04335243999958038,0.8099011778831482,0.08795586973428726,0.1305568665266037,-0.1848883479833603,-0.02749968133866787,0.2674000859260559,-0.3891447186470032,-0.08805546909570694,0.25767412781715393,-0.3889787495136261,-0.054074469953775406,0.5073556303977966,-0.3626091480255127,-0.040649935603141785,0.30000659823417664,-0.35770919919013977,-0.08078371733427048,0.22947116196155548,-0.15961916744709015,0.0622289776802063,0.28854960203170776,0.016032714396715164,0.04344276711344719,0.1786791980266571,-0.40747949481010437,-0.08863502740859985,0.024286124855279922,-0.17473366856575012,-0.11088964343070984,0.13926243782043457,0.029987366870045662,-0.14590154588222504,C:/Users/ASUS/Downloads/3D_Human_Pose_NCKH/phase5_external_generalization/data/external_raw/Le2i/Coffee_room_02/Videos/video (57).avi,-1,-1,External
342,-0.0003338893875479698,0.00048106536269187927,-0.0005228035151958466,-0.03673062101006508,-0.011619499884545803,-0.024905597791075706,-0.03435143828392029,0.4150415360927582,-0.06926380097866058,-0.00939527153968811,0.8560779690742493,-0.13887719810009003,0.037426091730594635,0.01111807394772768,0.02344389632344246,0.06649639457464218,0.39326533675193787,0.04377681761980057,0.041128795593976974,0.8044116497039795,0.09401311725378036,0.123721182346344,-0.1871853470802307,-0.030602408573031425,0.25270628929138184,-0.39660918712615967,-0.09481406211853027,0.24334725737571716,-0.3948823809623718,-0.06187470257282257,0.492336243391037,-0.3763202726840973,-0.05301784723997116,0.28729233145713806,-0.36770591139793396,-0.08882754296064377,0.22072553634643555,-0.17332500219345093,0.058873750269412994,0.28043144941329956,-0.005943910218775272,0.03928495571017265,0.16228608787059784,-0.41025230288505554,-0.0959923267364502,0.017953049391508102,-0.16810163855552673,-0.1152188628911972,0.14766806364059448,0.030808309093117714,-0.15035484731197357,C:/Users/ASUS/Downloads/3D_Human_Pose_NCKH/phase5_external_generalization/data/external_raw/Le2i/Coffee_room_02/Videos/video (57).avi,-1,-1,External
343,-0.0004127388820052147,0.000574018806219101,-0.0005799164064228535,-0.03635809198021889,-0.01112996693700552,-0.02502920664846897,-0.02926628850400448,0.41418105363845825,-0.06596329808235168,-0.0008711330592632294,0.8533450365066528,-0.12830346822738647,0.03726338967680931,0.010711886920034885,0.023577071726322174,0.06466679275035858,0.3918434679508209,0.04552405700087547,0.03868281468749046,0.7997240424156189,0.10194411873817444,0.11701001226902008,-0.18953369557857513,-0.03387530520558357,0.23870037496089935,-0.40341347455978394,-0.10144656151533127,0.2299330234527588,-0.399771124124527,-0.0704563781619072,0.4773678183555603,-0.3894597589969635,-0.06671478599309921,0.2755418121814728,-0.3764541447162628,-0.0953146442770958,0.21346810460090637,-0.18435481190681458,0.05651593208312988,0.2747090756893158,-0.023604921996593475,0.036827683448791504,0.14641159772872925,-0.4128586947917938,-0.10402081906795502,0.01159678678959608,-0.16264308989048004,-0.12125548720359802,0.1543702781200409,0.030554229393601418,-0.15548847615718842,C:/Users/ASUS/Downloads/3D_Human_Pose_NCKH/phase5_external_generalization/data/external_raw/Le2i/Coffee_room_02/Videos/video (57).avi,-1,-1,External
344,-0.000497087836265564,0.0006352867931127548,-0.0006466719787567854,-0.03591998293995857,-0.010468347929418087,-0.02676931582391262,-0.025059515610337257,0.4131845235824585,-0.06269284337759018,0.004548333585262299,0.8498764038085938,-0.11707691103219986,0.0369960218667984,0.010172175243496895,0.025330903008580208,0.06279250979423523,0.3904257118701935,0.05006919056177139,0.03508375212550163,0.7950162887573242,0.11280418932437897,0.110052689909935,-0.19179198145866394,-0.03709015995264053,0.22461779415607452,-0.4097684621810913,-0.1078043133020401,0.21626952290534973,-0.4034392237663269,-0.07986926287412643,0.46147406101226807,-0.4020515978336334,-0.08184777200222015,0.2636955678462982,-0.38463547825813293,-0.10007292032241821,0.2058241069316864,-0.19459214806556702,0.054873477667570114,0.26798737049102783,-0.03944980725646019,0.03377958759665489,0.1305200457572937,-0.4156193435192108,-0.11305408179759979,0.005219839513301849,-0.15920354425907135,-0.12846453487873077,0.15904565155506134,0.029998937621712685,-0.16196344792842865,C:/Users/ASUS/Downloads/3D_Human_Pose_NCKH/phase5_external_generalization/data/external_raw/Le2i/Coffee_room_02/Videos/video (57).avi,-1,-1,External
345,-0.0005975104868412018,0.0007438166067004204,-0.0006094879936426878,-0.03514038026332855,-0.009635508991777897,-0.03059948794543743,-0.021676713600754738,0.4121026396751404,-0.056289613246917725,0.006085041910409927,0.8461319804191589,-0.09999167174100876,0.03626027703285217,0.00941378902643919,0.02923525869846344,0.06135360896587372,0.3894197940826416,0.06100544333457947,0.030177868902683258,0.7912173867225647,0.12981851398944855,0.10315645486116409,-0.19411179423332214,-0.04032519459724426,0.21093018352985382,-0.41607117652893066,-0.1135910153388977,0.20285564661026,-0.40672582387924194,-0.08926452696323395,0.44577187299728394,-0.41317370533943176,-0.09858924895524979,0.2520905137062073,-0.39315083622932434,-0.10218869149684906,0.199061781167984,-0.20377248525619507,0.05495187267661095,0.26345303654670715,-0.054419953376054764,0.03125588595867157,0.11521680653095245,-0.41830775141716003,-0.1220078319311142,-0.0018354617059230804,-0.15661749243736267,-0.1358793079853058,0.16073866188526154,0.02759128250181675,-0.16917724907398224,C:/Users/ASUS/Downloads/3D_Human_Pose_NCKH/phase5_external_generalization/data/external_raw/Le2i/Coffee_room_02/Videos/video (57).avi,-1,-1,External
346,-0.0006338693201541901,0.000741228461265564,-0.0006245318800210953,-0.03432023897767067,-0.008636879734694958,-0.035751596093177795,-0.019081363454461098,0.41072022914886475,-0.049312181770801544,0.005415540188550949,0.8420082330703735,-0.08111413568258286,0.03549323230981827,0.00833316519856453,0.0347125269472599,0.060448527336120605,0.3881584703922272,0.07386329025030136,0.024597488343715668,0.7867106199264526,0.14841344952583313,0.09639298915863037,-0.1962030827999115,-0.04324609041213989,0.19743071496486664,-0.42141687870025635,-0.11891520023345947,0.18968304991722107,-0.40811124444007874,-0.09960053861141205,0.4299969971179962,-0.422355055809021,-0.11721216142177582,0.24066345393657684,-0.40032869577407837,-0.10267505794763565,0.1922355741262436,-0.2117661088705063,0.05570288002490997,0.2578243613243103,-0.06678503006696701,0.028151463717222214,0.10024173557758331,-0.42024266719818115,-0.13105784356594086,-0.00878911092877388,-0.15470241010189056,-0.14257986843585968,0.16053161025047302,0.025447921827435493,-0.17592822015285492,C:/Users/ASUS/Downloads/3D_Human_Pose_NCKH/phase5_external_generalization/data/external_raw/Le2i/Coffee_room_02/Videos/video (57).avi,-1,-1,External
347,-0.0007022246718406677,0.0007686871103942394,-0.0006156356539577246,-0.03378840535879135,-0.007143904455006123,-0.0426611453294754,-0.017234347760677338,0.4098776876926422,-0.04280756413936615,0.002261430025100708,0.8386796712875366,-0.06096971035003662,0.03496083617210388,0.006867765448987484,0.041888464242219925,0.060076747089624405,0.387328177690506,0.08894219249486923,0.017240718007087708,0.7824757695198059,0.16886048018932343,0.08954864740371704,-0.19832022488117218,-0.0451078936457634,0.184178426861763,-0.42678728699684143,-0.12165932357311249,0.17678049206733704,-0.40907996892929077,-0.10875744372606277,0.4142491817474365,-0.4307411313056946,-0.13380767405033112,0.22994652390480042,-0.40771374106407166,-0.0989338830113411,0.18608994781970978,-0.21914124488830566,0.05973667651414871,0.2516832649707794,-0.07837498188018799,0.027043260633945465,0.0853530615568161,-0.42197054624557495,-0.1386570930480957,-0.016673559322953224,-0.1542082279920578,-0.1483401656150818,0.15776686370372772,0.021276580169796944,-0.18141473829746246,C:/Users/ASUS/Downloads/3D_Human_Pose_NCKH/phase5_external_generalization/data/external_raw/Le2i/Coffee_room_02/Videos/video (57).avi,-1,-1,External
348,-0.0005766060203313828,0.0007179384119808674,-0.0006572864949703217,-0.03380843251943588,-0.00537270400673151,-0.04997469484806061,-0.015939002856612206,0.40860867500305176,-0.03544703871011734,-0.002192877233028412,0.8350804448127747,-0.03792707249522209,0.03490322083234787,0.004866357892751694,0.04943418502807617,0.05997328460216522,0.38643935322761536,0.10214889049530029,0.008044647984206676,0.7780196666717529,0.18910831212997437,0.0828290805220604,-0.20039096474647522,-0.04706387221813202,0.17099067568778992,-0.43157780170440674,-0.12424245476722717,0.16367903351783752,-0.40933018922805786,-0.11739153414964676,0.3976612091064453,-0.4374297857284546,-0.1504669040441513,0.21931062638759613,-0.4144887924194336,-0.09441133588552475,0.1801869422197342,-0.22499728202819824,0.06395348906517029,0.2451883852481842,-0.08706164360046387,0.02806481346487999,0.07034893333911896,-0.4230092167854309,-0.14623992145061493,-0.025866253301501274,-0.15466825664043427,-0.15317338705062866,0.1521987020969391,0.015582563355565071,-0.18857577443122864,C:/Users/ASUS/Downloads/3D_Human_Pose_NCKH/phase5_external_generalization/data/external_raw/Le2i/Coffee_room_02/Videos/video (57).avi,-1,-1,External
349,-0.00042557064443826675,0.0006507514044642448,-0.0007212827913463116,-0.03439297154545784,-0.0032585568260401487,-0.05733315646648407,-0.015679797157645226,0.40737462043762207,-0.029600977897644043,-0.0085032619535923,0.8318210244178772,-0.015406046994030476,0.035415273159742355,0.0027211362030357122,0.057048212736845016,0.06057322770357132,0.38552674651145935,0.11296339333057404,-0.0017616525292396545,0.7731705904006958,0.2072983682155609,0.07626280188560486,-0.20227494835853577,-0.0484485924243927,0.15796025097370148,-0.4363529086112976,-0.12494149059057236,0.15048331022262573,-0.4093051254749298,-0.12528613209724426,0.3808852434158325,-0.44381648302078247,-0.16568711400032043,0.20908895134925842,-0.4211662709712982,-0.08774061501026154,0.17376409471035004,-0.23052452504634857,0.07019855827093124,0.2381042093038559,-0.09346019476652145,0.0324503593146801,0.05542157217860222,-0.4237709641456604,-0.15218819677829742,-0.036094434559345245,-0.15633389353752136,-0.15656955540180206,0.14399957656860352,0.009164037182927132,-0.19603614509105682,C:/Users/ASUS/Downloads/3D_Human_Pose_NCKH/phase5_external_generalization/data/external_raw/Le2i/Coffee_room_02/Videos/video (57).avi,-1,-1,External
350,-0.00034161563962697983,0.0006276872009038925,-0.000698732677847147,-0.03608858212828636,-0.0006077408324927092,-0.06479154527187347,-0.016995539888739586,0.4069879353046417,-0.022208381444215775,-0.01747049018740654,0.8295673727989197,0.010789173655211926,0.03698381781578064,0.00010048854164779186,0.06464238464832306,0.061960890889167786,0.38514700531959534,0.12267013639211655,-0.013913285918533802,0.767886221408844,0.22660601139068604,0.06965970247983932,-0.20397885143756866,-0.049282487481832504,0.14401374757289886,-0.44106441736221313,-0.12461554259061813,0.13668131828308105,-0.4095000624656677,-0.13176798820495605,0.36190250515937805,-0.45000478625297546,-0.17831610143184662,0.19886311888694763,-0.4282899498939514,-0.07914011925458908,0.16766643524169922,-0.2366621345281601,0.07837515324354172,0.23181918263435364,-0.1010039821267128,0.038916315883398056,0.03946441039443016,-0.42437511682510376,-0.15809114277362823,-0.04932147264480591,-0.15905016660690308,-0.16010738909244537,0.13310730457305908,0.0011348552070558071,-0.20455564558506012,C:/Users/ASUS/Downloads/3D_Human_Pose_NCKH/phase5_external_generalization/data/external_raw/Le2i/Coffee_room_02/Videos/video (57).avi,-1,-1,External
351,-0.00020451843738555908,0.0005761310458183289,-0.0007026963867247105,-0.03866172954440117,0.0016884871292859316,-0.07060731947422028,-0.02008008025586605,0.4068983793258667,-0.016349345445632935,-0.0286032035946846,0.827362060546875,0.03468203544616699,0.03955088555812836,-0.0021351308096200228,0.07067114114761353,0.06353741884231567,0.3847617208957672,0.12656652927398682,-0.027744658291339874,0.7611208558082581,0.2397628128528595,0.06362011283636093,-0.20553620159626007,-0.04951881617307663,0.13041462004184723,-0.4454447329044342,-0.12272179871797562,0.12331774085760117,-0.4104916751384735,-0.137193962931633,0.3431124687194824,-0.4566965699195862,-0.18711981177330017,0.18990568816661835,-0.4349156618118286,-0.07006702572107315,0.16265204548835754,-0.24242785573005676,0.08650524914264679,0.22753962874412537,-0.10669293999671936,0.04495832324028015,0.023403599858283997,-0.42511847615242004,-0.16215765476226807,-0.06388704478740692,-0.1627431958913803,-0.16211242973804474,0.11975052952766418,-0.0077995979227125645,-0.21252267062664032,C:/Users/ASUS/Downloads/3D_Human_Pose_NCKH/phase5_external_generalization/data/external_raw/Le2i/Coffee_room_02/Videos/video (57).avi,-1,-1,External
352,-0.00018155761063098907,0.0005394164472818375,-0.0006747888401150703,-0.041599564254283905,0.0037880942691117525,-0.0745626837015152,-0.0244914423674345,0.40706560015678406,-0.010912446305155754,-0.04062771797180176,0.8249494433403015,0.05517243966460228,0.042378343641757965,-0.003981872461736202,0.07475784420967102,0.0649586096405983,0.3841770589351654,0.12749214470386505,-0.0424421988427639,0.7534468173980713,0.247710719704628,0.05774513632059097,-0.20657092332839966,-0.049951016902923584,0.11703500151634216,-0.44923263788223267,-0.12136862426996231,0.11026430875062943,-0.41132524609565735,-0.1438795030117035,0.3229208290576935,-0.4628438949584961,-0.19606071710586548,0.18094949424266815,-0.4413016736507416,-0.06298686563968658,0.15804478526115417,-0.2494904100894928,0.09448377043008804,0.22451944649219513,-0.11176248639822006,0.04996037110686302,0.007394780404865742,-0.42585375905036926,-0.16608476638793945,-0.07899709790945053,-0.16655896604061127,-0.1642351895570755,0.10401785373687744,-0.015504749491810799,-0.21969819068908691,C:/Users/ASUS/Downloads/3D_Human_Pose_NCKH/phase5_external_generalization/data/external_raw/Le2i/Coffee_room_02/Videos/video (57).avi,-1,-1,External
353,-7.815659046173096e-05,0.0004622898995876312,-0.0007037334144115448,-0.045195575803518295,0.005314241163432598,-0.07713530212640762,-0.029278578236699104,0.40739887952804565,-0.008724918588995934,-0.052910469472408295,0.8223298192024231,0.06832655519247055,0.045863039791584015,-0.005420559085905552,0.07743290066719055,0.06570352613925934,0.38422971963882446,0.12507416307926178,-0.057116977870464325,0.7471067309379578,0.25162771344184875,0.052028313279151917,-0.20784451067447662,-0.050462886691093445,0.10391991585493088,-0.45258858799934387,-0.1205257996916771,0.09779974073171616,-0.4127862751483917,-0.15068799257278442,0.30266496539115906,-0.4688969552516937,-0.20494580268859863,0.17287768423557281,-0.446780800819397,-0.05788574740290642,0.15552550554275513,-0.256691038608551,0.10183055698871613,0.22315068542957306,-0.11566222459077835,0.05334421247243881,-0.008547819219529629,-0.4263637065887451,-0.16945932805538177,-0.09362883865833282,-0.1698065549135208,-0.16633252799510956,0.08840027451515198,-0.02218898944556713,-0.22721359133720398,C:/Users/ASUS/Downloads/3D_Human_Pose_NCKH/phase5_external_generalization/data/external_raw/Le2i/Coffee_room_02/Videos/video (57).avi,-1,-1,External
354,-0.00012117810547351837,0.00036672502756118774,-0.0006643491797149181,-0.04859678074717522,0.006759590469300747,-0.07913924753665924,-0.033698417246341705,0.4070330262184143,-0.00632157176733017,-0.06493721902370453,0.818280041217804,0.07878395169973373,0.04909999296069145,-0.006584186106920242,0.07942457497119904,0.06627698242664337,0.3839137554168701,0.12231364101171494,-0.07019689679145813,0.7410570979118347,0.25361496210098267,0.046788062900304794,-0.2087624967098236,-0.052013054490089417,0.09121137112379074,-0.45531171560287476,-0.12203167378902435,0.086324043571949,-0.4137268662452698,-0.15985772013664246,0.2819805145263672,-0.47360265254974365,-0.2168148010969162,0.1645820587873459,-0.4518532454967499,-0.05560019612312317,0.15413719415664673,-0.26442962884902954,0.10881803929805756,0.22325535118579865,-0.11955585330724716,0.05229303613305092,-0.022852905094623566,-0.4261479079723358,-0.1751536726951599,-0.10790382325649261,-0.17172440886497498,-0.16985748708248138,0.07316959649324417,-0.028420448303222656,-0.23571740090847015,C:/Users/ASUS/Downloads/3D_Human_Pose_NCKH/phase5_external_generalization/data/external_raw/Le2i/Coffee_room_02/Videos/video (57).avi,-1,-1,External
355,5.884096026420593e-06,0.00023588631302118301,-0.0007042756769806147,-0.05242979899048805,0.00762562733143568,-0.07988400757312775,-0.03741408884525299,0.4070979654788971,-0.007752068340778351,-0.07533252239227295,0.8148922324180603,0.08211063593626022,0.05289068818092346,-0.007503797300159931,0.08029171824455261,0.0654672235250473,0.3842601478099823,0.11566728353500366,-0.08204948157072067,0.7372990250587463,0.25249046087265015,0.041936203837394714,-0.2103159874677658,-0.05357421934604645,0.07919760793447495,-0.4575282037258148,-0.12353704124689102,0.0755411759018898,-0.41552403569221497,-0.16787061095237732,0.2630001902580261,-0.478843092918396,-0.2271803319454193,0.15750855207443237,-0.455247163772583,-0.05437713861465454,0.15492047369480133,-0.27056214213371277,0.11565742641687393,0.22414591908454895,-0.12071793526411057,0.049113646149635315,-0.03683089092373848,-0.42559221386909485,-0.17984184622764587,-0.12138447165489197,-0.17301511764526367,-0.17260129749774933,0.059730611741542816,-0.034299466758966446,-0.24431762099266052,C:/Users/ASUS/Downloads/3D_Human_Pose_NCKH/phase5_external_generalization/data/external_raw/Le2i/Coffee_room_02/Videos/video (57).avi,-1,-1,External
356,-9.033922106027603e-05,0.00020416080951690674,-0.0006593090947717428,-0.056245919317007065,0.008667423389852047,-0.08057737350463867,-0.04069241136312485,0.4075508117675781,-0.007522903382778168,-0.08492395281791687,0.8115355372428894,0.08902373909950256,0.05666537582874298,-0.008313517086207867,0.08094161748886108,0.06332778930664062,0.38458505272865295,0.11188285052776337,-0.0928720012307167,0.7343341708183289,0.2537848949432373,0.03732221573591232,-0.21218766272068024,-0.05472077801823616,0.06803000718355179,-0.45986995100975037,-0.12477067857980728,0.0657743290066719,-0.41853588819503784,-0.17528872191905975,0.24559341371059418,-0.48406487703323364,-0.23558548092842102,0.15113940834999084,-0.4592851996421814,-0.053532157093286514,0.15577952563762665,-0.2767871022224426,0.12308509647846222,0.22392551600933075,-0.1238914504647255,0.04478403180837631,-0.04938245564699173,-0.4257029592990875,-0.1843055635690689,-0.1337185651063919,-0.17410682141780853,-0.17579592764377594,0.04724888131022453,-0.04074472561478615,-0.25210878252983093,C:/Users/ASUS/Downloads/3D_Human_Pose_NCKH/phase5_external_generalization/data/external_raw/Le2i/Coffee_room_02/Videos/video (57).avi,-1,-1,External
357,-8.889194577932358e-05,0.00017162039875984192,-0.0006751012988388538,-0.06007227674126625,0.009136020205914974,-0.08057484030723572,-0.04415172338485718,0.40818655490875244,-0.010566946119070053,-0.09460125863552094,0.8092934489250183,0.09082415699958801,0.06048818677663803,-0.00879710353910923,0.08132357895374298,0.062477342784404755,0.38540342450141907,0.10388178378343582,-0.0981438085436821,0.7339255809783936,0.2503541111946106,0.03314276784658432,-0.21468928456306458,-0.05520883947610855,0.05752480402588844,-0.46246904134750366,-0.12534202635288239,0.0562969371676445,-0.4228461980819702,-0.18128471076488495,0.22976139187812805,-0.4908778667449951,-0.24224497377872467,0.14594297111034393,-0.4624718725681305,-0.05260241776704788,0.15821537375450134,-0.28140556812286377,0.12998557090759277,0.22445867955684662,-0.12647701799869537,0.035366449505090714,-0.061897531151771545,-0.4271228611469269,-0.1866811215877533,-0.14660204946994781,-0.17609384655952454,-0.1771523803472519,0.035765212029218674,-0.04782912880182266,-0.2577833831310272,C:/Users/ASUS/Downloads/3D_Human_Pose_NCKH/phase5_external_generalization/data/external_raw/Le2i/Coffee_room_02/Videos/video (57).avi,-1,-1,External
358,-0.00012637581676244736,0.00012494251132011414,-0.0005830950103700161,-0.06409793347120285,0.009645416401326656,-0.08072078227996826,-0.048451587557792664,0.408658504486084,-0.008375506848096848,-0.10218419879674911,0.8078691363334656,0.10063405334949493,0.06445600837469101,-0.009054058231413364,0.0809050053358078,0.06183020770549774,0.38711443543434143,0.1004088968038559,-0.10143977403640747,0.7353886365890503,0.25241607427597046,0.028830837458372116,-0.21654345095157623,-0.0558602437376976,0.047606728971004486,-0.4641485810279846,-0.12672540545463562,0.04808143526315689,-0.4254332482814789,-0.18965749442577362,0.2137754112482071,-0.49569353461265564,-0.2503696382045746,0.14109274744987488,-0.46572816371917725,-0.05245202034711838,0.16289925575256348,-0.2868326008319855,0.1364927440881729,0.22437436878681183,-0.12991228699684143,0.02523175999522209,-0.07330629229545593,-0.4274519979953766,-0.1894470602273941,-0.15833203494548798,-0.1757645159959793,-0.1782420128583908,0.02524585835635662,-0.05329129099845886,-0.26207613945007324,C:/Users/ASUS/Downloads/3D_Human_Pose_NCKH/phase5_external_generalization/data/external_raw/Le2i/Coffee_room_02/Videos/video (57).avi,-1,-1,External
359,-5.688518285751343e-05,3.197230398654938e-05,-0.0006320076063275337,-0.06732523441314697,0.009218628518283367,-0.08017575740814209,-0.05261567234992981,0.40841275453567505,-0.008031921461224556,-0.10992681980133057,0.8070536255836487,0.10617636889219284,0.06759456545114517,-0.008968452922999859,0.08086802065372467,0.06175657734274864,0.3887566030025482,0.09457018971443176,-0.09865981340408325,0.7402158379554749,0.25222721695899963,0.025000326335430145,-0.2192443162202835,-0.05502573773264885,0.03871055319905281,-0.466874897480011,-0.1260002702474594,0.03999550640583038,-0.43051594495773315,-0.19370616972446442,0.20002935826778412,-0.5028048753738403,-0.2545413374900818,0.1369641125202179,-0.468668133020401,-0.051196228712797165,0.1678427755832672,-0.2900446951389313,0.1408560574054718,0.22448955476284027,-0.13299790024757385,0.009733418002724648,-0.08424633741378784,-0.43042781949043274,-0.18840456008911133,-0.1705491542816162,-0.17817342281341553,-0.17667198181152344,0.014751859940588474,-0.05951160192489624,-0.2647651135921478,C:/Users/ASUS/Downloads/3D_Human_Pose_NCKH/phase5_external_generalization/data/external_raw/Le2i/Coffee_room_02/Videos/video (57).avi,-1,-1,External
360,-6.880518049001694e-05,-3.4170225262641907e-06,-0.0005569653585553169,-0.070985808968544,0.008617828600108624,-0.07943715155124664,-0.05710843205451965,0.40852922201156616,-0.007391234859824181,-0.11597839742898941,0.8071205615997314,0.11317204684019089,0.07115732133388519,-0.00841608177870512,0.07996179163455963,0.062093064188957214,0.39113351702690125,0.09026624262332916,-0.09479688107967377,0.7463045120239258,0.2540338337421417,0.021440517157316208,-0.22149087488651276,-0.05412305146455765,0.031024277210235596,-0.46964821219444275,-0.1243973895907402,0.03329259157180786,-0.4352094829082489,-0.19766876101493835,0.1872493326663971,-0.5093656778335571,-0.25838279724121094,0.13429118692874908,-0.47204044461250305,-0.04972085356712341,0.17399471998214722,-0.29349854588508606,0.14422248303890228,0.22383755445480347,-0.13745781779289246,-0.005543770268559456,-0.09393399953842163,-0.4332243800163269,-0.18630431592464447,-0.18138398230075836,-0.18029065430164337,-0.1748877614736557,0.005004218313843012,-0.06449249386787415,-0.2668665647506714,C:/Users/ASUS/Downloads/3D_Human_Pose_NCKH/phase5_external_generalization/data/external_raw/Le2i/Coffee_room_02/Videos/video (57).avi,-1,-1,External
361,-1.318659633398056e-05,1.5313737094402313e-05,-0.000585910864174366,-0.07476767152547836,0.007930914871394634,-0.07807755470275879,-0.06337481737136841,0.40759041905403137,-0.004577381536364555,-0.1230221763253212,0.8064181804656982,0.12266582995653152,0.07481105625629425,-0.007757591083645821,0.07852892577648163,0.06418829411268234,0.393383651971817,0.08754037320613861,-0.08402617275714874,0.7547054290771484,0.2572633922100067,0.018414944410324097,-0.2235814779996872,-0.05353618040680885,0.025124873965978622,-0.47160542011260986,-0.12362173944711685,0.02858501672744751,-0.43868833780288696,-0.20132863521575928,0.17618931829929352,-0.5139997005462646,-0.2634894549846649,0.13303720951080322,-0.4743710458278656,-0.049439359456300735,0.18235459923744202,-0.29657208919525146,0.14549124240875244,0.2238483428955078,-0.13991263508796692,-0.01969698630273342,-0.1026514321565628,-0.4354965090751648,-0.18413957953453064,-0.1922111064195633,-0.18122678995132446,-0.17225657403469086,-0.005074651446193457,-0.06750744581222534,-0.26771116256713867,C:/Users/ASUS/Downloads/3D_Human_Pose_NCKH/phase5_external_generalization/data/external_raw/Le2i/Coffee_room_02/Videos/video (57).avi,-1,-1,External
362,-2.307165414094925e-05,5.0805509090423584e-05,-0.0005327803082764149,-0.0786367729306221,0.00694123562425375,-0.07646016776561737,-0.0687984749674797,0.40716129541397095,-0.0030994564294815063,-0.12802454829216003,0.806412398815155,0.13066360354423523,0.0785490870475769,-0.006679820828139782,0.07671163976192474,0.06637969613075256,0.3960244059562683,0.0841246023774147,-0.07293000817298889,0.7639483213424683,0.2589961290359497,0.015759937465190887,-0.22575175762176514,-0.0526157021522522,0.020178722217679024,-0.4740850329399109,-0.12158796191215515,0.024617403745651245,-0.4428478181362152,-0.20406369864940643,0.1662716269493103,-0.5190054774284363,-0.2683553993701935,0.13320690393447876,-0.47710493206977844,-0.048575494438409805,0.19107592105865479,-0.29804736375808716,0.14594511687755585,0.22292737662792206,-0.14247751235961914,-0.03217025846242905,-0.1103852242231369,-0.43878379464149475,-0.1802820861339569,-0.20164526998996735,-0.18326598405838013,-0.16862250864505768,-0.014710132963955402,-0.07044985890388489,-0.2677627503871918,C:/Users/ASUS/Downloads/3D_Human_Pose_NCKH/phase5_external_generalization/data/external_raw/Le2i/Coffee_room_02/Videos/video (57).avi,-1,-1,External
363,-3.831367939710617e-05,8.086953312158585e-05,-0.0004839715547859669,-0.0822531208395958,0.006199858151376247,-0.0751124769449234,-0.07448385655879974,0.40655866265296936,0.0009786849841475487,-0.13256260752677917,0.8068951964378357,0.14057382941246033,0.08203105628490448,-0.005943031050264835,0.07517313957214355,0.0697866678237915,0.3987368047237396,0.08315815031528473,-0.057299982756376266,0.7743967175483704,0.2605728507041931,0.013403129763901234,-0.22806602716445923,-0.05156085640192032,0.016877561807632446,-0.4764496684074402,-0.11993862688541412,0.022175557911396027,-0.44665443897247314,-0.2068624049425125,0.15778477489948273,-0.5228076577186584,-0.2746599018573761,0.13469497859477997,-0.4805336892604828,-0.04784729331731796,0.19982784986495972,-0.30036062002182007,0.14534030854701996,0.220633402466774,-0.14609114825725555,-0.04226408526301384,-0.11700296401977539,-0.44232988357543945,-0.17679980397224426,-0.20977874100208282,-0.18525606393814087,-0.16481716930866241,-0.024155452847480774,-0.07295694947242737,-0.26756414771080017,C:/Users/ASUS/Downloads/3D_Human_Pose_NCKH/phase5_external_generalization/data/external_raw/Le2i/Coffee_room_02/Videos/video (57).avi,-1,-1,External
364,7.340218871831894e-05,-1.8870458006858826e-05,-0.00048193521797657013,-0.08529717475175858,0.005226845853030682,-0.07404600828886032,-0.08022378385066986,0.4053318500518799,0.007931084372103214,-0.13750725984573364,0.8064939379692078,0.15300072729587555,0.08493924885988235,-0.005349976010620594,0.07414849102497101,0.07326097786426544,0.4016423523426056,0.08466435968875885,-0.04008064419031143,0.7849680781364441,0.2615911662578583,0.011232373304665089,-0.23058748245239258,-0.050513092428445816,0.014794645830988884,-0.47871023416519165,-0.1192522644996643,0.021140124648809433,-0.4499318599700928,-0.20998947322368622,0.15088897943496704,-0.5256542563438416,-0.2826730012893677,0.13717563450336456,-0.48418131470680237,-0.047811318188905716,0.2091788351535797,-0.3028397262096405,0.14321497082710266,0.21739943325519562,-0.14922617375850677,-0.05073065683245659,-0.12213371694087982,-0.4461108148097992,-0.1737789660692215,-0.2158055156469345,-0.1880256086587906,-0.16094692051410675,-0.032492101192474365,-0.07593642920255661,-0.26712724566459656,C:/Users/ASUS/Downloads/3D_Human_Pose_NCKH/phase5_external_generalization/data/external_raw/Le2i/Coffee_room_02/Videos/video (57).avi,-1,-1,External
365,0.0001965537667274475,-0.00012192502617835999,-0.0003840024583041668,-0.08821754902601242,0.004195391200482845,-0.0729658305644989,-0.08625027537345886,0.4043239951133728,0.013885922729969025,-0.14352306723594666,0.8057114481925964,0.1628052443265915,0.08771637827157974,-0.004648515023291111,0.07322831451892853,0.0769173800945282,0.4047449827194214,0.0849323570728302,-0.021939828991889954,0.7943466305732727,0.25773313641548157,0.009206811897456646,-0.23349469900131226,-0.049222804605960846,0.013439573347568512,-0.480948269367218,-0.11852122843265533,0.020655393600463867,-0.4538952708244324,-0.21261098980903625,0.14520198106765747,-0.5290542244911194,-0.28971853852272034,0.1408134400844574,-0.48804348707199097,-0.048161160200834274,0.21863189339637756,-0.30311286449432373,0.13897907733917236,0.21329233050346375,-0.15183722972869873,-0.05904177203774452,-0.12669144570827484,-0.45043614506721497,-0.17055794596672058,-0.2205331027507782,-0.19143205881118774,-0.1567186415195465,-0.040286097675561905,-0.07892701774835587,-0.26584169268608093,C:/Users/ASUS/Downloads/3D_Human_Pose_NCKH/phase5_external_generalization/data/external_raw/Le2i/Coffee_room_02/Videos/video (57).avi,-1,-1,External
366,0.00018266309052705765,-0.00012887828052043915,-0.00036782538518309593,-0.09072539955377579,0.003973840735852718,-0.07204005122184753,-0.0929848924279213,0.4037831723690033,0.020457962527871132,-0.149286150932312,0.8046684265136719,0.17289705574512482,0.09017404168844223,-0.00437516625970602,0.07221370935440063,0.08270740509033203,0.40797653794288635,0.08711066842079163,-0.0016799075528979301,0.8012476563453674,0.25152596831321716,0.008182854391634464,-0.2363976389169693,-0.04837976396083832,0.013798246160149574,-0.482943594455719,-0.11887208372354507,0.021550104022026062,-0.456820011138916,-0.21643023192882538,0.14051726460456848,-0.5300746560096741,-0.29802045226097107,0.14580342173576355,-0.49235644936561584,-0.0500258170068264,0.2272956818342209,-0.3025490641593933,0.130266934633255,0.2085372358560562,-0.15130087733268738,-0.06757396459579468,-0.12982113659381866,-0.45452961325645447,-0.16822081804275513,-0.2236509919166565,-0.19348174333572388,-0.15237288177013397,-0.046721458435058594,-0.08025023341178894,-0.2642841041088104,C:/Users/ASUS/Downloads/3D_Human_Pose_NCKH/phase5_external_generalization/data/external_raw/Le2i/Coffee_room_02/Videos/video (57).avi,-1,-1,External
367,0.00019309204071760178,-0.00017905235290527344,-0.00029190024361014366,-0.09249641746282578,0.0038954534102231264,-0.07105959206819534,-0.09960836917161942,0.4034990668296814,0.0289510115981102,-0.15399718284606934,0.8026668429374695,0.18437404930591583,0.09180168807506561,-0.004387239925563335,0.07119926810264587,0.0896793007850647,0.4116065800189972,0.09035830199718475,0.018431194126605988,0.8062012195587158,0.24355341494083405,0.0077405329793691635,-0.23921655118465424,-0.04743808135390282,0.015592161566019058,-0.4848800003528595,-0.11920137703418732,0.023825019598007202,-0.45934587717056274,-0.21979790925979614,0.13721059262752533,-0.5305691361427307,-0.30624738335609436,0.15133146941661835,-0.49612295627593994,-0.052365388721227646,0.2363310009241104,-0.30084505677223206,0.11892178654670715,0.20372913777828217,-0.14946973323822021,-0.0771365612745285,-0.1314069628715515,-0.4592321217060089,-0.1657392680644989,-0.2254045158624649,-0.19648541510105133,-0.14732950925827026,-0.05189177766442299,-0.08167805522680283,-0.2621366083621979,C:/Users/ASUS/Downloads/3D_Human_Pose_NCKH/phase5_external_generalization/data/external_raw/Le2i/Coffee_room_02/Videos/video (57).avi,-1,-1,External
368,0.00021297112107276917,-0.00021118484437465668,-0.00037791510112583637,-0.09385509043931961,0.003710757242515683,-0.06859222799539566,-0.10629811137914658,0.4028587341308594,0.03552107512950897,-0.15669918060302734,0.7996353507041931,0.19401870667934418,0.09313401579856873,-0.004221788607537746,0.06859497725963593,0.09691771119832993,0.41455864906311035,0.08992575109004974,0.036630257964134216,0.8085498213768005,0.23321448266506195,0.008306536823511124,-0.24109217524528503,-0.046312667429447174,0.01809346303343773,-0.48639267683029175,-0.11860455572605133,0.026072148233652115,-0.46082746982574463,-0.22107188403606415,0.13418257236480713,-0.5296139121055603,-0.3118433952331543,0.15676885843276978,-0.4980083405971527,-0.05497749522328377,0.24305878579616547,-0.29791033267974854,0.10646364837884903,0.19874224066734314,-0.14534254372119904,-0.08591018617153168,-0.13192296028137207,-0.46336090564727783,-0.1609872281551361,-0.2259376496076584,-0.19877634942531586,-0.13967713713645935,-0.05548834428191185,-0.08171489834785461,-0.2581235468387604,C:/Users/ASUS/Downloads/3D_Human_Pose_NCKH/phase5_external_generalization/data/external_raw/Le2i/Coffee_room_02/Videos/video (57).avi,-1,-1,External
369,0.0001528225839138031,-0.00022476725280284882,-0.00032458268105983734,-0.09460511803627014,0.0033101357985287905,-0.06614816933870316,-0.11250229179859161,0.4014396071434021,0.04328831285238266,-0.15920671820640564,0.7947055101394653,0.20764078199863434,0.09367561340332031,-0.003818606259301305,0.06603530049324036,0.10292360186576843,0.4169612526893616,0.09158748388290405,0.04843286797404289,0.8090030550956726,0.22970572113990784,0.008835319429636002,-0.2415136694908142,-0.04538620635867119,0.020309386774897575,-0.48683157563209534,-0.11868306249380112,0.02866082638502121,-0.46050775051116943,-0.2224300056695938,0.13176222145557404,-0.527482807636261,-0.3166223466396332,0.16143247485160828,-0.49745094776153564,-0.058552730828523636,0.24915209412574768,-0.2926928997039795,0.09471695125102997,0.19466055929660797,-0.13888095319271088,-0.09308943152427673,-0.13120457530021667,-0.4665577709674835,-0.15658539533615112,-0.22606350481510162,-0.2018839567899704,-0.13228203356266022,-0.05689560994505882,-0.08141212910413742,-0.254433810710907,C:/Users/ASUS/Downloads/3D_Human_Pose_NCKH/phase5_external_generalization/data/external_raw/Le2i/Coffee_room_02/Videos/video (57).avi,-1,-1,External
370,0.00022722315043210983,-0.0002841036766767502,-0.0004150867462158203,-0.0958893746137619,0.002006466733291745,-0.062173351645469666,-0.11789098381996155,0.39935147762298584,0.044471099972724915,-0.16050341725349426,0.7881843447685242,0.21358096599578857,0.09488573670387268,-0.002565491246059537,0.06214403733611107,0.10644955188035965,0.4188830554485321,0.08580528944730759,0.05480708181858063,0.8088005781173706,0.22272151708602905,0.009944197721779346,-0.24148604273796082,-0.04429032653570175,0.022392742335796356,-0.4872307777404785,-0.11768477410078049,0.030565030872821808,-0.46057212352752686,-0.22157098352909088,0.1303207129240036,-0.5270060300827026,-0.3172151744365692,0.16632047295570374,-0.49542906880378723,-0.06222015246748924,0.2546928822994232,-0.2855239510536194,0.08273137360811234,0.1902143806219101,-0.13154886662960052,-0.10107317566871643,-0.13070368766784668,-0.4694153666496277,-0.15035608410835266,-0.22595559060573578,-0.2055475115776062,-0.12253555655479431,-0.059236619621515274,-0.081136055290699,-0.24968335032463074,C:/Users/ASUS/Downloads/3D_Human_Pose_NCKH/phase5_external_generalization/data/external_raw/Le2i/Coffee_room_02/Videos/video (57).avi,-1,-1,External
371,0.0002337740734219551,-0.0003037722781300545,-0.0004329872317612171,-0.09684648364782333,0.000575921731069684,-0.058203548192977905,-0.12244977056980133,0.3964811861515045,0.04429468512535095,-0.1618480384349823,0.7796528339385986,0.21812282502651215,0.09568898379802704,-0.001113292993977666,0.05820642039179802,0.108624167740345,0.4197368919849396,0.08353576064109802,0.05576828122138977,0.8071319460868835,0.22319673001766205,0.011610446497797966,-0.24061760306358337,-0.04349951446056366,0.024331681430339813,-0.48698076605796814,-0.11668012291193008,0.032549306750297546,-0.4593724310398102,-0.22100885212421417,0.12956757843494415,-0.5255982875823975,-0.3164424002170563,0.1706743985414505,-0.49330535531044006,-0.06621666997671127,0.2589126527309418,-0.27839305996894836,0.07067801058292389,0.18581774830818176,-0.12522125244140625,-0.10939684510231018,-0.1300288438796997,-0.47225216031074524,-0.1442178189754486,-0.22684670984745026,-0.20997634530067444,-0.112108014523983,-0.061485953629016876,-0.08074892312288284,-0.24463866651058197,C:/Users/ASUS/Downloads/3D_Human_Pose_NCKH/phase5_external_generalization/data/external_raw/Le2i/Coffee_room_02/Videos/video (57).avi,-1,-1,External
372,0.000207461416721344,-0.0003012586385011673,-0.0004756774287670851,-0.09757212549448013,-0.00121792103163898,-0.054755233228206635,-0.127176433801651,0.393677681684494,0.039961449801921844,-0.16189202666282654,0.7698498964309692,0.2199373096227646,0.09616335481405258,0.0007738757412880659,0.05466080829501152,0.10860536247491837,0.42049023509025574,0.0830114483833313,0.05154987424612045,0.8064808249473572,0.22777532041072845,0.013845591805875301,-0.23913607001304626,-0.043499790132045746,0.02659452334046364,-0.4862542152404785,-0.11698704957962036,0.0348963588476181,-0.4577387273311615,-0.22073222696781158,0.1294131726026535,-0.524686872959137,-0.3142532408237457,0.17478930950164795,-0.4899370074272156,-0.07116913050413132,0.26372069120407104,-0.27054381370544434,0.05775999650359154,0.18280768394470215,-0.11845143884420395,-0.12024837732315063,-0.12840944528579712,-0.47439679503440857,-0.13965559005737305,-0.22772042453289032,-0.21469520032405853,-0.10236811637878418,-0.06355975568294525,-0.08044490963220596,-0.2403586357831955,C:/Users/ASUS/Downloads/3D_Human_Pose_NCKH/phase5_external_generalization/data/external_raw/Le2i/Coffee_room_02/Videos/video (57).avi,-1,-1,External
373,0.0002520345151424408,-0.00026266276836395264,-0.0005542624276131392,-0.0986851379275322,-0.003278550459071994,-0.05026104301214218,-0.1311309039592743,0.3911098539829254,0.030202452093362808,-0.16211014986038208,0.7595914006233215,0.21609583497047424,0.09717843681573868,0.0029631524812430143,0.050057243555784225,0.10769906640052795,0.4206550717353821,0.07723250985145569,0.04472614452242851,0.8053992986679077,0.22847002744674683,0.0165720134973526,-0.23773989081382751,-0.04441969841718674,0.028858419507741928,-0.48533129692077637,-0.11840292811393738,0.03706572204828262,-0.45611536502838135,-0.22165906429290771,0.12950177490711212,-0.5245940685272217,-0.31165531277656555,0.17947736382484436,-0.4864444136619568,-0.07822548598051071,0.26892200112342834,-0.26207831501960754,0.042519498616456985,0.17957431077957153,-0.11093791574239731,-0.13427986204624176,-0.12756502628326416,-0.4767899811267853,-0.13585413992404938,-0.2290380746126175,-0.21905827522277832,-0.09249149262905121,-0.06537488847970963,-0.07930358499288559,-0.23445744812488556,C:/Users/ASUS/Downloads/3D_Human_Pose_NCKH/phase5_external_generalization/data/external_raw/Le2i/Coffee_room_02/Videos/video (57).avi,-1,-1,External
374,0.00030138902366161346,-0.00019960664212703705,-0.0006141955964267254,-0.10007646679878235,-0.005604547448456287,-0.04431261867284775,-0.1342826932668686,0.38842684030532837,0.015770357102155685,-0.16036996245384216,0.7491263747215271,0.20889268815517426,0.09848247468471527,0.005375080741941929,0.04401809722185135,0.10592199862003326,0.42007747292518616,0.06616444885730743,0.0366193950176239,0.8034185767173767,0.22505030035972595,0.019711151719093323,-0.23593951761722565,-0.0460931770503521,0.03089245781302452,-0.4840918481349945,-0.12104472517967224,0.03923419862985611,-0.45411574840545654,-0.22379590570926666,0.12980405986309052,-0.524776041507721,-0.3085320293903351,0.18355974555015564,-0.4821331202983856,-0.08767945319414139,0.2743634283542633,-0.25304487347602844,0.026575811207294464,0.1760309487581253,-0.1016642227768898,-0.15026915073394775,-0.12676429748535156,-0.4790741503238678,-0.13301867246627808,-0.23063157498836517,-0.22362491488456726,-0.08294165134429932,-0.0668761283159256,-0.07850383967161179,-0.2284466177225113,C:/Users/ASUS/Downloads/3D_Human_Pose_NCKH/phase5_external_generalization/data/external_raw/Le2i/Coffee_room_02/Videos/video (57).avi,-1,-1,External
375,0.0003778953105211258,-0.0001772698014974594,-0.0007264765445142984,-0.10174531489610672,-0.007766426540911198,-0.03827749937772751,-0.1365811675786972,0.38627147674560547,-0.003041781485080719,-0.15758219361305237,0.7400501370429993,0.19735346734523773,0.10011018067598343,0.0074686575680971146,0.037932757288217545,0.10384710878133774,0.4200916588306427,0.0482657253742218,0.030101202428340912,0.8014525771141052,0.21377713978290558,0.022552426904439926,-0.23419317603111267,-0.04778598994016647,0.03346157446503639,-0.4834058880805969,-0.12373710423707962,0.04211628437042236,-0.4530516564846039,-0.2263786643743515,0.13053207099437714,-0.5260325074195862,-0.30573680996894836,0.18806958198547363,-0.47798916697502136,-0.09647814929485321,0.2818501591682434,-0.24525299668312073,0.012123665772378445,0.1732339859008789,-0.09197048097848892,-0.16619959473609924,-0.12584726512432098,-0.4816862940788269,-0.13164052367210388,-0.23242007195949554,-0.22849515080451965,-0.0752929151058197,-0.0682402104139328,-0.07738930732011795,-0.22296465933322906,C:/Users/ASUS/Downloads/3D_Human_Pose_NCKH/phase5_external_generalization/data/external_raw/Le2i/Coffee_room_02/Videos/video (57).avi,-1,-1,External
376,0.0004249829798936844,-0.00013945065438747406,-0.0007542017847299576,-0.1035032793879509,-0.008929097093641758,-0.033234186470508575,-0.13792042434215546,0.38541269302368164,-0.01799730211496353,-0.153651624917984,0.7347001433372498,0.18713603913784027,0.10186775028705597,0.008564014919102192,0.032825808972120285,0.10099481046199799,0.42003297805786133,0.032107431441545486,0.023366138339042664,0.7986672520637512,0.2017987221479416,0.024577897042036057,-0.23274758458137512,-0.04867048189043999,0.036283064633607864,-0.4832415282726288,-0.12507081031799316,0.045022979378700256,-0.45296114683151245,-0.228134885430336,0.13193334639072418,-0.5275647640228271,-0.3017636239528656,0.19204731285572052,-0.4750983715057373,-0.10183604806661606,0.2890295088291168,-0.24005532264709473,0.002759723924100399,0.17167766392230988,-0.08490242809057236,-0.17779093980789185,-0.1247093677520752,-0.48479220271110535,-0.13093987107276917,-0.23466849327087402,-0.2338515669107437,-0.0699610710144043,-0.07115033268928528,-0.07817352563142776,-0.21901750564575195,C:/Users/ASUS/Downloads/3D_Human_Pose_NCKH/phase5_external_generalization/data/external_raw/Le2i/Coffee_room_02/Videos/video (57).avi,-1,-1,External
377,0.00037542078644037247,-1.874379813671112e-05,-0.0007164392154663801,-0.10493495315313339,-0.00892856065183878,-0.0298535767942667,-0.13844871520996094,0.38614869117736816,-0.026260580867528915,-0.1489177942276001,0.7345070242881775,0.1803468018770218,0.10329487919807434,0.00868960190564394,0.029218941926956177,0.09755600988864899,0.4194079041481018,0.022508744150400162,0.01687764748930931,0.7957281470298767,0.19120390713214874,0.025724835693836212,-0.23170128464698792,-0.04896394535899162,0.03925240412354469,-0.4833056628704071,-0.12521202862262726,0.04763152450323105,-0.45293116569519043,-0.22953572869300842,0.13303571939468384,-0.5282689929008484,-0.2979203164577484,0.1954033076763153,-0.4735460579395294,-0.10383263975381851,0.29493609070777893,-0.23683078587055206,-0.0018016928806900978,0.17062172293663025,-0.07973356544971466,-0.18408143520355225,-0.12344378232955933,-0.48785528540611267,-0.13034892082214355,-0.23664633929729462,-0.2383657693862915,-0.06621447205543518,-0.07533886283636093,-0.07995324581861496,-0.21570129692554474,C:/Users/ASUS/Downloads/3D_Human_Pose_NCKH/phase5_external_generalization/data/external_raw/Le2i/Coffee_room_02/Videos/video (57).avi,-1,-1,External
378,0.0003656456246972084,5.778670310974121e-05,-0.0007111448794603348,-0.10649297386407852,-0.008414850570261478,-0.027828464284539223,-0.1375068575143814,0.38689249753952026,-0.03664613515138626,-0.14431071281433105,0.7368709444999695,0.16787220537662506,0.10492303222417831,0.008206255733966827,0.027151335030794144,0.09402027726173401,0.41803035140037537,0.011544719338417053,0.010234714485704899,0.792629063129425,0.17639274895191193,0.026335444301366806,-0.23133111000061035,-0.04812031239271164,0.04233630746603012,-0.4840005934238434,-0.12374725937843323,0.04980874061584473,-0.45397835969924927,-0.22901301085948944,0.13394612073898315,-0.5302226543426514,-0.29203715920448303,0.19941416382789612,-0.47302255034446716,-0.10322791337966919,0.30005696415901184,-0.23401674628257751,-0.0033844346180558205,0.16944563388824463,-0.07541707158088684,-0.18531030416488647,-0.12257848680019379,-0.49082788825035095,-0.12925559282302856,-0.23819658160209656,-0.2415849268436432,-0.06350541859865189,-0.07946063578128815,-0.08181752264499664,-0.21276861429214478,C:/Users/ASUS/Downloads/3D_Human_Pose_NCKH/phase5_external_generalization/data/external_raw/Le2i/Coffee_room_02/Videos/video (57).avi,-1,-1,External
379,0.00029215775430202484,0.00018399395048618317,-0.000616034958511591,-0.1078619509935379,-0.007350915111601353,-0.027873022481799126,-0.13492223620414734,0.3881452977657318,-0.04281012713909149,-0.14021652936935425,0.7430660128593445,0.15883629024028778,0.10618501156568527,0.007229721173644066,0.026988528668880463,0.08990275859832764,0.4158773720264435,0.00796208530664444,0.002082245424389839,0.790339469909668,0.16830499470233917,0.02637888863682747,-0.23122242093086243,-0.04695826768875122,0.04482366517186165,-0.48453783988952637,-0.12166871130466461,0.05087855085730553,-0.45528993010520935,-0.22791080176830292,0.13386644423007965,-0.5316958427429199,-0.28519386053085327,0.2027338743209839,-0.4733943045139313,-0.10088323801755905,0.30384302139282227,-0.23235948383808136,-0.002362632192671299,0.16864444315433502,-0.07389651238918304,-0.18145176768302917,-0.12252810597419739,-0.4935401380062103,-0.12897413969039917,-0.2396746426820755,-0.24470576643943787,-0.06301219761371613,-0.08487030863761902,-0.08449580520391464,-0.2116638422012329,C:/Users/ASUS/Downloads/3D_Human_Pose_NCKH/phase5_external_generalization/data/external_raw/Le2i/Coffee_room_02/Videos/video (57).avi,-1,-1,External
380,0.000283743254840374,0.0002514254301786423,-0.0005824160762131214,-0.10929182916879654,-0.005908169783651829,-0.028928538784384727,-0.13146719336509705,0.3896065056324005,-0.04876753315329552,-0.1364409625530243,0.751202404499054,0.1500149965286255,0.10756544768810272,0.005721626803278923,0.028075620532035828,0.08650136739015579,0.4131697416305542,0.0047243256121873856,-0.005314246751368046,0.7883267998695374,0.15824078023433685,0.02683679386973381,-0.2318035066127777,-0.04442412033677101,0.04743890091776848,-0.4857703149318695,-0.11818874627351761,0.05145671218633652,-0.45811927318573,-0.22502098977565765,0.13334070146083832,-0.5339941382408142,-0.2777985632419586,0.2066282033920288,-0.4748396873474121,-0.09672238677740097,0.3069470524787903,-0.2310609370470047,0.00025257375091314316,0.16721655428409576,-0.07346377521753311,-0.17357006669044495,-0.12273572385311127,-0.49618569016456604,-0.1276104599237442,-0.24029625952243805,-0.24596059322357178,-0.0638594999909401,-0.09029396623373032,-0.08665572851896286,-0.2109973132610321,C:/Users/ASUS/Downloads/3D_Human_Pose_NCKH/phase5_external_generalization/data/external_raw/Le2i/Coffee_room_02/Videos/video (57).avi,-1,-1,External
381,0.0002996642142534256,0.0002983715385198593,-0.0006536280270665884,-0.11027665436267853,-0.004092891700565815,-0.029923981055617332,-0.12688016891479492,0.39112067222595215,-0.05455122888088226,-0.1326090693473816,0.7605536580085754,0.14176397025585175,0.10854365676641464,0.0039035927038639784,0.028943639248609543,0.08247943222522736,0.40893828868865967,0.001832909882068634,-0.012356373481452465,0.7859233021736145,0.15141870081424713,0.027238238602876663,-0.23226124048233032,-0.042296819388866425,0.049264222383499146,-0.4861433506011963,-0.11538311094045639,0.05074760317802429,-0.46042466163635254,-0.2224290370941162,0.13131357729434967,-0.5357367992401123,-0.27063682675361633,0.2093965709209442,-0.4759116470813751,-0.09338311105966568,0.30845603346824646,-0.23012009263038635,0.0021546995267271996,0.16535553336143494,-0.07394000142812729,-0.1653270721435547,-0.12354826927185059,-0.4978533089160919,-0.12651360034942627,-0.2405482530593872,-0.24675323069095612,-0.06533738225698471,-0.09558615833520889,-0.0885436087846756,-0.21191205084323883,C:/Users/ASUS/Downloads/3D_Human_Pose_NCKH/phase5_external_generalization/data/external_raw/Le2i/Coffee_room_02/Videos/video (57).avi,-1,-1,External
382,0.00030490197241306305,0.0003254106268286705,-0.0007079546339809895,-0.1111285462975502,-0.001893018139526248,-0.031192896887660027,-0.12192930281162262,0.39289194345474243,-0.05792438983917236,-0.1283198595046997,0.7715902328491211,0.13385704159736633,0.10938239842653275,0.0016561418306082487,0.030178818851709366,0.07861487567424774,0.4037036597728729,-0.0001168232411146164,-0.018499910831451416,0.7824055552482605,0.1455090343952179,0.027507442981004715,-0.23300522565841675,-0.03998316451907158,0.05059684440493584,-0.48605573177337646,-0.11301596462726593,0.049575045704841614,-0.46254509687423706,-0.22024455666542053,0.12888751924037933,-0.5364651679992676,-0.26590895652770996,0.2116633504629135,-0.47744467854499817,-0.09020218998193741,0.3086484670639038,-0.22943691909313202,0.005017413757741451,0.16323909163475037,-0.07559873908758163,-0.15594032406806946,-0.12438857555389404,-0.49856746196746826,-0.1253947764635086,-0.24028103053569794,-0.24657262861728668,-0.06790182739496231,-0.1000518873333931,-0.09098569303750992,-0.21310345828533173,C:/Users/ASUS/Downloads/3D_Human_Pose_NCKH/phase5_external_generalization/data/external_raw/Le2i/Coffee_room_02/Videos/video (57).avi,-1,-1,External
383,0.0003883661702275276,0.0002729566767811775,-0.0007865997031331062,-0.11208827048540115,-1.4935387298464775e-05,-0.03185734897851944,-0.1171543151140213,0.394337922334671,-0.06445296108722687,-0.1237114742398262,0.7814699411392212,0.12109983712434769,0.11033756285905838,-0.00041207228787243366,0.0309898741543293,0.07533858716487885,0.3978302776813507,-0.008732089772820473,-0.0238717719912529,0.7769685983657837,0.1308191567659378,0.027388405054807663,-0.23436453938484192,-0.03703103959560394,0.050815779715776443,-0.48657792806625366,-0.10968772321939468,0.047784000635147095,-0.46565884351730347,-0.21644385159015656,0.12557952105998993,-0.5384671688079834,-0.26205381751060486,0.21342556178569794,-0.4795375168323517,-0.0864960104227066,0.3084211051464081,-0.22913770377635956,0.007098625414073467,0.16051554679870605,-0.07718677818775177,-0.1472892165184021,-0.12650363147258759,-0.49955323338508606,-0.12295432388782501,-0.24013198912143707,-0.24588602781295776,-0.07026965916156769,-0.10279503464698792,-0.09339920431375504,-0.21442417800426483,C:/Users/ASUS/Downloads/3D_Human_Pose_NCKH/phase5_external_generalization/data/external_raw/Le2i/Coffee_room_02/Videos/video (57).avi,-1,-1,External
384,0.0003692908212542534,0.0002572163939476013,-0.0007762082386761904,-0.11331386119127274,0.002148392843082547,-0.032849930226802826,-0.11194558441638947,0.39643749594688416,-0.0699949562549591,-0.11896447092294693,0.7903744578361511,0.10787506401538849,0.11149149388074875,-0.0025017254520207644,0.03202509135007858,0.07230228930711746,0.39203473925590515,-0.014148727059364319,-0.029652860015630722,0.7702071070671082,0.12057449668645859,0.026681188493967056,-0.23598119616508484,-0.035555459558963776,0.04974064603447914,-0.486786425113678,-0.10829651355743408,0.04523373395204544,-0.46868786215782166,-0.2139447033405304,0.12143396586179733,-0.5396081805229187,-0.26048752665519714,0.21394501626491547,-0.48205214738845825,-0.0840899646282196,0.30694881081581116,-0.2293974906206131,0.008789240382611752,0.15807873010635376,-0.08075042068958282,-0.141458660364151,-0.12951399385929108,-0.4998907148838043,-0.1227487176656723,-0.24039633572101593,-0.24485071003437042,-0.07371053844690323,-0.10499643534421921,-0.09638142585754395,-0.21783939003944397,C:/Users/ASUS/Downloads/3D_Human_Pose_NCKH/phase5_external_generalization/data/external_raw/Le2i/Coffee_room_02/Videos/video (57).avi,-1,-1,External
385,0.0003321925178170204,0.00021948758512735367,-0.0007311566732823849,-0.1146564707159996,0.004368471913039684,-0.03431004285812378,-0.10656358301639557,0.3999066948890686,-0.07335928082466125,-0.11472875624895096,0.7986331582069397,0.0948253944516182,0.11280975490808487,-0.004543867893517017,0.03361250087618828,0.06996519863605499,0.38694658875465393,-0.015544550493359566,-0.03611421957612038,0.7628311514854431,0.11525474488735199,0.025612570345401764,-0.23840513825416565,-0.03447019308805466,0.04744504764676094,-0.48736289143562317,-0.10750189423561096,0.04223612695932388,-0.4723004102706909,-0.2112560123205185,0.11652512848377228,-0.540789783000946,-0.2597920298576355,0.2133733183145523,-0.4853600859642029,-0.08143767714500427,0.30419328808784485,-0.22995343804359436,0.01023076381534338,0.1562911421060562,-0.0861106738448143,-0.13923516869544983,-0.1334286332130432,-0.5001887679100037,-0.1232210248708725,-0.2409716248512268,-0.2430720031261444,-0.07707245647907257,-0.10605530440807343,-0.09956531971693039,-0.22174881398677826,C:/Users/ASUS/Downloads/3D_Human_Pose_NCKH/phase5_external_generalization/data/external_raw/Le2i/Coffee_room_02/Videos/video (57).avi,-1,-1,External
386,0.0002534054219722748,0.00022532790899276733,-0.0006897049024701118,-0.11603082716464996,0.006538587622344494,-0.03701959550380707,-0.10241986066102982,0.4054153561592102,-0.06926124542951584,-0.11108656972646713,0.8074519038200378,0.0880144014954567,0.11423233151435852,-0.006425539962947369,0.03642849996685982,0.06937189400196075,0.38378575444221497,-0.004563920199871063,-0.041510116308927536,0.7565465569496155,0.12506888806819916,0.0243291724473238,-0.24126595258712769,-0.034301452338695526,0.04401331767439842,-0.4883900284767151,-0.1078513041138649,0.03923240303993225,-0.47585687041282654,-0.20987874269485474,0.11101294308900833,-0.5418708324432373,-0.2617015540599823,0.21155917644500732,-0.4893817603588104,-0.07807277888059616,0.3008524775505066,-0.23136773705482483,0.01184439193457365,0.15587878227233887,-0.0931510478258133,-0.14088915288448334,-0.13803623616695404,-0.5002447962760925,-0.1255619376897812,-0.24243195354938507,-0.24061334133148193,-0.08041486144065857,-0.1070118099451065,-0.10218801349401474,-0.22758419811725616,C:/Users/ASUS/Downloads/3D_Human_Pose_NCKH/phase5_external_generalization/data/external_raw/Le2i/Coffee_room_02/Videos/video (57).avi,-1,-1,External
387,0.00020631682127714157,0.00025961920619010925,-0.000721378717571497,-0.11708023399114609,0.008600677363574505,-0.040739841759204865,-0.09926693886518478,0.410949170589447,-0.0636465847492218,-0.10786116123199463,0.8154249787330627,0.08130931109189987,0.11552336812019348,-0.008104984648525715,0.04021831601858139,0.07025668025016785,0.38081005215644836,0.011821852065622807,-0.04537826403975487,0.7479535937309265,0.14280003309249878,0.022735595703125,-0.24384409189224243,-0.034805651754140854,0.03996691852807999,-0.48853251338005066,-0.11073999851942062,0.0359361357986927,-0.47799789905548096,-0.21096907556056976,0.10509184747934341,-0.5422084331512451,-0.2652272582054138,0.20915701985359192,-0.49274513125419617,-0.07583548873662949,0.296419233083725,-0.23242895305156708,0.011561642400920391,0.156272292137146,-0.09971904009580612,-0.14854633808135986,-0.14279989898204803,-0.4987298250198364,-0.13039550185203552,-0.24435997009277344,-0.2366335093975067,-0.08249717950820923,-0.10724502056837082,-0.1031913161277771,-0.23465721309185028,C:/Users/ASUS/Downloads/3D_Human_Pose_NCKH/phase5_external_generalization/data/external_raw/Le2i/Coffee_room_02/Videos/video (57).avi,-1,-1,External
388,0.00028074346482753754,0.0001954454928636551,-0.0008422299288213253,-0.11721915751695633,0.010321821086108685,-0.044413529336452484,-0.09756750613451004,0.41503840684890747,-0.0513668954372406,-0.10566797107458115,0.8209522366523743,0.08538579195737839,0.11602990329265594,-0.009698969312012196,0.04380973055958748,0.07275129854679108,0.37750422954559326,0.03220023959875107,-0.04887843877077103,0.7359506487846375,0.16605915129184723,0.02057289518415928,-0.2453433871269226,-0.035650938749313354,0.034804824739694595,-0.48799434304237366,-0.11464820057153702,0.03185625374317169,-0.4776168167591095,-0.21352820098400116,0.09836701303720474,-0.5413406491279602,-0.26930946111679077,0.20531778037548065,-0.495443195104599,-0.07575976848602295,0.29029861092567444,-0.23468688130378723,0.008030618540942669,0.15723207592964172,-0.10713132470846176,-0.16074632108211517,-0.14737433195114136,-0.4959077537059784,-0.13587382435798645,-0.24670277535915375,-0.23226161301136017,-0.08315922319889069,-0.10715612769126892,-0.10481209307909012,-0.24092333018779755,C:/Users/ASUS/Downloads/3D_Human_Pose_NCKH/phase5_external_generalization/data/external_raw/Le2i/Coffee_room_02/Videos/video (57).avi,-1,-1,External
389,0.000430806539952755,4.873983561992645e-05,-0.0010214000940322876,-0.11618440598249435,0.01183380838483572,-0.04693692922592163,-0.09670551866292953,0.41625314950942993,-0.03465644642710686,-0.10299989581108093,0.8231317400932312,0.09882640093564987,0.11530853807926178,-0.01136818341910839,0.04639243707060814,0.0777568370103836,0.37308111786842346,0.04484676569700241,-0.050506677478551865,0.7192386388778687,0.18162789940834045,0.017817404121160507,-0.24539178609848022,-0.03734736517071724,0.029037129133939743,-0.48603224754333496,-0.12061311304569244,0.026991117745637894,-0.4752344489097595,-0.2174660563468933,0.09119570255279541,-0.539324939250946,-0.274268239736557,0.20074036717414856,-0.4964405596256256,-0.07945486158132553,0.28401610255241394,-0.23728883266448975,-0.0008031884208321571,0.1597345918416977,-0.11329536139965057,-0.17758673429489136,-0.15161524713039398,-0.49153801798820496,-0.14284852147102356,-0.24890312552452087,-0.22675469517707825,-0.0839625746011734,-0.10604982078075409,-0.10521527379751205,-0.24645458161830902,C:/Users/ASUS/Downloads/3D_Human_Pose_NCKH/phase5_external_generalization/data/external_raw/Le2i/Coffee_room_02/Videos/video (57).avi,-1,-1,External
390,0.00037542078644037247,3.612041473388672e-05,-0.0010765865445137024,-0.11449000984430313,0.013291805051267147,-0.047949835658073425,-0.09653369337320328,0.41538357734680176,-0.014634257182478905,-0.1009364053606987,0.8218258619308472,0.12203680723905563,0.11364296823740005,-0.012438428588211536,0.04721221700310707,0.08486875891685486,0.36782965064048767,0.04945230484008789,-0.051846832036972046,0.697655975818634,0.1899692714214325,0.014543990604579449,-0.2436898946762085,-0.040071453899145126,0.023205580189824104,-0.48277589678764343,-0.1276206374168396,0.021677318960428238,-0.4719983637332916,-0.22195003926753998,0.0837424173951149,-0.537299394607544,-0.27741876244544983,0.1956968605518341,-0.4956950843334198,-0.08619082719087601,0.277119904756546,-0.2381807565689087,-0.014766068197786808,0.16309818625450134,-0.11817216873168945,-0.19867902994155884,-0.15503080189228058,-0.486585408449173,-0.15097476541996002,-0.2521887421607971,-0.22142091393470764,-0.08780238032341003,-0.10545065253973007,-0.1049228385090828,-0.25403282046318054,C:/Users/ASUS/Downloads/3D_Human_Pose_NCKH/phase5_external_generalization/data/external_raw/Le2i/Coffee_room_02/Videos/video (57).avi,-1,-1,External
391,0.00022002123296260834,8.182413876056671e-05,-0.0010274527594447136,-0.1125866025686264,0.014022602699697018,-0.04817892611026764,-0.09650728851556778,0.41293761134147644,0.0018249722197651863,-0.10016443580389023,0.8153972029685974,0.14786504209041595,0.11151190847158432,-0.01262397039681673,0.047177109867334366,0.09318822622299194,0.3627822697162628,0.04821963235735893,-0.05197761207818985,0.6755185127258301,0.19496852159500122,0.01138567179441452,-0.2407686412334442,-0.042442016303539276,0.01774362102150917,-0.4794943630695343,-0.1317463368177414,0.01655934564769268,-0.46889036893844604,-0.2228763848543167,0.07625158131122589,-0.535991370677948,-0.27429088950157166,0.1898326277732849,-0.493923544883728,-0.09124236553907394,0.2695871889591217,-0.23863361775875092,-0.028148718178272247,0.1662965565919876,-0.12271515280008316,-0.21788176894187927,-0.15707671642303467,-0.4825453758239746,-0.1571997106075287,-0.2542480230331421,-0.21677005290985107,-0.09550793468952179,-0.10515739768743515,-0.10586511343717575,-0.2630646824836731,C:/Users/ASUS/Downloads/3D_Human_Pose_NCKH/phase5_external_generalization/data/external_raw/Le2i/Coffee_room_02/Videos/video (57).avi,-1,-1,External
392,5.100667476654053e-05,0.00015172641724348068,-0.0008806134574115276,-0.11124543845653534,0.014002538286149502,-0.04757852852344513,-0.09604743123054504,0.4100190997123718,0.007233601063489914,-0.10120394080877304,0.8065098524093628,0.16343866288661957,0.10985411703586578,-0.01220850832760334,0.046547990292310715,0.10161369293928146,0.35866856575012207,0.042393285781145096,-0.04992843419313431,0.6575987935066223,0.19469816982746124,0.008712632581591606,-0.23743365705013275,-0.044822145253419876,0.013181652873754501,-0.47684162855148315,-0.13398535549640656,0.011941440403461456,-0.46677929162979126,-0.22125856578350067,0.06982193887233734,-0.5355963706970215,-0.26642462611198425,0.18428722023963928,-0.4922668933868408,-0.09438151121139526,0.26277410984039307,-0.24046926200389862,-0.03466121107339859,0.16955450177192688,-0.12816892564296722,-0.22905822098255157,-0.1584041863679886,-0.4794176518917084,-0.1620471328496933,-0.2540258765220642,-0.2131464183330536,-0.10531635582447052,-0.10414417833089828,-0.10759759694337845,-0.2708532214164734,C:/Users/ASUS/Downloads/3D_Human_Pose_NCKH/phase5_external_generalization/data/external_raw/Le2i/Coffee_room_02/Videos/video (57).avi,-1,-1,External
393,-0.0001475149765610695,0.00025170110166072845,-0.000651155598461628,-0.11076154559850693,0.013074087910354137,-0.04674378037452698,-0.09593204408884048,0.4081360101699829,0.003014019690454006,-0.10318573564291,0.7990402579307556,0.16496385633945465,0.10897746682167053,-0.011095969937741756,0.0457385890185833,0.10862569510936737,0.3577021062374115,0.03904040530323982,-0.04752302169799805,0.6471085548400879,0.19172193109989166,0.006745107471942902,-0.23493808507919312,-0.04702530801296234,0.01018383540213108,-0.4764384329319,-0.1339026391506195,0.00846741534769535,-0.46768277883529663,-0.21784673631191254,0.06518102437257767,-0.5376622676849365,-0.25547680258750916,0.1805751919746399,-0.49273961782455444,-0.095074363052845,0.2589426338672638,-0.24432891607284546,-0.03340008109807968,0.1742989718914032,-0.13508087396621704,-0.23028652369976044,-0.1595352590084076,-0.4790291488170624,-0.16474556922912598,-0.2532275915145874,-0.21208041906356812,-0.11304113268852234,-0.1033519059419632,-0.11185873299837112,-0.2754470407962799,C:/Users/ASUS/Downloads/3D_Human_Pose_NCKH/phase5_external_generalization/data/external_raw/Le2i/Coffee_room_02/Videos/video (57).avi,-1,-1,External
394,-0.0002643885090947151,0.0003613177686929703,-0.0004989858716726303,-0.11097566783428192,0.011318664066493511,-0.044099509716033936,-0.09691965579986572,0.40663254261016846,-0.015278860926628113,-0.10365917533636093,0.7938298583030701,0.14656399190425873,0.1089504137635231,-0.009332460351288319,0.04346948489546776,0.11316782981157303,0.3569868505001068,0.024372238665819168,-0.04279300570487976,0.6419132947921753,0.1766945719718933,0.005986160133033991,-0.23360678553581238,-0.04851916804909706,0.00805254839360714,-0.4769628047943115,-0.13257533311843872,0.00512329675257206,-0.4702639579772949,-0.21327795088291168,0.060977496206760406,-0.5412478446960449,-0.2445783168077469,0.17773735523223877,-0.4937482476234436,-0.0957823246717453,0.2552067041397095,-0.24824517965316772,-0.031034857034683228,0.1766270399093628,-0.1422005444765091,-0.22795140743255615,-0.16188213229179382,-0.47946804761886597,-0.16409927606582642,-0.25317853689193726,-0.21107348799705505,-0.11566729843616486,-0.1017647460103035,-0.11473064869642258,-0.27523696422576904,C:/Users/ASUS/Downloads/3D_Human_Pose_NCKH/phase5_external_generalization/data/external_raw/Le2i/Coffee_room_02/Videos/video (57).avi,-1,-1,External
395,-0.0003007352352142334,0.00036040227860212326,-0.0003710598684847355,-0.1118125393986702,0.009412161074578762,-0.0419793426990509,-0.09919604659080505,0.4058016538619995,-0.02753831446170807,-0.10538454353809357,0.7908990979194641,0.13247767090797424,0.10950621962547302,-0.007589737884700298,0.04140405356884003,0.11634540557861328,0.3594568371772766,0.013943173922598362,-0.03803836926817894,0.6453377604484558,0.16993695497512817,0.006370962131768465,-0.2328217625617981,-0.048302218317985535,0.007232475560158491,-0.47815293073654175,-0.12969231605529785,0.0038556549698114395,-0.4720832109451294,-0.20876117050647736,0.05802242085337639,-0.543640673160553,-0.23704972863197327,0.17607381939888,-0.4950202405452728,-0.09293543547391891,0.25366851687431335,-0.25339841842651367,-0.02151276171207428,0.18077360093593597,-0.14943161606788635,-0.22032786905765533,-0.16308709979057312,-0.48041674494743347,-0.16154815256595612,-0.2547524571418762,-0.21233367919921875,-0.11215221881866455,-0.10064602643251419,-0.11922905594110489,-0.27024170756340027,C:/Users/ASUS/Downloads/3D_Human_Pose_NCKH/phase5_external_generalization/data/external_raw/Le2i/Coffee_room_02/Videos/video (57).avi,-1,-1,External
396,-0.00032228510826826096,0.00037001073360443115,-0.00029558129608631134,-0.11279837787151337,0.007703165523707867,-0.04033353924751282,-0.10115406662225723,0.40536999702453613,-0.03897692263126373,-0.10712839663028717,0.7895139455795288,0.12030444294214249,0.11040084064006805,-0.00610810611397028,0.03980281203985214,0.11891768127679825,0.36365199089050293,0.0022460855543613434,-0.03122147172689438,0.6551308035850525,0.16628065705299377,0.007502656430006027,-0.23315006494522095,-0.046541038900613785,0.00744238356128335,-0.47988376021385193,-0.12565301358699799,0.004379956051707268,-0.4737589657306671,-0.20406903326511383,0.05629292130470276,-0.544894814491272,-0.23382456600666046,0.17598587274551392,-0.49684545397758484,-0.08854014426469803,0.25261226296424866,-0.2574099898338318,-0.012054012157022953,0.1843089461326599,-0.15660300850868225,-0.2132727950811386,-0.16387957334518433,-0.481835275888443,-0.15718071162700653,-0.2571960687637329,-0.214422807097435,-0.1055389866232872,-0.09946747124195099,-0.12366212159395218,-0.2633392810821533,C:/Users/ASUS/Downloads/3D_Human_Pose_NCKH/phase5_external_generalization/data/external_raw/Le2i/Coffee_room_02/Videos/video (57).avi,-1,-1,External
397,-0.00021504145115613937,0.0003581671044230461,-0.0002962709404528141,-0.11382733285427094,0.006048134528100491,-0.03896272927522659,-0.10257965326309204,0.4050217568874359,-0.052625708281993866,-0.10946165770292282,0.789204478263855,0.10764440894126892,0.11163696646690369,-0.0048631587997078896,0.03850333020091057,0.12184692919254303,0.3695565164089203,-0.011899653822183609,-0.021237049251794815,0.6715865135192871,0.16243241727352142,0.00860599335283041,-0.2350110560655594,-0.044299282133579254,0.0085662342607975,-0.48177722096443176,-0.12314397096633911,0.006281884387135506,-0.4754073917865753,-0.20160987973213196,0.05578484758734703,-0.5453211665153503,-0.2371426671743393,0.17785225808620453,-0.49904102087020874,-0.08563891053199768,0.2522128224372864,-0.25955021381378174,-0.0056511880829930305,0.18618598580360413,-0.16215652227401733,-0.20828299224376678,-0.16498857736587524,-0.48350316286087036,-0.1536414623260498,-0.2598734498023987,-0.21577206254005432,-0.09904343634843826,-0.09808369725942612,-0.12671391665935516,-0.2573830783367157,C:/Users/ASUS/Downloads/3D_Human_Pose_NCKH/phase5_external_generalization/data/external_raw/Le2i/Coffee_room_02/Videos/video (57).avi,-1,-1,External
398,-0.0002117706462740898,0.00036130286753177643,-0.0002985931932926178,-0.11482950299978256,0.004736213944852352,-0.03896696865558624,-0.10458819568157196,0.4060440957546234,-0.05643009394407272,-0.1134786382317543,0.7916852831840515,0.10605625808238983,0.11286507546901703,-0.003911641426384449,0.03858328238129616,0.12545712292194366,0.3792371451854706,-0.011003535240888596,-0.008741126395761967,0.6964718103408813,0.17021000385284424,0.009630804881453514,-0.238084077835083,-0.0419158861041069,0.011126725003123283,-0.4840203821659088,-0.12268541753292084,0.01044759526848793,-0.47659575939178467,-0.2034142017364502,0.05757090449333191,-0.5440917015075684,-0.24800266325473785,0.181421160697937,-0.5020278692245483,-0.08320381492376328,0.2538464367389679,-0.26075831055641174,0.0018232902511954308,0.18648508191108704,-0.16594333946704865,-0.20184656977653503,-0.1650012582540512,-0.4860897362232208,-0.15238963067531586,-0.2626435160636902,-0.2182437628507614,-0.09394003450870514,-0.09643332660198212,-0.12915007770061493,-0.25226613879203796,C:/Users/ASUS/Downloads/3D_Human_Pose_NCKH/phase5_external_generalization/data/external_raw/Le2i/Coffee_room_02/Videos/video (57).avi,-1,-1,External
399,-0.00010696519166231155,0.0002901926636695862,-0.00037868600338697433,-0.11587187647819519,0.0034202777314931154,-0.03841732442378998,-0.1069120466709137,0.40749794244766235,-0.05569428205490112,-0.1186523512005806,0.7948381304740906,0.1112615093588829,0.11423777043819427,-0.003019060241058469,0.0381225161254406,0.12861888110637665,0.3902590870857239,-0.00884740799665451,0.005251397378742695,0.7242110371589661,0.1746474653482437,0.010200440883636475,-0.24152150750160217,-0.040409449487924576,0.014420606195926666,-0.48549550771713257,-0.12550421059131622,0.015039615333080292,-0.4765954315662384,-0.20947422087192535,0.05987085402011871,-0.5421014428138733,-0.26376548409461975,0.1853950321674347,-0.5037857294082642,-0.08340483158826828,0.2564026713371277,-0.26068392395973206,0.008001706562936306,0.18573269248008728,-0.1679127961397171,-0.19544456899166107,-0.16437393426895142,-0.4883024990558624,-0.1533387005329132,-0.2647724151611328,-0.22023315727710724,-0.09149476885795593,-0.09573210775852203,-0.1303715705871582,-0.24859313666820526,C:/Users/ASUS/Downloads/3D_Human_Pose_NCKH/phase5_external_generalization/data/external_raw/Le2i/Coffee_room_02/Videos/video (57).avi,-1,-1,External
400,0.00021855346858501434,5.176011472940445e-05,-0.0005822135135531425,-0.11659058183431625,0.0016357742715626955,-0.03733191639184952,-0.109573133289814,0.40821966528892517,-0.05327460914850235,-0.12269847840070724,0.7970806956291199,0.1185862198472023,0.11547522246837616,-0.0019992117304354906,0.03737935051321983,0.13007941842079163,0.4014269709587097,-0.007455330342054367,0.019310127943754196,0.7521328926086426,0.17166966199874878,0.01096076238900423,-0.24531185626983643,-0.03881397098302841,0.01829465478658676,-0.4866807460784912,-0.12848252058029175,0.019625239074230194,-0.47655555605888367,-0.21588034927845,0.0628470778465271,-0.5405299067497253,-0.2789512574672699,0.18957722187042236,-0.5048784017562866,-0.08410663157701492,0.2599714994430542,-0.2601011097431183,0.013183618895709515,0.18275445699691772,-0.16854798793792725,-0.18901695311069489,-0.16299310326576233,-0.4912594258785248,-0.15324538946151733,-0.2648104429244995,-0.22296524047851562,-0.09036048501729965,-0.094837985932827,-0.13191446661949158,-0.24674735963344574,C:/Users/ASUS/Downloads/3D_Human_Pose_NCKH/phase5_external_generalization/data/external_raw/Le2i/Coffee_room_02/Videos/video (57).avi,-1,-1,External
401,0.00029984768480062485,-8.187815546989441e-05,-0.0005739713087677956,-0.11739855259656906,0.0003346421290189028,-0.037305980920791626,-0.11424964666366577,0.4088773727416992,-0.03248610347509384,-0.12827178835868835,0.7982314229011536,0.1474296897649765,0.11654432117938995,-0.0010901775676757097,0.03758366033434868,0.13077332079410553,0.41263213753700256,0.006697637960314751,0.032483212649822235,0.7775303721427917,0.17478668689727783,0.011861665174365044,-0.24771970510482788,-0.03784525394439697,0.02242252230644226,-0.4866054654121399,-0.13185164332389832,0.024811197072267532,-0.4741934835910797,-0.22419048845767975,0.06619075685739517,-0.5364366173744202,-0.29504093527793884,0.19338440895080566,-0.5051952600479126,-0.0849464163184166,0.26475927233695984,-0.25956428050994873,0.01950564607977867,0.18091274797916412,-0.1670268177986145,-0.18122178316116333,-0.16021035611629486,-0.49397873878479004,-0.15379172563552856,-0.2637411952018738,-0.22684036195278168,-0.0898112803697586,-0.09527728706598282,-0.1340872049331665,-0.24560053646564484,C:/Users/ASUS/Downloads/3D_Human_Pose_NCKH/phase5_external_generalization/data/external_raw/Le2i/Coffee_room_02/Videos/video (57).avi,-1,-1,External
402,0.00034928228706121445,-0.0002663657069206238,-0.0005910978652536869,-0.11771325021982193,-0.001579955918714404,-0.03760980814695358,-0.1179765909910202,0.40610796213150024,-0.015798240900039673,-0.1344859004020691,0.7931604385375977,0.17403753101825714,0.11701416969299316,0.0004650100599974394,0.03817160800099373,0.12763139605522156,0.42027464509010315,0.011615902185440063,0.04036326706409454,0.7958953380584717,0.16849163174629211,0.012823007069528103,-0.24879342317581177,-0.03711109980940819,0.02657352387905121,-0.48553401231765747,-0.13381287455558777,0.028934229165315628,-0.4699365496635437,-0.23130619525909424,0.06888699531555176,-0.5324275493621826,-0.304422527551651,0.1964612603187561,-0.5038996338844299,-0.08590347319841385,0.2675083875656128,-0.25643473863601685,0.02410602569580078,0.1785273551940918,-0.16351120173931122,-0.17287234961986542,-0.15618020296096802,-0.49564337730407715,-0.15384545922279358,-0.259765088558197,-0.2302149087190628,-0.08823209255933762,-0.09665598720312119,-0.1374424397945404,-0.24418792128562927,C:/Users/ASUS/Downloads/3D_Human_Pose_NCKH/phase5_external_generalization/data/external_raw/Le2i/Coffee_room_02/Videos/video (57).avi,-1,-1,External
403,0.0004146769642829895,-0.00046524778008461,-0.0006130989640951157,-0.11673445254564285,-0.004597284831106663,-0.03752150386571884,-0.12068864703178406,0.3979470133781433,-0.013474175706505775,-0.13915875554084778,0.7785276174545288,0.18904010951519012,0.1159629076719284,0.003046693978831172,0.038257475942373276,0.1216326653957367,0.424165815114975,0.006030447781085968,0.04494006559252739,0.8064953684806824,0.15263192355632782,0.014589421451091766,-0.24817967414855957,-0.036433398723602295,0.031754687428474426,-0.4833954870700836,-0.1341189593076706,0.032799914479255676,-0.4638655185699463,-0.2365049123764038,0.07190106064081192,-0.528603732585907,-0.30677342414855957,0.2001286745071411,-0.5004630088806152,-0.08754343539476395,0.2703203856945038,-0.2506936192512512,0.0261186845600605,0.1775503158569336,-0.16070303320884705,-0.16612301766872406,-0.15043827891349792,-0.49610480666160583,-0.15348809957504272,-0.2526906728744507,-0.2328808605670929,-0.0847783088684082,-0.0959397405385971,-0.1428062915802002,-0.24293695390224457,C:/Users/ASUS/Downloads/3D_Human_Pose_NCKH/phase5_external_generalization/data/external_raw/Le2i/Coffee_room_02/Videos/video (57).avi,-1,-1,External
404,0.00027388613671064377,-0.0005404474213719368,-0.0005801734514534473,-0.11446190625429153,-0.007138625718653202,-0.03648453205823898,-0.12345607578754425,0.3842335343360901,-0.021485600620508194,-0.1425197422504425,0.755484402179718,0.19967006146907806,0.11342044919729233,0.005540282465517521,0.03703916817903519,0.11442925035953522,0.4252341687679291,0.0018670279532670975,0.045093514025211334,0.8099696040153503,0.14314712584018707,0.017267651855945587,-0.24489256739616394,-0.03715766221284866,0.03763259947299957,-0.4798262417316437,-0.13486158847808838,0.036736804991960526,-0.4554366171360016,-0.2408170849084854,0.07510368525981903,-0.5224730372428894,-0.30526110529899597,0.20410972833633423,-0.49515482783317566,-0.09181041270494461,0.27366387844085693,-0.24424180388450623,0.02408527582883835,0.17860722541809082,-0.15965403616428375,-0.16429239511489868,-0.14279189705848694,-0.49488016963005066,-0.15438319742679596,-0.24438007175922394,-0.23618796467781067,-0.07994150370359421,-0.09329277276992798,-0.15046660602092743,-0.24151815474033356,C:/Users/ASUS/Downloads/3D_Human_Pose_NCKH/phase5_external_generalization/data/external_raw/Le2i/Coffee_room_02/Videos/video (57).avi,-1,-1,External
405,0.00013295747339725494,-0.0005221227183938026,-0.0005624024197459221,-0.11229218542575836,-0.008745444007217884,-0.0334109291434288,-0.12662430107593536,0.3682120442390442,-0.04897185042500496,-0.14529269933700562,0.72845858335495,0.19226588308811188,0.111113540828228,0.007256269454956055,0.03355269506573677,0.10664494335651398,0.4235704243183136,-0.00800073891878128,0.043015699833631516,0.8087323307991028,0.13338318467140198,0.020713020116090775,-0.24030649662017822,-0.03927718847990036,0.04432472586631775,-0.47511810064315796,-0.1371026337146759,0.040367092937231064,-0.44589653611183167,-0.24498696625232697,0.07872716337442398,-0.5156798362731934,-0.30047929286956787,0.20891067385673523,-0.4880264103412628,-0.09877195954322815,0.27660343050956726,-0.23700381815433502,0.016636408865451813,0.17853903770446777,-0.1606011688709259,-0.1691097915172577,-0.1343105584383011,-0.49203890562057495,-0.15629780292510986,-0.23552632331848145,-0.23850616812705994,-0.07672898471355438,-0.08876439929008484,-0.15740996599197388,-0.24263133108615875,C:/Users/ASUS/Downloads/3D_Human_Pose_NCKH/phase5_external_generalization/data/external_raw/Le2i/Coffee_room_02/Videos/video (57).avi,-1,-1,External
406,2.5879591703414917e-05,-0.0004850877448916435,-0.0006316602230072021,-0.1110490933060646,-0.010061775334179401,-0.029457220807671547,-0.13046327233314514,0.35461515188217163,-0.07776965200901031,-0.14920753240585327,0.7042552828788757,0.1774001568555832,0.10971388220787048,0.008705908432602882,0.029233481734991074,0.10019342601299286,0.4216344654560089,-0.01870822161436081,0.0406043715775013,0.8068252205848694,0.12466152757406235,0.024532228708267212,-0.2359001338481903,-0.04153895750641823,0.05190576985478401,-0.4710480570793152,-0.13948030769824982,0.04486586153507233,-0.4375656247138977,-0.24867646396160126,0.08334147185087204,-0.5103052854537964,-0.2946365773677826,0.214283749461174,-0.4799611568450928,-0.10560034215450287,0.2801334857940674,-0.2287549376487732,0.007160692475736141,0.17785735428333282,-0.1605217456817627,-0.17789658904075623,-0.1249437928199768,-0.4894794225692749,-0.15780723094940186,-0.22771213948726654,-0.24064123630523682,-0.07520700246095657,-0.08291847258806229,-0.16237419843673706,-0.24562598764896393,C:/Users/ASUS/Downloads/3D_Human_Pose_NCKH/phase5_external_generalization/data/external_raw/Le2i/Coffee_room_02/Videos/video (57).avi,-1,-1,External
407,-1.8030405044555664e-06,-0.000448714941740036,-0.0007174136117100716,-0.11073388159275055,-0.011682187207043171,-0.02496723271906376,-0.13580873608589172,0.34557533264160156,-0.09885125607252121,-0.15424984693527222,0.6869698166847229,0.16285185515880585,0.10934831947088242,0.010420543141663074,0.024544741958379745,0.09505390375852585,0.4212532937526703,-0.02771575376391411,0.037927281111478806,0.806713879108429,0.11827810853719711,0.028598036617040634,-0.23272709548473358,-0.043967489153146744,0.059415820986032486,-0.4683256149291992,-0.1420271247625351,0.049806147813797,-0.43244004249572754,-0.251495897769928,0.08842020481824875,-0.50724858045578,-0.2898959815502167,0.2200615108013153,-0.47243455052375793,-0.11197025328874588,0.2848255932331085,-0.22079026699066162,-0.002968546934425831,0.17726415395736694,-0.15998294949531555,-0.1885884404182434,-0.11608526110649109,-0.488630473613739,-0.1579413264989853,-0.22085729241371155,-0.2432636320590973,-0.07316064089536667,-0.07683109492063522,-0.16617843508720398,-0.24867279827594757,C:/Users/ASUS/Downloads/3D_Human_Pose_NCKH/phase5_external_generalization/data/external_raw/Le2i/Coffee_room_02/Videos/video (57).avi,-1,-1,External
408,3.559514880180359e-05,-0.00042631011456251144,-0.0007478017359972,-0.11145045608282089,-0.01352840755134821,-0.021134117618203163,-0.1426025629043579,0.34019139409065247,-0.11152823269367218,-0.16166040301322937,0.6764640212059021,0.15231552720069885,0.10999680310487747,0.012347161769866943,0.02053801156580448,0.09091044217348099,0.4225872755050659,-0.03376980125904083,0.03533082455396652,0.8081011176109314,0.11539062857627869,0.03227919712662697,-0.23027870059013367,-0.047753822058439255,0.06616666167974472,-0.4659908711910248,-0.14669732749462128,0.0552171990275383,-0.4294251501560211,-0.2554636001586914,0.09380356222391129,-0.5052556991577148,-0.28845474123954773,0.22582587599754333,-0.4655722677707672,-0.11971286684274673,0.2906707227230072,-0.2127462476491928,-0.015351363457739353,0.1757970154285431,-0.15829584002494812,-0.20225045084953308,-0.1085599809885025,-0.4886903464794159,-0.1600983589887619,-0.2160903364419937,-0.24652297794818878,-0.07192446291446686,-0.07182639092206955,-0.16954627633094788,-0.2505050599575043,C:/Users/ASUS/Downloads/3D_Human_Pose_NCKH/phase5_external_generalization/data/external_raw/Le2i/Coffee_room_02/Videos/video (57).avi,-1,-1,External
409,-1.2297183275222778e-05,-0.00036669056862592697,-0.000703747384250164,-0.11232539266347885,-0.015293669886887074,-0.018026186153292656,-0.1495378315448761,0.3385469317436218,-0.11852364242076874,-0.1701294481754303,0.6737284064292908,0.1434461921453476,0.11088277399539948,0.014298121444880962,0.01721014268696308,0.08691944926977158,0.42530903220176697,-0.03377212956547737,0.030998408794403076,0.8106089234352112,0.12294062972068787,0.03520916774868965,-0.22839799523353577,-0.051851045340299606,0.07133623212575912,-0.46410101652145386,-0.15152816474437714,0.06007949262857437,-0.4280947744846344,-0.259161114692688,0.09853997081518173,-0.5039559602737427,-0.28780487179756165,0.23041851818561554,-0.4598200023174286,-0.12727540731430054,0.29609355330467224,-0.20506951212882996,-0.027902428060770035,0.17518702149391174,-0.1554892510175705,-0.21799513697624207,-0.10255731642246246,-0.489492803812027,-0.16227909922599792,-0.21311165392398834,-0.24942806363105774,-0.07115745544433594,-0.06912550330162048,-0.1729852855205536,-0.2500319480895996,C:/Users/ASUS/Downloads/3D_Human_Pose_NCKH/phase5_external_generalization/data/external_raw/Le2i/Coffee_room_02/Videos/video (57).avi,-1,-1,External
410,-5.9886835515499115e-05,-0.00028661079704761505,-0.0006340437103062868,-0.11341523379087448,-0.01714477315545082,-0.015461679548025131,-0.1564207673072815,0.3391870856285095,-0.12281055748462677,-0.17932182550430298,0.6767000555992126,0.13376173377037048,0.11189785599708557,0.01628394052386284,0.014425549656152725,0.08333145081996918,0.428854376077652,-0.0297316275537014,0.02645612135529518,0.8136429190635681,0.13771091401576996,0.037608858197927475,-0.22729212045669556,-0.05534541606903076,0.07527390867471695,-0.4630158543586731,-0.15532992780208588,0.06486893445253372,-0.42843008041381836,-0.26137155294418335,0.10280490666627884,-0.5039201378822327,-0.28578993678092957,0.23421204090118408,-0.45493432879447937,-0.13424760103225708,0.3013369143009186,-0.1980391889810562,-0.04002242535352707,0.1744103729724884,-0.15134169161319733,-0.23495230078697205,-0.097853884100914,-0.4910077750682831,-0.1636597216129303,-0.21147151291370392,-0.25218474864959717,-0.07006346434354782,-0.0683608278632164,-0.17630723118782043,-0.24764204025268555,C:/Users/ASUS/Downloads/3D_Human_Pose_NCKH/phase5_external_generalization/data/external_raw/Le2i/Coffee_room_02/Videos/video (57).avi,-1,-1,External
411,-0.00010966509580612183,-0.00018382910639047623,-0.0005834915209561586,-0.1143089011311531,-0.018903538584709167,-0.013736085966229439,-0.16228370368480682,0.34157508611679077,-0.11954805254936218,-0.18962997198104858,0.6848359704017639,0.13035042583942413,0.11263017356395721,0.018228495493531227,0.012503297999501228,0.08040013909339905,0.4320109188556671,-0.02278280258178711,0.021767310798168182,0.8169944882392883,0.15255524218082428,0.039440155029296875,-0.22686131298542023,-0.057729803025722504,0.078472800552845,-0.463215172290802,-0.15692102909088135,0.0694909617304802,-0.43023425340652466,-0.2612922191619873,0.10642871260643005,-0.5050106644630432,-0.2815953195095062,0.23740154504776,-0.45137426257133484,-0.13890628516674042,0.3059364855289459,-0.19232244789600372,-0.049592263996601105,0.1744362860918045,-0.14704684913158417,-0.24861299991607666,-0.09387698769569397,-0.49340489506721497,-0.1632232367992401,-0.2111879289150238,-0.2552061378955841,-0.06790238618850708,-0.06961747258901596,-0.18003079295158386,-0.2428607940673828,C:/Users/ASUS/Downloads/3D_Human_Pose_NCKH/phase5_external_generalization/data/external_raw/Le2i/Coffee_room_02/Videos/video (57).avi,-1,-1,External
412,1.0319054126739502e-05,-0.00013525597751140594,-0.0005055321380496025,-0.11508601903915405,-0.020504437386989594,-0.011617405340075493,-0.1672104150056839,0.34507620334625244,-0.11590239405632019,-0.20014458894729614,0.6950069665908813,0.1287391036748886,0.11342889070510864,0.019664103165268898,0.010441232472658157,0.07767843455076218,0.43391427397727966,-0.022506404668092728,0.01774546131491661,0.8190228343009949,0.15463079512119293,0.041282299906015396,-0.2271459996700287,-0.05797700956463814,0.08161607384681702,-0.4648128151893616,-0.15469124913215637,0.07420521229505539,-0.4345053732395172,-0.25727733969688416,0.11055758595466614,-0.5086475014686584,-0.27284497022628784,0.24111244082450867,-0.4486808776855469,-0.13968512415885925,0.31101199984550476,-0.1892441362142563,-0.055264219641685486,0.17433291673660278,-0.1443730592727661,-0.2573491334915161,-0.09038318693637848,-0.49685290455818176,-0.15860000252723694,-0.2111743837594986,-0.2586002051830292,-0.06410597264766693,-0.07089953869581223,-0.1833733171224594,-0.2375626266002655,C:/Users/ASUS/Downloads/3D_Human_Pose_NCKH/phase5_external_generalization/data/external_raw/Le2i/Coffee_room_02/Videos/video (57).avi,-1,-1,External
413,5.036406219005585e-05,-7.374957203865051e-05,-0.0005508149042725563,-0.11537477374076843,-0.021428603678941727,-0.010881690308451653,-0.17063505947589874,0.35255181789398193,-0.0967433750629425,-0.21043145656585693,0.7117708921432495,0.14143213629722595,0.11365111172199249,0.020711859688162804,0.009817159734666348,0.07578783482313156,0.4357183873653412,-0.013593088835477829,0.01475392933934927,0.8230665326118469,0.15860070288181305,0.042835693806409836,-0.2279146909713745,-0.05585842579603195,0.08415602892637253,-0.4679117798805237,-0.14857380092144012,0.07766974717378616,-0.43998509645462036,-0.25020831823349,0.11327790468931198,-0.5129751563072205,-0.26274606585502625,0.24359972774982452,-0.44770678877830505,-0.13427826762199402,0.31360599398612976,-0.18820390105247498,-0.053920626640319824,0.17470423877239227,-0.14181886613368988,-0.2575652301311493,-0.08731630444526672,-0.501083254814148,-0.15115074813365936,-0.21252410113811493,-0.26147687435150146,-0.060131121426820755,-0.07288850843906403,-0.1856594979763031,-0.23255369067192078,C:/Users/ASUS/Downloads/3D_Human_Pose_NCKH/phase5_external_generalization/data/external_raw/Le2i/Coffee_room_02/Videos/video (57).avi,-1,-1,External
414,5.488283932209015e-05,6.43320381641388e-05,-0.0004792441613972187,-0.11561957001686096,-0.021285265684127808,-0.011017341166734695,-0.17256702482700348,0.36215776205062866,-0.06779443472623825,-0.21837443113327026,0.7342013716697693,0.15761829912662506,0.11386488378047943,0.02084319479763508,0.009933358058333397,0.07516831159591675,0.4365193545818329,0.003238668665289879,0.012842903845012188,0.826560378074646,0.16761666536331177,0.04455163702368736,-0.2288583666086197,-0.05262535810470581,0.0866294577717781,-0.4709199070930481,-0.1413455456495285,0.08063719421625137,-0.44547533988952637,-0.2425464540719986,0.11561676859855652,-0.5173277258872986,-0.25328558683395386,0.2461567223072052,-0.448470801115036,-0.12585236132144928,0.31452876329421997,-0.18906834721565247,-0.04829525202512741,0.17608267068862915,-0.1412976086139679,-0.25290095806121826,-0.08442285656929016,-0.5052506327629089,-0.1442408561706543,-0.21450762450695038,-0.2635800838470459,-0.05845155939459801,-0.07446540892124176,-0.1879037320613861,-0.23120267689228058,C:/Users/ASUS/Downloads/3D_Human_Pose_NCKH/phase5_external_generalization/data/external_raw/Le2i/Coffee_room_02/Videos/video (57).avi,-1,-1,External
415,6.015971302986145e-05,0.00017307233065366745,-0.0004569645971059799,-0.11582311242818832,-0.020589351654052734,-0.010607661679387093,-0.17304198443889618,0.37057268619537354,-0.04265636205673218,-0.22211703658103943,0.7559829354286194,0.16348148882389069,0.11401648074388504,0.020377855747938156,0.009546340443193913,0.07518022507429123,0.4355933964252472,0.015221619978547096,0.011629338376224041,0.8270602822303772,0.1722806841135025,0.046215303242206573,-0.22939568758010864,-0.04957452043890953,0.08906278014183044,-0.47321179509162903,-0.13434384763240814,0.08351525664329529,-0.45031502842903137,-0.23514659702777863,0.1180529072880745,-0.5213839411735535,-0.24323348701000214,0.2485615313053131,-0.4496593177318573,-0.11748356372117996,0.3155052661895752,-0.18996649980545044,-0.0428788959980011,0.17805969715118408,-0.1415000706911087,-0.24876172840595245,-0.08154429495334625,-0.5085074305534363,-0.1386794149875641,-0.21658539772033691,-0.26492804288864136,-0.05952266976237297,-0.07488001883029938,-0.18968141078948975,-0.23260855674743652,C:/Users/ASUS/Downloads/3D_Human_Pose_NCKH/phase5_external_generalization/data/external_raw/Le2i/Coffee_room_02/Videos/video (57).avi,-1,-1,External
416,9.051337838172913e-05,0.0002551078796386719,-0.00046218791976571083,-0.11580554395914078,-0.0192616805434227,-0.009569602087140083,-0.1716930866241455,0.37695756554603577,-0.026286862790584564,-0.2223336100578308,0.7748320698738098,0.15633578598499298,0.11398547142744064,0.019205978140234947,0.008571735583245754,0.07511493563652039,0.4332895278930664,0.021909894421696663,0.010872556827962399,0.8251892924308777,0.17380809783935547,0.0478982999920845,-0.22976571321487427,-0.047151997685432434,0.09161331504583359,-0.47449231147766113,-0.12845417857170105,0.08588317781686783,-0.45411887764930725,-0.22804278135299683,0.1201542392373085,-0.5244126319885254,-0.2328289896249771,0.2511013150215149,-0.45078715682029724,-0.11033960431814194,0.3162897229194641,-0.19019374251365662,-0.03847196698188782,0.17968057096004486,-0.1424541175365448,-0.24485117197036743,-0.07883085310459137,-0.5106913447380066,-0.13429482281208038,-0.21759603917598724,-0.2656228542327881,-0.06060580536723137,-0.07452615350484848,-0.1917746365070343,-0.23466721177101135,C:/Users/ASUS/Downloads/3D_Human_Pose_NCKH/phase5_external_generalization/data/external_raw/Le2i/Coffee_room_02/Videos/video (57).avi,-1,-1,External
417,5.456991493701935e-05,0.0003709234297275543,-0.0003676782362163067,-0.11561170220375061,-0.017527014017105103,-0.009074842557311058,-0.16853158175945282,0.3816604018211365,-0.014828130602836609,-0.21930676698684692,0.7891905903816223,0.1458112895488739,0.11366749554872513,0.017566386610269547,0.008015302009880543,0.07535194605588913,0.43024304509162903,0.028004730120301247,0.011502037756145,0.8220164179801941,0.177719384431839,0.048965662717819214,-0.2297688126564026,-0.04540841281414032,0.0934658870100975,-0.4747028350830078,-0.12413002550601959,0.08766163140535355,-0.45592033863067627,-0.22295959293842316,0.12103649228811264,-0.5252009034156799,-0.22456270456314087,0.25267308950424194,-0.4517420828342438,-0.10472290962934494,0.315930038690567,-0.18950673937797546,-0.03527330607175827,0.18081621825695038,-0.14378908276557922,-0.241669163107872,-0.07681156694889069,-0.5116475820541382,-0.13158781826496124,-0.21786031126976013,-0.26602935791015625,-0.06064280495047569,-0.07429081946611404,-0.19466577470302582,-0.23609687387943268,C:/Users/ASUS/Downloads/3D_Human_Pose_NCKH/phase5_external_generalization/data/external_raw/Le2i/Coffee_room_02/Videos/video (57).avi,-1,-1,External
418,2.8779730200767517e-05,0.00036865100264549255,-0.0004046582616865635,-0.1158095970749855,-0.015643063932657242,-0.008950283750891685,-0.16371548175811768,0.38477981090545654,-0.016615942120552063,-0.21369129419326782,0.7980859875679016,0.12702690064907074,0.11381492763757706,0.015718402341008186,0.007872827351093292,0.0751674547791481,0.42635786533355713,0.0240767989307642,0.011274966411292553,0.8165417313575745,0.17334403097629547,0.049669694155454636,-0.2299051284790039,-0.04381470009684563,0.09473549574613571,-0.4751547574996948,-0.11959047615528107,0.08872721344232559,-0.45820656418800354,-0.21735039353370667,0.12171045690774918,-0.5264481902122498,-0.21477414667606354,0.2541072368621826,-0.45303866267204285,-0.09950532019138336,0.3152655363082886,-0.18802683055400848,-0.034418363124132156,0.18203791975975037,-0.1456456184387207,-0.23959805071353912,-0.07558993995189667,-0.5124735832214355,-0.12892143428325653,-0.21788960695266724,-0.2662103474140167,-0.06070433929562569,-0.07387300580739975,-0.19688089191913605,-0.23686425387859344,C:/Users/ASUS/Downloads/3D_Human_Pose_NCKH/phase5_external_generalization/data/external_raw/Le2i/Coffee_room_02/Videos/video (57).avi,-1,-1,External
419,-1.0095536708831787e-05,0.0003447122871875763,-0.0005024769343435764,-0.11618643254041672,-0.013880961574614048,-0.009458625689148903,-0.1580343395471573,0.3870404362678528,-0.023992106318473816,-0.2061159312725067,0.8041624426841736,0.10539142042398453,0.11412669718265533,0.013931045308709145,0.008344767615199089,0.07462655752897263,0.4218765199184418,0.016127275303006172,0.0109968027099967,0.8101282715797424,0.16564412415027618,0.04999928921461105,-0.2303297519683838,-0.04267417639493942,0.09480205178260803,-0.47581350803375244,-0.11575786024332047,0.08865213394165039,-0.4608364403247833,-0.2120221108198166,0.12133867293596268,-0.5279825329780579,-0.2054743617773056,0.25470808148384094,-0.45501813292503357,-0.09518638253211975,0.31410232186317444,-0.18681932985782623,-0.03533609211444855,0.18322141468524933,-0.1482345312833786,-0.23814304172992706,-0.07584409415721893,-0.5134957432746887,-0.12702107429504395,-0.2182801216840744,-0.2665706276893616,-0.061537910252809525,-0.07432550191879272,-0.19866937398910522,-0.23860226571559906,C:/Users/ASUS/Downloads/3D_Human_Pose_NCKH/phase5_external_generalization/data/external_raw/Le2i/Coffee_room_02/Videos/video (57).avi,-1,-1,External
420,-2.693384885787964e-05,0.000339713878929615,-0.0005284338258206844,-0.1166398748755455,-0.01224494818598032,-0.010828457772731781,-0.1523391157388687,0.38939613103866577,-0.03073565661907196,-0.19842585921287537,0.8088605999946594,0.08728402107954025,0.1145285815000534,0.012154488824307919,0.00966758094727993,0.07473013550043106,0.41778621077537537,0.009546440094709396,0.011562495492398739,0.8045975565910339,0.15930625796318054,0.04982243850827217,-0.23139752447605133,-0.04195353761315346,0.09346318989992142,-0.47661080956459045,-0.11356216669082642,0.08766747266054153,-0.4634145498275757,-0.2079782783985138,0.11950309574604034,-0.529312789440155,-0.20003485679626465,0.25423845648765564,-0.4578356444835663,-0.09223189204931259,0.3121729791164398,-0.18640382587909698,-0.036717914044857025,0.18313346803188324,-0.1509712040424347,-0.2358725666999817,-0.07769984006881714,-0.5146249532699585,-0.12668476998806,-0.21920117735862732,-0.26642411947250366,-0.06266118586063385,-0.0758550614118576,-0.20063579082489014,-0.240485280752182,C:/Users/ASUS/Downloads/3D_Human_Pose_NCKH/phase5_external_generalization/data/external_raw/Le2i/Coffee_room_02/Videos/video (57).avi,-1,-1,External
421,-3.648828715085983e-05,0.0003248695284128189,-0.0005436195060610771,-0.11701375991106033,-0.010672693140804768,-0.013008249923586845,-0.1465688794851303,0.3921329379081726,-0.034647732973098755,-0.19027888774871826,0.8129500150680542,0.0746876448392868,0.11486564576625824,0.010449786670506,0.011820534244179726,0.07594060897827148,0.4144946038722992,0.006513826549053192,0.012638132087886333,0.8006095290184021,0.15571947395801544,0.04902828857302666,-0.23317191004753113,-0.04159644991159439,0.0909753143787384,-0.4776737689971924,-0.11287278681993484,0.08581772446632385,-0.4660221040248871,-0.20551259815692902,0.11657996475696564,-0.5305802226066589,-0.19893598556518555,0.25273215770721436,-0.46150001883506775,-0.0903671383857727,0.30970656871795654,-0.18715694546699524,-0.03812220320105553,0.18256551027297974,-0.15388819575309753,-0.23292846977710724,-0.0809343159198761,-0.5159358978271484,-0.12783557176589966,-0.22051991522312164,-0.2660730481147766,-0.06435275077819824,-0.07757759839296341,-0.20216712355613708,-0.2423786073923111,C:/Users/ASUS/Downloads/3D_Human_Pose_NCKH/phase5_external_generalization/data/external_raw/Le2i/Coffee_room_02/Videos/video (57).avi,-1,-1,External
422,-7.369183003902435e-05,0.0003318618983030319,-0.0005221539177000523,-0.11750289052724838,-0.00911391619592905,-0.015808263793587685,-0.14144493639469147,0.3956507742404938,-0.03500326722860336,-0.18207260966300964,0.8173381686210632,0.06847754865884781,0.1153319776058197,0.008850868791341782,0.014573710039258003,0.07842733711004257,0.41272541880607605,0.008107919245958328,0.014785666950047016,0.798695981502533,0.156486377120018,0.047614023089408875,-0.2355099469423294,-0.04196487367153168,0.08768967539072037,-0.4788050055503845,-0.11474792659282684,0.0834885686635971,-0.46832358837127686,-0.20565493404865265,0.11303875595331192,-0.5316447615623474,-0.20270942151546478,0.25052905082702637,-0.46563300490379333,-0.09052059054374695,0.3074416220188141,-0.18856936693191528,-0.03961517661809921,0.18176911771297455,-0.15738722681999207,-0.23033151030540466,-0.08527813851833344,-0.5168883800506592,-0.13110710680484772,-0.22263997793197632,-0.2655215859413147,-0.0666302740573883,-0.07976731657981873,-0.2033003568649292,-0.24433633685112,C:/Users/ASUS/Downloads/3D_Human_Pose_NCKH/phase5_external_generalization/data/external_raw/Le2i/Coffee_room_02/Videos/video (57).avi,-1,-1,External
423,-9.027216583490372e-05,0.00033341720700263977,-0.0005259551107883453,-0.1179593876004219,-0.0075236232951283455,-0.01856829598546028,-0.1365380734205246,0.3996591567993164,-0.03244127333164215,-0.17336678504943848,0.8218252062797546,0.06726939976215363,0.11581054329872131,0.007259861566126347,0.017299966886639595,0.08188853412866592,0.4118676483631134,0.012844439595937729,0.017802689224481583,0.7973417639732361,0.16028425097465515,0.04595712199807167,-0.23817990720272064,-0.042498476803302765,0.08345950394868851,-0.48003941774368286,-0.11772667616605759,0.08040345460176468,-0.4707762598991394,-0.20663510262966156,0.10879849642515182,-0.5329644680023193,-0.20824630558490753,0.2475300282239914,-0.4702434837818146,-0.09173313528299332,0.3051452934741974,-0.19120779633522034,-0.04161887988448143,0.1810123771429062,-0.1611466407775879,-0.22838707268238068,-0.09059768915176392,-0.5176176428794861,-0.13503164052963257,-0.2253052145242691,-0.26425838470458984,-0.06910105049610138,-0.08202889561653137,-0.2034267634153366,-0.24629443883895874,C:/Users/ASUS/Downloads/3D_Human_Pose_NCKH/phase5_external_generalization/data/external_raw/Le2i/Coffee_room_02/Videos/video (57).avi,-1,-1,External
424,-0.00015083514153957367,0.00034997984766960144,-0.000532972626388073,-0.11833135038614273,-0.005818457342684269,-0.02135712094604969,-0.13218098878860474,0.403809130191803,-0.025883175432682037,-0.16402357816696167,0.8262534737586975,0.07265925407409668,0.11622194945812225,0.005637351423501968,0.020070184022188187,0.08646144717931747,0.4118724465370178,0.021308602765202522,0.022278230637311935,0.796349823474884,0.16804882884025574,0.044079430401325226,-0.24063053727149963,-0.043139442801475525,0.07829923182725906,-0.48136526346206665,-0.12119422852993011,0.07666872441768646,-0.47286558151245117,-0.20857687294483185,0.10408354550600052,-0.5340892672538757,-0.21557345986366272,0.24354985356330872,-0.4752212464809418,-0.09326810389757156,0.302921861410141,-0.19555820524692535,-0.04297471418976784,0.18028190732002258,-0.16522955894470215,-0.2267010658979416,-0.09662412106990814,-0.5176988840103149,-0.13939045369625092,-0.22840553522109985,-0.26238611340522766,-0.07228122651576996,-0.08407679200172424,-0.20285888016223907,-0.24855901300907135,C:/Users/ASUS/Downloads/3D_Human_Pose_NCKH/phase5_external_generalization/data/external_raw/Le2i/Coffee_room_02/Videos/video (57).avi,-1,-1,External
425,-0.00018125027418136597,0.0003435574471950531,-0.0005863020196557045,-0.1187213882803917,-0.0039780111983418465,-0.023700589314103127,-0.12873104214668274,0.40802136063575745,-0.01936747133731842,-0.1552969515323639,0.8305571675300598,0.0803304985165596,0.11675076186656952,0.003891081316396594,0.02246624231338501,0.09134423732757568,0.4123462736606598,0.028345473110675812,0.027488097548484802,0.7954879403114319,0.17536748945713043,0.04192284494638443,-0.24316850304603577,-0.04346246272325516,0.07244972139596939,-0.4828917980194092,-0.12450223416090012,0.0720389112830162,-0.4752291440963745,-0.21006302535533905,0.09891156852245331,-0.5355966091156006,-0.22333426773548126,0.2388547658920288,-0.4800899922847748,-0.09470736980438232,0.30043551325798035,-0.2007482945919037,-0.04367049038410187,0.179364874958992,-0.16855743527412415,-0.22458745539188385,-0.10328294336795807,-0.5171813368797302,-0.14305950701236725,-0.2322157919406891,-0.2597258388996124,-0.07525518536567688,-0.08641856908798218,-0.20185351371765137,-0.25010359287261963,C:/Users/ASUS/Downloads/3D_Human_Pose_NCKH/phase5_external_generalization/data/external_raw/Le2i/Coffee_room_02/Videos/video (57).avi,-1,-1,External
426,-0.00017989054322242737,0.00029096193611621857,-0.0006491108797490597,-0.11885187774896622,-0.002120141638442874,-0.025689678266644478,-0.12558859586715698,0.4109041690826416,-0.014273632317781448,-0.1458245813846588,0.8331719040870667,0.08958671241998672,0.11702349781990051,0.0020910545717924833,0.024519018828868866,0.09629004448652267,0.4120383858680725,0.031905218958854675,0.03307522460818291,0.7930038571357727,0.18131132423877716,0.03932969272136688,-0.24488407373428345,-0.04360521584749222,0.06590840965509415,-0.4836185574531555,-0.12809352576732635,0.06672131270170212,-0.47647589445114136,-0.21169675886631012,0.09336018562316895,-0.5363360047340393,-0.22950825095176697,0.23343518376350403,-0.4843599498271942,-0.09641849994659424,0.2973525822162628,-0.20615677535533905,-0.0448128841817379,0.17837461829185486,-0.17119157314300537,-0.22346583008766174,-0.11026102304458618,-0.5151001811027527,-0.14731480181217194,-0.23590156435966492,-0.25595417618751526,-0.07888351380825043,-0.08875122666358948,-0.19922514259815216,-0.25274142622947693,C:/Users/ASUS/Downloads/3D_Human_Pose_NCKH/phase5_external_generalization/data/external_raw/Le2i/Coffee_room_02/Videos/video (57).avi,-1,-1,External
427,-0.00024425145238637924,0.0002526054158806801,-0.0006761881522834301,-0.11875734478235245,-0.0001311346422880888,-0.02739367075264454,-0.12281729280948639,0.412820041179657,-0.00843166932463646,-0.13712450861930847,0.8341474533081055,0.10194443166255951,0.11697320640087128,0.000300087733194232,0.026217956095933914,0.10102356970310211,0.4109615981578827,0.03363305330276489,0.03860858455300331,0.7890998125076294,0.18655253946781158,0.03633582219481468,-0.2457166612148285,-0.04373203590512276,0.05888734385371208,-0.4840119779109955,-0.13076645135879517,0.060803793370723724,-0.4770317077636719,-0.21291087567806244,0.08738025277853012,-0.5362257361412048,-0.23435835540294647,0.22718185186386108,-0.48819196224212646,-0.09735352545976639,0.2933991253376007,-0.2119646966457367,-0.04571518674492836,0.17797020077705383,-0.1738460659980774,-0.22350257635116577,-0.11720359325408936,-0.5120729207992554,-0.15136057138442993,-0.23952241241931915,-0.25172072649002075,-0.08322733640670776,-0.09149684756994247,-0.19631262123584747,-0.25579705834388733,C:/Users/ASUS/Downloads/3D_Human_Pose_NCKH/phase5_external_generalization/data/external_raw/Le2i/Coffee_room_02/Videos/video (57).avi,-1,-1,External
428,-0.0003165779635310173,0.00020802393555641174,-0.0006547123193740845,-0.11845917254686356,0.0013971768785268068,-0.028661588206887245,-0.12048466503620148,0.4137542247772217,-0.0027107466012239456,-0.12989062070846558,0.8338255882263184,0.11310332268476486,0.11664149165153503,-0.001021933974698186,0.027511976659297943,0.10494086146354675,0.4098754823207855,0.03572707995772362,0.0431968979537487,0.7854770421981812,0.1913018375635147,0.03341961279511452,-0.2457202672958374,-0.043924730271101,0.05205542966723442,-0.48427122831344604,-0.1321963220834732,0.05507000535726547,-0.4774036407470703,-0.21305899322032928,0.08186931908130646,-0.5359823703765869,-0.23694249987602234,0.22089225053787231,-0.4913293123245239,-0.09756477177143097,0.2898379862308502,-0.21773836016654968,-0.045258402824401855,0.1780225932598114,-0.17680901288986206,-0.22405187785625458,-0.1234910786151886,-0.5089998841285706,-0.15429456532001495,-0.24292321503162384,-0.2476324886083603,-0.08781386911869049,-0.0939914807677269,-0.19398227334022522,-0.25901737809181213,C:/Users/ASUS/Downloads/3D_Human_Pose_NCKH/phase5_external_generalization/data/external_raw/Le2i/Coffee_room_02/Videos/video (57).avi,-1,-1,External
429,-0.00029249023646116257,0.0001389775425195694,-0.0006675359327346087,-0.11810041218996048,0.0023420334327965975,-0.02908412180840969,-0.11824701726436615,0.41428738832473755,0.0005354024469852448,-0.12352056056261063,0.8331975340843201,0.11949456483125687,0.11635254323482513,-0.001960593508556485,0.02809010073542595,0.10832354426383972,0.40892645716667175,0.03499613329768181,0.04750652611255646,0.7827790379524231,0.19193464517593384,0.03075428307056427,-0.24544933438301086,-0.044216785579919815,0.04574863240122795,-0.48449668288230896,-0.1329929083585739,0.04955838620662689,-0.4780239164829254,-0.21228045225143433,0.07677575200796127,-0.5362183451652527,-0.23742635548114777,0.21500098705291748,-0.493679016828537,-0.09812332689762115,0.28655317425727844,-0.22322632372379303,-0.045751214027404785,0.17809605598449707,-0.1794135868549347,-0.22600528597831726,-0.12931624054908752,-0.5060319304466248,-0.15593354403972626,-0.24550604820251465,-0.24261102080345154,-0.09185172617435455,-0.09575439244508743,-0.1911165714263916,-0.2621309459209442,C:/Users/ASUS/Downloads/3D_Human_Pose_NCKH/phase5_external_generalization/data/external_raw/Le2i/Coffee_room_02/Videos/video (57).avi,-1,-1,External
430,-0.00026092957705259323,0.0001011379063129425,-0.0007046065293252468,-0.11792583018541336,0.0028532028663903475,-0.028817052021622658,-0.11616890132427216,0.41450679302215576,0.0025946516543626785,-0.11740895360708237,0.8319905400276184,0.12373558431863785,0.11622752249240875,-0.0025131229776889086,0.028024058789014816,0.11129787564277649,0.4079999625682831,0.0332568883895874,0.05121367797255516,0.781363308429718,0.19049552083015442,0.02819741517305374,-0.24471598863601685,-0.04477348178625107,0.03998462110757828,-0.4845576584339142,-0.13335280120372772,0.044371504336595535,-0.47863173484802246,-0.21139690279960632,0.07203958183526993,-0.5367271304130554,-0.23667223751544952,0.2097039520740509,-0.49540042877197266,-0.09928804636001587,0.2836775481700897,-0.22799533605575562,-0.04677236080169678,0.17802682518959045,-0.18129509687423706,-0.2291468232870102,-0.1347905695438385,-0.503359317779541,-0.1566140055656433,-0.2482420653104782,-0.2378295212984085,-0.09572847932577133,-0.09824088215827942,-0.18772229552268982,-0.26543834805488586,C:/Users/ASUS/Downloads/3D_Human_Pose_NCKH/phase5_external_generalization/data/external_raw/Le2i/Coffee_room_02/Videos/video (57).avi,-1,-1,External
431,-0.0003031175583600998,0.00011565163731575012,-0.000652470625936985,-0.11785802990198135,0.003156244056299329,-0.028252920135855675,-0.11447753012180328,0.41481202840805054,0.00373009592294693,-0.11174534261226654,0.8302534818649292,0.128106951713562,0.11614926159381866,-0.002687053056433797,0.027590300887823105,0.11391439288854599,0.4079398214817047,0.03300929814577103,0.0541132390499115,0.7814583778381348,0.18942594528198242,0.02601834386587143,-0.24348673224449158,-0.045663367956876755,0.0345308817923069,-0.48444312810897827,-0.1336829513311386,0.03948481008410454,-0.478903204202652,-0.21115992963314056,0.06751971691846848,-0.5366928577423096,-0.23632271587848663,0.20488238334655762,-0.4969082176685333,-0.10111618787050247,0.28139641880989075,-0.23283283412456512,-0.047194089740514755,0.1778828203678131,-0.18368585407733917,-0.23223371803760529,-0.1397743970155716,-0.501069962978363,-0.15678417682647705,-0.2508369982242584,-0.23351570963859558,-0.10009218752384186,-0.09996932744979858,-0.18498283624649048,-0.26919904351234436,C:/Users/ASUS/Downloads/3D_Human_Pose_NCKH/phase5_external_generalization/data/external_raw/Le2i/Coffee_room_02/Videos/video (57).avi,-1,-1,External
432,-0.0002907039597630501,0.00011537037789821625,-0.0006555595900863409,-0.11784838885068893,0.0032665871549397707,-0.027544694021344185,-0.11312705278396606,0.41478675603866577,0.0018225479871034622,-0.10696234554052353,0.8283262848854065,0.12987768650054932,0.11624355614185333,-0.002757427515462041,0.0270686037838459,0.11595547944307327,0.4078051745891571,0.02867572009563446,0.055813856422901154,0.7816454172134399,0.18459147214889526,0.02388424053788185,-0.242510586977005,-0.046768225729465485,0.0294966958463192,-0.484140545129776,-0.13468867540359497,0.03460024297237396,-0.47904402017593384,-0.21136312186717987,0.06300230324268341,-0.5366675853729248,-0.2358679324388504,0.20047271251678467,-0.4978046417236328,-0.10387013107538223,0.2789183557033539,-0.23680713772773743,-0.04871535301208496,0.1778513491153717,-0.18509770929813385,-0.23599019646644592,-0.14455841481685638,-0.4983644187450409,-0.15724770724773407,-0.2530256509780884,-0.22881576418876648,-0.10419701784849167,-0.10138924419879913,-0.18137037754058838,-0.27286097407341003,C:/Users/ASUS/Downloads/3D_Human_Pose_NCKH/phase5_external_generalization/data/external_raw/Le2i/Coffee_room_02/Videos/video (57).avi,-1,-1,External
433,-0.00030014943331480026,0.00011648237705230713,-0.0006123529747128487,-0.11765486747026443,0.0034494430292397738,-0.02758105657994747,-0.11231793463230133,0.41444826126098633,0.004229936748743057,-0.1032646968960762,0.8263083100318909,0.13572032749652863,0.1160617470741272,-0.002904144348576665,0.027176328003406525,0.11739613115787506,0.40781369805336,0.028753604739904404,0.055409595370292664,0.7823513150215149,0.1836598515510559,0.02196190319955349,-0.24109691381454468,-0.047759562730789185,0.025190241634845734,-0.4832632541656494,-0.13580362498760223,0.030409380793571472,-0.47803086042404175,-0.21221910417079926,0.05901645869016647,-0.5352343916893005,-0.23588474094867706,0.1962914764881134,-0.4978964626789093,-0.10595796257257462,0.27639099955558777,-0.24021980166435242,-0.04803925007581711,0.17809414863586426,-0.1863057017326355,-0.23818011581897736,-0.14810624718666077,-0.49524053931236267,-0.15847691893577576,-0.2542582154273987,-0.22485682368278503,-0.10806359350681305,-0.10207340121269226,-0.17863723635673523,-0.2760489881038666,C:/Users/ASUS/Downloads/3D_Human_Pose_NCKH/phase5_external_generalization/data/external_raw/Le2i/Coffee_room_02/Videos/video (57).avi,-1,-1,External
434,-0.0003507109358906746,0.00013917312026023865,-0.0005312683060765266,-0.11746145039796829,0.003759387182071805,-0.027927396818995476,-0.11174662411212921,0.4140337109565735,0.005867908708751202,-0.1001143753528595,0.82444167137146,0.14053454995155334,0.11584241688251495,-0.003070821287110448,0.02751525118947029,0.11777111142873764,0.4079493284225464,0.029070917516946793,0.053274966776371,0.783402144908905,0.18210609257221222,0.020404793322086334,-0.23989912867546082,-0.048595648258924484,0.021611373871564865,-0.48224398493766785,-0.13712193071842194,0.026789024472236633,-0.4768501818180084,-0.21349194645881653,0.05559743568301201,-0.5332887768745422,-0.23611299693584442,0.19278061389923096,-0.4979836940765381,-0.10803527384996414,0.27402183413505554,-0.24305933713912964,-0.04697876423597336,0.17829009890556335,-0.1870308220386505,-0.23930573463439941,-0.15092799067497253,-0.49241557717323303,-0.16009590029716492,-0.25498759746551514,-0.2214990258216858,-0.11142174154520035,-0.10239618271589279,-0.17578428983688354,-0.27880051732063293,C:/Users/ASUS/Downloads/3D_Human_Pose_NCKH/phase5_external_generalization/data/external_raw/Le2i/Coffee_room_02/Videos/video (57).avi,-1,-1,External
435,-0.00031057652086019516,0.00012166611850261688,-0.0005159699358046055,-0.11726561933755875,0.003936438821256161,-0.02812979929149151,-0.11131656169891357,0.41332751512527466,0.005113220773637295,-0.09735823422670364,0.8229897618293762,0.142136350274086,0.11567141115665436,-0.0032550294417887926,0.02775954082608223,0.11696332693099976,0.4081122875213623,0.027093863114714622,0.0502333790063858,0.7854999303817749,0.17737062275409698,0.019194303080439568,-0.23914912343025208,-0.049111634492874146,0.018892409279942513,-0.4811159670352936,-0.13882039487361908,0.0238356813788414,-0.47543615102767944,-0.21508553624153137,0.052725329995155334,-0.5313173532485962,-0.23694011569023132,0.19003485143184662,-0.4976995289325714,-0.11007580161094666,0.27203547954559326,-0.2450415939092636,-0.04601243510842323,0.17806167900562286,-0.18713659048080444,-0.23950856924057007,-0.15314984321594238,-0.48998862504959106,-0.16181738674640656,-0.25521141290664673,-0.21870815753936768,-0.11364340782165527,-0.10243374854326248,-0.1730489730834961,-0.2803718149662018,C:/Users/ASUS/Downloads/3D_Human_Pose_NCKH/phase5_external_generalization/data/external_raw/Le2i/Coffee_room_02/Videos/video (57).avi,-1,-1,External
436,-0.0002218056470155716,6.413925439119339e-05,-0.0005060310941189528,-0.11694591492414474,0.0038888074923306704,-0.028510430827736855,-0.11130665987730026,0.4122447371482849,0.004393626004457474,-0.09529382735490799,0.8214520215988159,0.14370982348918915,0.11536295711994171,-0.0033593710977584124,0.028253864496946335,0.11522535234689713,0.4085439145565033,0.026611916720867157,0.04621267318725586,0.7884707450866699,0.17361664772033691,0.018402472138404846,-0.2384956181049347,-0.04928566515445709,0.016974015161395073,-0.47985732555389404,-0.14064934849739075,0.021637514233589172,-0.47355183959007263,-0.21693561971187592,0.05070098489522934,-0.529059648513794,-0.2389037162065506,0.18784357607364655,-0.4972003996372223,-0.11182824522256851,0.27080705761909485,-0.24685166776180267,-0.04404272884130478,0.17754748463630676,-0.18725831806659698,-0.23811236023902893,-0.15455682575702667,-0.48804059624671936,-0.16370004415512085,-0.25484132766723633,-0.2169536054134369,-0.11483846604824066,-0.10175101459026337,-0.17095747590065002,-0.28079861402511597,C:/Users/ASUS/Downloads/3D_Human_Pose_NCKH/phase5_external_generalization/data/external_raw/Le2i/Coffee_room_02/Videos/video (57).avi,-1,-1,External
437,-0.0001241043210029602,-2.7846544981002808e-06,-0.0005285297520458698,-0.11665575951337814,0.003709997283294797,-0.02877694182097912,-0.11138162016868591,0.4110333323478699,0.0031637009233236313,-0.09412161260843277,0.8199387192726135,0.1451905071735382,0.11511819064617157,-0.0034034003037959337,0.028630439192056656,0.112237349152565,0.4089425504207611,0.0250079408288002,0.04109451174736023,0.7914502620697021,0.16899283230304718,0.017865803092718124,-0.23800113797187805,-0.048989031463861465,0.015530586242675781,-0.47858187556266785,-0.14231111109256744,0.019675947725772858,-0.4715936779975891,-0.21861453354358673,0.049043796956539154,-0.5265540480613708,-0.24008095264434814,0.18613499402999878,-0.49685803055763245,-0.11347690969705582,0.2697012722492218,-0.24832825362682343,-0.04236578941345215,0.17638838291168213,-0.18744757771492004,-0.2357988804578781,-0.15557023882865906,-0.4866197407245636,-0.16547930240631104,-0.2541036009788513,-0.21599453687667847,-0.11479504406452179,-0.10090938210487366,-0.1694926619529724,-0.27984967827796936,C:/Users/ASUS/Downloads/3D_Human_Pose_NCKH/phase5_external_generalization/data/external_raw/Le2i/Coffee_room_02/Videos/video (57).avi,-1,-1,External
438,-9.838584810495377e-05,-2.596527338027954e-05,-0.0005179729778319597,-0.1164378896355629,0.003549467073753476,-0.029128974303603172,-0.11148454248905182,0.40973976254463196,0.0009049903601408005,-0.09380947798490524,0.8180513978004456,0.1462596207857132,0.1149134486913681,-0.0033706047106534243,0.02906743809580803,0.10825780779123306,0.4092607796192169,0.023418210446834564,0.03546584025025368,0.7941867709159851,0.16459675133228302,0.017665337771177292,-0.23747040331363678,-0.048304326832294464,0.01477767899632454,-0.47742289304733276,-0.14344662427902222,0.018304942175745964,-0.4698970913887024,-0.21992768347263336,0.04802389815449715,-0.5240161418914795,-0.24053002893924713,0.1851462423801422,-0.4968646466732025,-0.11448584496974945,0.2689441740512848,-0.24976474046707153,-0.0404261015355587,0.17497509717941284,-0.1877269148826599,-0.23238149285316467,-0.15609559416770935,-0.4858221709728241,-0.16719959676265717,-0.2534971237182617,-0.21572664380073547,-0.1145428791642189,-0.09956399351358414,-0.16873787343502045,-0.27778223156929016,C:/Users/ASUS/Downloads/3D_Human_Pose_NCKH/phase5_external_generalization/data/external_raw/Le2i/Coffee_room_02/Videos/video (57).avi,-1,-1,External
439,-6.30384311079979e-05,-4.98257577419281e-05,-0.0005412090104073286,-0.1162516251206398,0.0033856735099107027,-0.029526816681027412,-0.11175520718097687,0.4083962142467499,-0.0026253415271639824,-0.09449142962694168,0.8160150647163391,0.14660173654556274,0.11475200951099396,-0.0033231836277991533,0.029551099985837936,0.10365654528141022,0.409344345331192,0.02032318338751793,0.02965465933084488,0.7968563437461853,0.15864558517932892,0.01771148294210434,-0.23713891208171844,-0.047341421246528625,0.014674030244350433,-0.47663614153862,-0.1439182460308075,0.01730172708630562,-0.46891987323760986,-0.22042661905288696,0.04780956730246544,-0.5222688317298889,-0.23952873051166534,0.18494361639022827,-0.49723634123802185,-0.11482525616884232,0.26875847578048706,-0.25114428997039795,-0.03854816406965256,0.1736980527639389,-0.1882159411907196,-0.22863751649856567,-0.15637743473052979,-0.4856991767883301,-0.16855557262897491,-0.2528993487358093,-0.21609246730804443,-0.11428320407867432,-0.09800629317760468,-0.16848137974739075,-0.2748008370399475,C:/Users/ASUS/Downloads/3D_Human_Pose_NCKH/phase5_external_generalization/data/external_raw/Le2i/Coffee_room_02/Videos/video (57).avi,-1,-1,External
440,-6.923545151948929e-05,-5.3019262850284576e-05,-0.0005368664860725403,-0.11593910306692123,0.0033001184929162264,-0.030451500788331032,-0.11208714544773102,0.4066837430000305,-0.0048606060445308685,-0.096218042075634,0.8135860562324524,0.14890353381633759,0.1144389808177948,-0.0032654658425599337,0.03049061819911003,0.09915081411600113,0.4089338481426239,0.01970674656331539,0.02341267466545105,0.798762321472168,0.15486185252666473,0.01799585483968258,-0.23675954341888428,-0.045931823551654816,0.015081547200679779,-0.4760746359825134,-0.1434154361486435,0.016863223165273666,-0.4680880308151245,-0.2202848643064499,0.04848138988018036,-0.5204394459724426,-0.23829849064350128,0.18528811633586884,-0.4980429410934448,-0.11384626477956772,0.2688278555870056,-0.25281405448913574,-0.03554178401827812,0.17331309616565704,-0.18865418434143066,-0.22309096157550812,-0.15617713332176208,-0.48580822348594666,-0.16956719756126404,-0.25222837924957275,-0.2165887951850891,-0.11445780098438263,-0.09598113596439362,-0.1681242138147354,-0.2710910439491272,C:/Users/ASUS/Downloads/3D_Human_Pose_NCKH/phase5_external_generalization/data/external_raw/Le2i/Coffee_room_02/Videos/video (57).avi,-1,-1,External
441,-6.144121289253235e-05,-6.551668047904968e-05,-0.0005426474381238222,-0.11543747037649155,0.003058037953451276,-0.031329020857810974,-0.11203174293041229,0.4044184684753418,-0.007057392969727516,-0.09833763539791107,0.8105438947677612,0.15070973336696625,0.11394128948450089,-0.0031266093719750643,0.031400732696056366,0.09485940635204315,0.40785619616508484,0.01810333877801895,0.017863057553768158,0.7994067072868347,0.1509326994419098,0.01861603371798992,-0.2362908124923706,-0.044435810297727585,0.016082927584648132,-0.4756483733654022,-0.14218206703662872,0.017039718106389046,-0.46744024753570557,-0.21947355568408966,0.050199974328279495,-0.518605649471283,-0.23603694140911102,0.1861364096403122,-0.4989631175994873,-0.11222648620605469,0.2690332233905792,-0.2543778121471405,-0.03256097435951233,0.1735791712999344,-0.18941497802734375,-0.21766792237758636,-0.15536251664161682,-0.4860694110393524,-0.17014813423156738,-0.25110477209091187,-0.21747268736362457,-0.11482448875904083,-0.09360786527395248,-0.16858556866645813,-0.26704108715057373,C:/Users/ASUS/Downloads/3D_Human_Pose_NCKH/phase5_external_generalization/data/external_raw/Le2i/Coffee_room_02/Videos/video (57).avi,-1,-1,External
442,-2.7837231755256653e-05,-9.793788194656372e-05,-0.0005567790940403938,-0.11508669704198837,0.002487561898306012,-0.031680889427661896,-0.11178194731473923,0.40203824639320374,-0.009597208350896835,-0.10145985335111618,0.8077385425567627,0.15144596993923187,0.11359594762325287,-0.002675545634701848,0.031751710921525955,0.09082077443599701,0.40704289078712463,0.011673863977193832,0.012584366835653782,0.7993005514144897,0.1424555629491806,0.019670754671096802,-0.23576340079307556,-0.043046414852142334,0.01752670295536518,-0.4753269851207733,-0.1403154879808426,0.01786899007856846,-0.4672640264034271,-0.2179594784975052,0.05278945714235306,-0.5174004435539246,-0.23299339413642883,0.18752336502075195,-0.4998268485069275,-0.11050474643707275,0.27003276348114014,-0.2559596598148346,-0.02959168702363968,0.17481738328933716,-0.19095267355442047,-0.21229827404022217,-0.15401698648929596,-0.48664095997810364,-0.16992533206939697,-0.2494671791791916,-0.21879717707633972,-0.11509796977043152,-0.0909101739525795,-0.16978485882282257,-0.2619721293449402,C:/Users/ASUS/Downloads/3D_Human_Pose_NCKH/phase5_external_generalization/data/external_raw/Le2i/Coffee_room_02/Videos/video (57).avi,-1,-1,External
443,1.369323581457138e-05,-0.00014363043010234833,-0.0005743568763136864,-0.11487598717212677,0.0016108446288853884,-0.03177116811275482,-0.11164142936468124,0.399807870388031,-0.009312037378549576,-0.10623379796743393,0.805743396282196,0.15470385551452637,0.11336340755224228,-0.001869007246568799,0.031824905425310135,0.08729885518550873,0.40734246373176575,0.0018455255776643753,0.0075168302282691,0.7994880676269531,0.12889410555362701,0.021067731082439423,-0.23486760258674622,-0.041999079287052155,0.01939256116747856,-0.47435030341148376,-0.13901202380657196,0.019520314410328865,-0.4667123556137085,-0.21745960414409637,0.056146129965782166,-0.5157556533813477,-0.2311524897813797,0.18932808935642242,-0.5002052783966064,-0.1094033494591713,0.27198365330696106,-0.25782114267349243,-0.02690286934375763,0.17718848586082458,-0.19299469888210297,-0.20694926381111145,-0.15199165046215057,-0.48703986406326294,-0.17017744481563568,-0.24718639254570007,-0.22001846134662628,-0.1156560406088829,-0.08745475858449936,-0.17130666971206665,-0.2557215094566345,C:/Users/ASUS/Downloads/3D_Human_Pose_NCKH/phase5_external_generalization/data/external_raw/Le2i/Coffee_room_02/Videos/video (57).avi,-1,-1,External
444,5.676876753568649e-05,-0.0001811264082789421,-0.0005517890676856041,-0.11491089314222336,0.0005686089862138033,-0.031674645841121674,-0.11162097752094269,0.39835575222969055,-0.007337339222431183,-0.11189628392457962,0.8047042489051819,0.15944646298885345,0.11331821233034134,-0.0009193692822009325,0.031773898750543594,0.08505605906248093,0.40880826115608215,-0.008640948683023453,0.0027294447645545006,0.8004317283630371,0.11253999173641205,0.022735334932804108,-0.23370307683944702,-0.0415518619120121,0.02233332023024559,-0.4725217819213867,-0.13901476562023163,0.022945478558540344,-0.4659420847892761,-0.21820731461048126,0.060779377818107605,-0.5136317014694214,-0.23195962607860565,0.19210322201251984,-0.49967414140701294,-0.10925270617008209,0.2756973206996918,-0.25974559783935547,-0.02373448759317398,0.1816663146018982,-0.19541984796524048,-0.2003728747367859,-0.14890599250793457,-0.48672404885292053,-0.17171749472618103,-0.24491801857948303,-0.22083944082260132,-0.11736492812633514,-0.0825892761349678,-0.17305296659469604,-0.24684180319309235,C:/Users/ASUS/Downloads/3D_Human_Pose_NCKH/phase5_external_generalization/data/external_raw/Le2i/Coffee_room_02/Videos/video (57).avi,-1,-1,External
445,5.338713526725769e-05,-0.00017827283591032028,-0.0005262116901576519,-0.1146167442202568,-0.00048624048940837383,-0.0320625826716423,-0.11186836659908295,0.3965907096862793,-0.0049077775329351425,-0.11738138645887375,0.8029690980911255,0.16387148201465607,0.11286494135856628,0.0001298177521675825,0.03211569786071777,0.08308818191289902,0.4107305109500885,-0.01497139036655426,-0.0029026707634329796,0.8013923168182373,0.10388319939374924,0.02477569878101349,-0.23170483112335205,-0.04245217144489288,0.026382852345705032,-0.46993061900138855,-0.14053975045681,0.02788655087351799,-0.46427035331726074,-0.21996575593948364,0.06756163388490677,-0.5106114149093628,-0.23182393610477448,0.19533027708530426,-0.4979122579097748,-0.11020531505346298,0.2799115478992462,-0.26087522506713867,-0.021600574254989624,0.18855969607830048,-0.19537509977817535,-0.19713059067726135,-0.14438053965568542,-0.48482781648635864,-0.17554078996181488,-0.24264253675937653,-0.22068524360656738,-0.12093156576156616,-0.07697511464357376,-0.17441612482070923,-0.23912660777568817,C:/Users/ASUS/Downloads/3D_Human_Pose_NCKH/phase5_external_generalization/data/external_raw/Le2i/Coffee_room_02/Videos/video (57).avi,-1,-1,External
446,6.420351564884186e-05,-0.00018671341240406036,-0.0005243269260972738,-0.11398756504058838,-0.001611255807802081,-0.03215320408344269,-0.11271761357784271,0.39438682794570923,-0.001833949238061905,-0.12262282520532608,0.8002583384513855,0.16922512650489807,0.11209875345230103,0.001298925606533885,0.03225011005997658,0.08056390285491943,0.41276735067367554,-0.020801331847906113,-0.009401257149875164,0.8021836876869202,0.10096181929111481,0.026900961995124817,-0.22901512682437897,-0.04478825256228447,0.031087949872016907,-0.4662055969238281,-0.1447371244430542,0.03342413902282715,-0.46131592988967896,-0.22367052733898163,0.07597724348306656,-0.5065065622329712,-0.23188118636608124,0.1985664665699005,-0.49421432614326477,-0.11325077712535858,0.28335627913475037,-0.2607967257499695,-0.020138531923294067,0.19700419902801514,-0.1911834180355072,-0.19668453931808472,-0.13894258439540863,-0.4806545674800873,-0.18218989670276642,-0.23990972340106964,-0.2185003161430359,-0.12720952928066254,-0.07086465507745743,-0.17396539449691772,-0.23349840939044952,C:/Users/ASUS/Downloads/3D_Human_Pose_NCKH/phase5_external_generalization/data/external_raw/Le2i/Coffee_room_02/Videos/video (57).avi,-1,-1,External
447,1.1942349374294281e-05,-0.00014509912580251694,-0.0005058266688138247,-0.11344098299741745,-0.0028088621329516172,-0.03150072693824768,-0.11424554884433746,0.39287060499191284,0.000748475082218647,-0.12700089812278748,0.797356367111206,0.17412488162517548,0.11126843094825745,0.0025588280986994505,0.03168933838605881,0.07825236022472382,0.4156329035758972,-0.02371654473245144,-0.01694272831082344,0.8036382794380188,0.1050107330083847,0.029297053813934326,-0.22636938095092773,-0.04726002365350723,0.03693018853664398,-0.4626238942146301,-0.1489432007074356,0.040370553731918335,-0.4588327407836914,-0.22600595653057098,0.0858762189745903,-0.5027262568473816,-0.23075778782367706,0.20249545574188232,-0.489827036857605,-0.11653600633144379,0.2868206202983856,-0.26052677631378174,-0.016895338892936707,0.2074381411075592,-0.1833733469247818,-0.1957094967365265,-0.13247369229793549,-0.4763055741786957,-0.18815216422080994,-0.23724928498268127,-0.21649423241615295,-0.134368434548378,-0.0644831731915474,-0.17283792793750763,-0.2301671802997589,C:/Users/ASUS/Downloads/3D_Human_Pose_NCKH/phase5_external_generalization/data/external_raw/Le2i/Coffee_room_02/Videos/video (57).avi,-1,-1,External
448,-1.4048069715499878e-05,-0.00012333597987890244,-0.0005429494194686413,-0.11295849829912186,-0.004272677935659885,-0.02935672365128994,-0.11628381907939911,0.3906383514404297,-0.001528407447040081,-0.1302925944328308,0.7923542857170105,0.17558471858501434,0.11057169735431671,0.004020208492875099,0.029727499932050705,0.07499556988477707,0.417692631483078,-0.030806347727775574,-0.02540813758969307,0.8027049899101257,0.11047826707363129,0.0320679247379303,-0.22360897064208984,-0.04962906241416931,0.04347569867968559,-0.4589789807796478,-0.15305475890636444,0.047790177166461945,-0.4559122323989868,-0.22703664004802704,0.09662420302629471,-0.4985560178756714,-0.22788433730602264,0.20676758885383606,-0.48402270674705505,-0.12055686861276627,0.28982803225517273,-0.259849488735199,-0.011160195805132389,0.21881073713302612,-0.17249253392219543,-0.19341032207012177,-0.12526355683803558,-0.4715930223464966,-0.1925106942653656,-0.23385851085186005,-0.21498402953147888,-0.1418745070695877,-0.05793870612978935,-0.17133253812789917,-0.22935718297958374,C:/Users/ASUS/Downloads/3D_Human_Pose_NCKH/phase5_external_generalization/data/external_raw/Le2i/Coffee_room_02/Videos/video (57).avi,-1,-1,External
449,-5.026441067457199e-05,-9.633507579565048e-05,-0.0005433454643934965,-0.11255580931901932,-0.005662084557116032,-0.027680737897753716,-0.11843021214008331,0.3883153796195984,0.0013199420645833015,-0.13393950462341309,0.7878859639167786,0.1798379272222519,0.10998314619064331,0.00552289467304945,0.028250809758901596,0.0714276060461998,0.4201231002807617,-0.03100951388478279,-0.034363117069005966,0.8027397990226746,0.12208054214715958,0.034998033195734024,-0.22149355709552765,-0.05134805291891098,0.049994271248579025,-0.4562615752220154,-0.15591715276241302,0.0555378720164299,-0.4529520273208618,-0.2269434630870819,0.10796142369508743,-0.4949095845222473,-0.22636215388774872,0.21087265014648438,-0.47868648171424866,-0.12307273596525192,0.29177072644233704,-0.2602568566799164,0.00043037813156843185,0.23023954033851624,-0.1601545810699463,-0.1861373484134674,-0.11844532191753387,-0.46833744645118713,-0.1944824755191803,-0.23091621696949005,-0.21619270741939545,-0.14730769395828247,-0.053360749036073685,-0.17011860013008118,-0.22810304164886475,C:/Users/ASUS/Downloads/3D_Human_Pose_NCKH/phase5_external_generalization/data/external_raw/Le2i/Coffee_room_02/Videos/video (57).avi,-1,-1,External
450,-7.829815149307251e-05,-7.199123501777649e-05,-0.0006133473943918943,-0.11204788833856583,-0.007176117040216923,-0.025604335591197014,-0.12055525183677673,0.3848854899406433,-0.0012343637645244598,-0.13715454936027527,0.7815081477165222,0.1790475696325302,0.10928579419851303,0.007078105583786964,0.026518505066633224,0.06671661138534546,0.42234402894973755,-0.03204215317964554,-0.04328705370426178,0.8025704622268677,0.13525956869125366,0.038438376039266586,-0.2194417119026184,-0.052849192172288895,0.05714723840355873,-0.4531407356262207,-0.15908245742321014,0.06374663859605789,-0.44883400201797485,-0.22720514237880707,0.11950745433568954,-0.4906694293022156,-0.22640743851661682,0.21529999375343323,-0.4719929099082947,-0.1263197660446167,0.29279080033302307,-0.26073339581489563,0.01450426410883665,0.24148142337799072,-0.14573988318443298,-0.17360925674438477,-0.11144734919071198,-0.4648246467113495,-0.19561877846717834,-0.22723965346813202,-0.21807658672332764,-0.15327034890651703,-0.04820595681667328,-0.16862067580223083,-0.22716926038265228,C:/Users/ASUS/Downloads/3D_Human_Pose_NCKH/phase5_external_generalization/data/external_raw/Le2i/Coffee_room_02/Videos/video (57).avi,-1,-1,External
451,-0.00012352410703897476,-4.648696631193161e-05,-0.0006360248662531376,-0.11121522635221481,-0.008300279267132282,-0.025877615436911583,-0.12221181392669678,0.38185787200927734,0.009565256536006927,-0.14139527082443237,0.7786425352096558,0.18478108942508698,0.10843249410390854,0.008389072492718697,0.02701813355088234,0.061989009380340576,0.4256966710090637,-0.022314351052045822,-0.05240367352962494,0.8069719076156616,0.1529524177312851,0.04171517491340637,-0.21846263110637665,-0.05370902270078659,0.06430643796920776,-0.45151257514953613,-0.16047720611095428,0.07195070385932922,-0.4450780749320984,-0.2261372208595276,0.13204152882099152,-0.4876711666584015,-0.22815091907978058,0.21916478872299194,-0.46612218022346497,-0.1261739283800125,0.29277142882347107,-0.2623802423477173,0.034589074552059174,0.25229567289352417,-0.13195708394050598,-0.15667593479156494,-0.10499757528305054,-0.4631652534008026,-0.19466134905815125,-0.22414371371269226,-0.223283052444458,-0.15484684705734253,-0.04541807249188423,-0.16795307397842407,-0.22423194348812103,C:/Users/ASUS/Downloads/3D_Human_Pose_NCKH/phase5_external_generalization/data/external_raw/Le2i/Coffee_room_02/Videos/video (57).avi,-1,-1,External
452,-0.0002011256292462349,1.940689980983734e-05,-0.0006076609715819359,-0.11167806386947632,-0.009186522103846073,-0.024747362360358238,-0.12373070418834686,0.37800362706184387,0.006630919873714447,-0.14397385716438293,0.7775753140449524,0.18369831144809723,0.10890229046344757,0.009354257956147194,0.026135392487049103,0.05679599568247795,0.42944416403770447,-0.020798563957214355,-0.06215466186404228,0.811366856098175,0.15845534205436707,0.04569201171398163,-0.21749697625637054,-0.05553237348794937,0.07410131394863129,-0.44870704412460327,-0.16312047839164734,0.08264962583780289,-0.4431476294994354,-0.22577022016048431,0.14585933089256287,-0.4856247901916504,-0.22765837609767914,0.22679747641086578,-0.45854297280311584,-0.12891677021980286,0.29675906896591187,-0.260449081659317,0.046603891998529434,0.2652028799057007,-0.11542695015668869,-0.1461220234632492,-0.09598995745182037,-0.4617363512516022,-0.195151686668396,-0.21998411417007446,-0.2301672399044037,-0.16138695180416107,-0.03971082717180252,-0.16969233751296997,-0.22666725516319275,C:/Users/ASUS/Downloads/3D_Human_Pose_NCKH/phase5_external_generalization/data/external_raw/Le2i/Coffee_room_02/Videos/video (57).avi,-1,-1,External
453,-0.000302659347653389,0.00013354327529668808,-0.0005882324185222387,-0.1124795600771904,-0.009824761189520359,-0.023936869576573372,-0.12451264262199402,0.372236430644989,-0.009849699214100838,-0.1451350748538971,0.7751553654670715,0.1701630800962448,0.10966523736715317,0.010175488889217377,0.025411952286958694,0.05149389058351517,0.4324969947338104,-0.018994804471731186,-0.07055159658193588,0.8163661360740662,0.1579645574092865,0.051056452095508575,-0.21633051335811615,-0.058183372020721436,0.08781622350215912,-0.4451035261154175,-0.16670694947242737,0.09693119674921036,-0.4401187300682068,-0.22773990035057068,0.16269011795520782,-0.4817609190940857,-0.22851620614528656,0.2388172745704651,-0.4492402970790863,-0.13238921761512756,0.30444589257240295,-0.25242823362350464,0.05305853486061096,0.2798950672149658,-0.09461916983127594,-0.13939110934734344,-0.08349160850048065,-0.4609605371952057,-0.19770309329032898,-0.21339373290538788,-0.23894467949867249,-0.1735505908727646,-0.031392745673656464,-0.17327497899532318,-0.2363652139902115,C:/Users/ASUS/Downloads/3D_Human_Pose_NCKH/phase5_external_generalization/data/external_raw/Le2i/Coffee_room_02/Videos/video (57).avi,-1,-1,External
454,-0.00025920290499925613,0.00029847677797079086,-0.0006478733848780394,-0.11379309743642807,-0.010620039887726307,-0.02121902070939541,-0.12296593189239502,0.355049729347229,-0.06476195156574249,-0.1411604881286621,0.7606877684593201,0.12010309845209122,0.11111967265605927,0.010814382694661617,0.022834930568933487,0.046145740896463394,0.4284346401691437,-0.03165021166205406,-0.07584676146507263,0.814227283000946,0.13860799372196198,0.059103067964315414,-0.21468530595302582,-0.0579402819275856,0.10805989056825638,-0.44013845920562744,-0.1634746640920639,0.11657325178384781,-0.43668702244758606,-0.22537529468536377,0.183272123336792,-0.4765220582485199,-0.22106485068798065,0.2581067681312561,-0.43861374258995056,-0.13111108541488647,0.31719616055488586,-0.2321515679359436,0.047784894704818726,0.29628852009773254,-0.06374119222164154,-0.13377349078655243,-0.06471019983291626,-0.4614200294017792,-0.19603365659713745,-0.20085689425468445,-0.2502669095993042,-0.19087253510951996,-0.012040327303111553,-0.18127234280109406,-0.251644492149353,C:/Users/ASUS/Downloads/3D_Human_Pose_NCKH/phase5_external_generalization/data/external_raw/Le2i/Coffee_room_02/Videos/video (57).avi,-1,-1,External
455,-0.00014336127787828445,0.00026229023933410645,-0.0007688507903367281,-0.11566425859928131,-0.011483886279165745,-0.017133526504039764,-0.11737841367721558,0.31853675842285156,-0.12753337621688843,-0.13103234767913818,0.7275590300559998,0.06328309327363968,0.11330962181091309,0.011025751940906048,0.01907341182231903,0.041054047644138336,0.40829285979270935,-0.06877882033586502,-0.07975023984909058,0.7972643375396729,0.09569928050041199,0.0678289458155632,-0.214517280459404,-0.04800809919834137,0.1350994110107422,-0.4357321858406067,-0.144225612282753,0.13939616084098816,-0.43139952421188354,-0.21053321659564972,0.20751161873340607,-0.4701387584209442,-0.1983378827571869,0.28046149015426636,-0.42675068974494934,-0.11706774681806564,0.32807251811027527,-0.2000558078289032,0.03796833008527756,0.31338047981262207,-0.022653009742498398,-0.1197279691696167,-0.038319215178489685,-0.4623051881790161,-0.1796647310256958,-0.18164582550525665,-0.2625455856323242,-0.20390045642852783,0.022667916491627693,-0.18959803879261017,-0.2638334333896637,C:/Users/ASUS/Downloads/3D_Human_Pose_NCKH/phase5_external_generalization/data/external_raw/Le2i/Coffee_room_02/Videos/video (57).avi,-1,-1,External
456,-8.904002606868744e-05,2.726912498474121e-05,-0.0007883117068558931,-0.11714201420545578,-0.012322933413088322,-0.010662799701094627,-0.1149074137210846,0.2774019241333008,-0.14372405409812927,-0.12444526702165604,0.6916458010673523,0.05450756102800369,0.11488662660121918,0.011366036720573902,0.01284867338836193,0.03406613692641258,0.3822425901889801,-0.0912160724401474,-0.08801031112670898,0.7747536897659302,0.06707460433244705,0.074460968375206,-0.2149173468351364,-0.033999405801296234,0.16258825361728668,-0.43183308839797974,-0.11863619834184647,0.1586630642414093,-0.42793166637420654,-0.1866467446088791,0.22882060706615448,-0.4665125608444214,-0.16821639239788055,0.29826921224594116,-0.4113180339336395,-0.09861740469932556,0.32950252294540405,-0.17001870274543762,0.02580183371901512,0.3293512463569641,0.01435000728815794,-0.09291213750839233,-0.010520705953240395,-0.4601699113845825,-0.1479145586490631,-0.16203564405441284,-0.2680842876434326,-0.1893264502286911,0.062686488032341,-0.1927732527256012,-0.2522679269313812,C:/Users/ASUS/Downloads/3D_Human_Pose_NCKH/phase5_external_generalization/data/external_raw/Le2i/Coffee_room_02/Videos/video (57).avi,-1,-1,External
457,-4.771724343299866e-05,-0.0002546645700931549,-0.0009595043957233429,-0.11713878065347672,-0.01376380119472742,-0.006322996690869331,-0.11739374697208405,0.24384768307209015,-0.1256852000951767,-0.12733137607574463,0.6617750525474548,0.07473040372133255,0.11494860053062439,0.012561175040900707,0.008757153525948524,0.026906205341219902,0.3622782528400421,-0.09008771181106567,-0.09688064455986023,0.7573980093002319,0.06584854423999786,0.07907747477293015,-0.2134840041399002,-0.025937413796782494,0.1831691861152649,-0.4264146685600281,-0.10308761894702911,0.17468604445457458,-0.42590150237083435,-0.17147000133991241,0.24662332236766815,-0.4654528796672821,-0.14687760174274445,0.3103533983230591,-0.39864280819892883,-0.08858458697795868,0.3320736885070801,-0.1503496766090393,0.013030304573476315,0.3421752452850342,0.03912033140659332,-0.07858112454414368,0.012114745564758778,-0.45559027791023254,-0.12546060979366302,-0.14498701691627502,-0.2737573981285095,-0.1590345948934555,0.09324423968791962,-0.19839473068714142,-0.22877207398414612,C:/Users/ASUS/Downloads/3D_Human_Pose_NCKH/phase5_external_generalization/data/external_raw/Le2i/Coffee_room_02/Videos/video (57).avi,-1,-1,External
458,-4.063080996274948e-05,-0.0005680127069354057,-0.0012128129601478577,-0.1191738173365593,-0.016547147184610367,-0.0023386888206005096,-0.11913032829761505,0.21795758605003357,-0.11937549710273743,-0.1352590024471283,0.6356841921806335,0.09516429901123047,0.11700756847858429,0.015560236759483814,0.00465194508433342,0.025972580537199974,0.3375105857849121,-0.09782743453979492,-0.09772402048110962,0.7362551689147949,0.0622565895318985,0.08058396726846695,-0.21415075659751892,-0.020231906324625015,0.19898667931556702,-0.4192536473274231,-0.09668915718793869,0.18815264105796814,-0.42091479897499084,-0.16806060075759888,0.26242876052856445,-0.46130597591400146,-0.14345920085906982,0.3212418854236603,-0.3846410810947418,-0.0829881876707077,0.3381788432598114,-0.1369045078754425,0.01725427433848381,0.35122472047805786,0.06620612740516663,-0.06615826487541199,0.027886152267456055,-0.44849205017089844,-0.11639145016670227,-0.1268194317817688,-0.2776663899421692,-0.14248958230018616,0.11246471852064133,-0.19795608520507812,-0.22341670095920563,C:/Users/ASUS/Downloads/3D_Human_Pose_NCKH/phase5_external_generalization/data/external_raw/Le2i/Coffee_room_02/Videos/video (57).avi,-1,-1,External
459,0.0001978762447834015,-0.0007002595812082291,-0.0015632719732820988,-0.11919756978750229,-0.022353526204824448,0.0035578440874814987,-0.1203785091638565,0.1810932606458664,-0.09966258704662323,-0.14656585454940796,0.59975266456604,0.11267935484647751,0.11655417084693909,0.021258212625980377,-0.0017033470794558525,0.03148595616221428,0.3031516671180725,-0.09993927925825119,-0.08935272693634033,0.7040349841117859,0.06520350277423859,0.08379711955785751,-0.21257498860359192,-0.007801940198987722,0.212678000330925,-0.41054537892341614,-0.08053510636091232,0.2016475796699524,-0.4145175516605377,-0.15614821016788483,0.2781316041946411,-0.45515039563179016,-0.13314950466156006,0.3288108706474304,-0.36856138706207275,-0.06849098950624466,0.34495383501052856,-0.1194884181022644,0.016284581273794174,0.3523256778717041,0.09519302099943161,-0.07135879993438721,0.04553535580635071,-0.43923258781433105,-0.09479141980409622,-0.10514917969703674,-0.27776986360549927,-0.11374790221452713,0.12880803644657135,-0.20011934638023376,-0.20233303308486938,C:/Users/ASUS/Downloads/3D_Human_Pose_NCKH/phase5_external_generalization/data/external_raw/Le2i/Coffee_room_02/Videos/video (57).avi,-1,-1,External
460,0.0008291890844702721,-0.000273347832262516,-0.0016011293046176434,-0.11739344149827957,-0.029522903263568878,0.009468868374824524,-0.10392850637435913,0.14369548857212067,-0.08774664252996445,-0.14802756905555725,0.5629503130912781,0.1104562059044838,0.11349228024482727,0.028206346556544304,-0.00778514239937067,0.05895186960697174,0.26536375284194946,-0.10863016545772552,-0.06598030775785446,0.6689905524253845,0.059900328516960144,0.09157972037792206,-0.2114211916923523,0.004123847000300884,0.22824627161026,-0.4082176089286804,-0.05781886726617813,0.22399845719337463,-0.40981146693229675,-0.13269399106502533,0.30216172337532043,-0.4510287344455719,-0.12555675208568573,0.33976855874061584,-0.35663357377052307,-0.04945116862654686,0.3597789704799652,-0.10150792449712753,0.02301371842622757,0.35490959882736206,0.11473188549280167,-0.06747473776340485,0.06560942530632019,-0.4354965090751648,-0.0655931830406189,-0.08712778240442276,-0.28173375129699707,-0.10396353900432587,0.1519237607717514,-0.21686697006225586,-0.20058749616146088,C:/Users/ASUS/Downloads/3D_Human_Pose_NCKH/phase5_external_generalization/data/external_raw/Le2i/Coffee_room_02/Videos/video (57).avi,-1,-1,External
461,0.0014001447707414627,0.0006752246990799904,-0.0015674908645451069,-0.10469764471054077,-0.03570083528757095,0.00036860816180706024,-0.0684555321931839,0.102934829890728,-0.036964256316423416,-0.12565171718597412,0.5143093466758728,0.11941056698560715,0.09975281357765198,0.033728815615177155,-0.00037900544703006744,0.1104956716299057,0.21387040615081787,-0.07054492831230164,-0.028776567429304123,0.631056547164917,0.07263055443763733,0.10131100565195084,-0.20700402557849884,-0.0038064755499362946,0.24367794394493103,-0.4097132682800293,-0.06292762607336044,0.2513367831707001,-0.417044073343277,-0.11999653279781342,0.3383018672466278,-0.460940957069397,-0.11906502395868301,0.34231165051460266,-0.3534073233604431,-0.039851296693086624,0.3714943528175354,-0.10150320827960968,0.035435304045677185,0.3617671728134155,0.10424415022134781,-0.044458597898483276,0.09088397026062012,-0.4339495897293091,-0.06565140187740326,-0.07015103101730347,-0.2940656542778015,-0.10952581465244293,0.20406915247440338,-0.24289275705814362,-0.1993369609117508,C:/Users/ASUS/Downloads/3D_Human_Pose_NCKH/phase5_external_generalization/data/external_raw/Le2i/Coffee_room_02/Videos/video (57).avi,-1,-1,External
462,0.001184193417429924,0.0013435930013656616,-0.0012053144164383411,-0.09531193971633911,-0.035582978278398514,-0.01858518086373806,-0.025782519951462746,0.06511074304580688,0.00039940327405929565,-0.09363588690757751,0.46766817569732666,0.1265593022108078,0.09064958989620209,0.03250575065612793,0.01647660695016384,0.1621015965938568,0.1627833992242813,-0.024567406624555588,-0.003319420851767063,0.5920408368110657,0.07668282836675644,0.10632894933223724,-0.2057860940694809,-0.021151043474674225,0.2557891607284546,-0.41633284091949463,-0.0818561539053917,0.27549606561660767,-0.4369131624698639,-0.13368965685367584,0.36637943983078003,-0.4889114201068878,-0.12969104945659637,0.341932088136673,-0.36292514204978943,-0.03814038261771202,0.38537052273750305,-0.12343408912420273,0.04369901120662689,0.3873494267463684,0.07375838607549667,-0.02682996168732643,0.11131644248962402,-0.43699246644973755,-0.09756331145763397,-0.03713788464665413,-0.3182353973388672,-0.14897067844867706,0.2632063329219818,-0.27164480090141296,-0.21093027293682098,C:/Users/ASUS/Downloads/3D_Human_Pose_NCKH/phase5_external_generalization/data/external_raw/Le2i/Coffee_room_02/Videos/video (57).avi,-1,-1,External
463,0.0015990091487765312,0.0015035448595881462,-0.0013249621260911226,-0.08385521173477173,-0.03280695900321007,-0.03642633557319641,0.022018028423190117,0.03899084031581879,0.024832380935549736,-0.05016416311264038,0.42374908924102783,0.1312696784734726,0.07965504378080368,0.028720278292894363,0.03320188447833061,0.20001402497291565,0.10744570195674896,0.0241147018969059,0.020543385297060013,0.536360502243042,0.10442884266376495,0.11192655563354492,-0.2007593810558319,-0.04365043714642525,0.2693576514720917,-0.41275572776794434,-0.10638947039842606,0.2980892062187195,-0.4418751001358032,-0.1499658077955246,0.3940845727920532,-0.5030177235603333,-0.14623653888702393,0.3410927355289459,-0.36310046911239624,-0.047241050750017166,0.38847312331199646,-0.14239026606082916,0.051370907574892044,0.40634584426879883,0.0458955354988575,-0.010003810748457909,0.13792064785957336,-0.4262971580028534,-0.13394305109977722,0.007080746814608574,-0.31613102555274963,-0.18483184278011322,0.3087887465953827,-0.26211440563201904,-0.2161349207162857,C:/Users/ASUS/Downloads/3D_Human_Pose_NCKH/phase5_external_generalization/data/external_raw/Le2i/Coffee_room_02/Videos/video (57).avi,-1,-1,External
464,0.0007979851216077805,0.002321629785001278,-0.0008303886279463768,-0.07793287932872772,-0.031153716146945953,-0.04893191158771515,0.06610577553510666,0.012390083633363247,0.04718337953090668,-0.011231988668441772,0.39235973358154297,0.1437656730413437,0.07326266169548035,0.026258178055286407,0.04501457139849663,0.23039811849594116,0.06456127017736435,0.0680055171251297,0.046758223325014114,0.49085086584091187,0.13813656568527222,0.1166081428527832,-0.2000970095396042,-0.05580802261829376,0.28194659948349,-0.4208541512489319,-0.11628860980272293,0.32087019085884094,-0.4631448984146118,-0.1545787751674652,0.41978487372398376,-0.5250742435455322,-0.148651123046875,0.344116747379303,-0.3782282769680023,-0.046784814447164536,0.39770761132240295,-0.17155638337135315,0.06494536250829697,0.4211922883987427,0.014862592332065105,0.011067280545830727,0.15926091372966766,-0.4358023405075073,-0.15542280673980713,0.046236298978328705,-0.3464505672454834,-0.21449212729930878,0.35079291462898254,-0.2959475517272949,-0.2294713258743286,C:/Users/ASUS/Downloads/3D_Human_Pose_NCKH/phase5_external_generalization/data/external_raw/Le2i/Coffee_room_02/Videos/video (57).avi,-1,-1,External
465,0.000982044730335474,0.0018909499049186707,-0.0014035729691386223,-0.07630360871553421,-0.03197281062602997,-0.05654483288526535,0.0763254314661026,-0.0119209298864007,0.0579834058880806,-0.00027176737785339355,0.3537331521511078,0.13955704867839813,0.07223030179738998,0.0250872690230608,0.052628155797719955,0.2554091215133667,0.03832735866308212,0.07701115310192108,0.06435868889093399,0.45469537377357483,0.12781371176242828,0.11892379820346832,-0.1924242079257965,-0.06229095906019211,0.29347214102745056,-0.4107950031757355,-0.12380858510732651,0.3390306830406189,-0.4572797417640686,-0.16248072683811188,0.43984919786453247,-0.5271637439727783,-0.15201564133167267,0.3549290597438812,-0.36488649249076843,-0.04865221679210663,0.4091659188270569,-0.18006309866905212,0.07452235370874405,0.4359486997127533,0.0017540110275149345,0.023292280733585358,0.1739971786737442,-0.4187619984149933,-0.17274515330791473,0.06834954023361206,-0.3413729667663574,-0.23553378880023956,0.3776266872882843,-0.2805115282535553,-0.23728172481060028,C:/Users/ASUS/Downloads/3D_Human_Pose_NCKH/phase5_external_generalization/data/external_raw/Le2i/Coffee_room_02/Videos/video (57).avi,-1,-1,External
466,0.001082511618733406,0.0018966589123010635,-0.001893501030281186,-0.06769808381795883,-0.030310221016407013,-0.06616814434528351,0.10651274025440216,-0.036495089530944824,0.07353507727384567,0.026610538363456726,0.3206346333026886,0.14554834365844727,0.06444506347179413,0.02264517918229103,0.0619618259370327,0.2753227651119232,0.00341706071048975,0.10699081420898438,0.0823780819773674,0.40829306840896606,0.1472124308347702,0.12445332109928131,-0.1892782300710678,-0.0691421627998352,0.30995863676071167,-0.40814340114593506,-0.1257779449224472,0.36476996541023254,-0.46178150177001953,-0.154993936419487,0.46607840061187744,-0.534246563911438,-0.1424291580915451,0.3622072637081146,-0.36388441920280457,-0.043451275676488876,0.4226338863372803,-0.20347055792808533,0.09612739086151123,0.45646509528160095,-0.017706256359815598,0.052954163402318954,0.20158664882183075,-0.412108838558197,-0.1837875097990036,0.11768078058958054,-0.3508845865726471,-0.25234779715538025,0.42463794350624084,-0.28471165895462036,-0.23819079995155334,C:/Users/ASUS/Downloads/3D_Human_Pose_NCKH/phase5_external_generalization/data/external_raw/Le2i/Coffee_room_02/Videos/video (57).avi,-1,-1,External
467,0.0010284380987286568,0.0017795246094465256,-0.003063617506995797,-0.06105751171708107,-0.027437392622232437,-0.07158838957548141,0.12542128562927246,-0.05627881735563278,0.09224332869052887,0.04792577773332596,0.2901942729949951,0.16185078024864197,0.05916784703731537,0.019722478464245796,0.0686187893152237,0.28356409072875977,-0.024053655564785004,0.1342780590057373,0.09392274171113968,0.36619848012924194,0.16601447761058807,0.12947618961334229,-0.18558967113494873,-0.07862359285354614,0.3237262964248657,-0.40477851033210754,-0.12921357154846191,0.3830238878726959,-0.4629673361778259,-0.1485767960548401,0.4844347834587097,-0.5388336777687073,-0.13200850784778595,0.36857298016548157,-0.3607231676578522,-0.040363091975450516,0.43465369939804077,-0.21968643367290497,0.11474940180778503,0.4719599187374115,-0.02986161783337593,0.07497020065784454,0.22448500990867615,-0.3998466432094574,-0.19435414671897888,0.14981864392757416,-0.3351297378540039,-0.26990899443626404,0.45301303267478943,-0.2544616162776947,-0.23925407230854034,C:/Users/ASUS/Downloads/3D_Human_Pose_NCKH/phase5_external_generalization/data/external_raw/Le2i/Coffee_room_02/Videos/video (57).avi,-1,-1,External
468,-0.00014864280819892883,0.0024985307827591896,-0.004416584502905607,-0.056763630360364914,-0.023250577971339226,-0.07712525129318237,0.14834140241146088,-0.08935513347387314,0.11631541699171066,0.07402966171503067,0.2562355101108551,0.1872032880783081,0.05538104474544525,0.015751471742987633,0.07692153751850128,0.2943201959133148,-0.06990654021501541,0.17067311704158783,0.12076647579669952,0.32040268182754517,0.19745172560214996,0.13215507566928864,-0.18457365036010742,-0.08584944903850555,0.3297601044178009,-0.40788668394088745,-0.1248076781630516,0.39449259638786316,-0.4758559763431549,-0.1305162012577057,0.4929114878177643,-0.545308530330658,-0.11388456076383591,0.3658563196659088,-0.37116244435310364,-0.028450695797801018,0.44087085127830505,-0.24523890018463135,0.13231024146080017,0.4833356440067291,-0.056056130677461624,0.09448535740375519,0.2403760850429535,-0.3987126052379608,-0.1956239640712738,0.1735675185918808,-0.331838995218277,-0.2789822518825531,0.47343918681144714,-0.2515048384666443,-0.24131475389003754,C:/Users/ASUS/Downloads/3D_Human_Pose_NCKH/phase5_external_generalization/data/external_raw/Le2i/Coffee_room_02/Videos/video (57).avi,-1,-1,External
469,-0.0006342371925711632,0.0025291014462709427,-0.004189151804894209,-0.05491775646805763,-0.021987564861774445,-0.07918336987495422,0.1628211885690689,-0.12137867510318756,0.14103414118289948,0.09126652777194977,0.21256789565086365,0.21518713235855103,0.05242668837308884,0.013340647332370281,0.08011910319328308,0.30048537254333496,-0.10267964750528336,0.19543197751045227,0.14347398281097412,0.26997190713882446,0.2221478670835495,0.13409408926963806,-0.18267260491847992,-0.0893106684088707,0.33356940746307373,-0.40551984310150146,-0.12462606281042099,0.40348610281944275,-0.4810064733028412,-0.1202218160033226,0.4987446069717407,-0.5480402708053589,-0.10412697494029999,0.3670189678668976,-0.37285366654396057,-0.025130389258265495,0.4549170732498169,-0.2711496353149414,0.13791458308696747,0.4937335252761841,-0.09881148487329483,0.10626885294914246,0.24917715787887573,-0.39725300669670105,-0.1984180510044098,0.1862662136554718,-0.32163572311401367,-0.28653693199157715,0.48055917024612427,-0.22941133379936218,-0.24315382540225983,C:/Users/ASUS/Downloads/3D_Human_Pose_NCKH/phase5_external_generalization/data/external_raw/Le2i/Coffee_room_02/Videos/video (57).avi,-1,-1,External
470,-0.0001960592344403267,0.003419267013669014,-0.0034799431450664997,-0.04435957595705986,-0.019143439829349518,-0.07909037172794342,0.16952350735664368,-0.15711070597171783,0.15672583878040314,0.09466475993394852,0.15366914868354797,0.24081172049045563,0.04171915352344513,0.012031895108520985,0.07936179637908936,0.30049458146095276,-0.14490611851215363,0.21071186661720276,0.15015961229801178,0.20891116559505463,0.24751146137714386,0.1381980925798416,-0.1792459785938263,-0.09707674384117126,0.3443550169467926,-0.3982078433036804,-0.1284531056880951,0.41640880703926086,-0.480005145072937,-0.11753753572702408,0.501461386680603,-0.5523753762245178,-0.10220600664615631,0.36981457471847534,-0.35738393664360046,-0.026770958676934242,0.45671409368515015,-0.25929516553878784,0.14261896908283234,0.4962010979652405,-0.06406249105930328,0.14006471633911133,0.2718202769756317,-0.39123860001564026,-0.20665769279003143,0.21679219603538513,-0.31057414412498474,-0.29088282585144043,0.5082038640975952,-0.2133198082447052,-0.234863743185997,C:/Users/ASUS/Downloads/3D_Human_Pose_NCKH/phase5_external_generalization/data/external_raw/Le2i/Coffee_room_02/Videos/video (57).avi,-1,-1,External
471,0.0004713619127869606,0.00385381281375885,-0.0028970465064048767,-0.03152240067720413,-0.009594150818884373,-0.0888197273015976,0.18906757235527039,-0.18563221395015717,0.16877701878547668,0.10020948201417923,0.12014143168926239,0.26262611150741577,0.0295436829328537,0.002324892906472087,0.08655951917171478,0.33061453700065613,-0.18345187604427338,0.25507494807243347,0.1977262794971466,0.15852344036102295,0.3040164113044739,0.13344401121139526,-0.1729041188955307,-0.10769522935152054,0.3489209711551666,-0.3768015205860138,-0.13374580442905426,0.41873687505722046,-0.4675256311893463,-0.11428096145391464,0.5027561783790588,-0.5393534898757935,-0.1055515930056572,0.366960734128952,-0.33880263566970825,-0.03058733604848385,0.4582662582397461,-0.25483667850494385,0.12514270842075348,0.5211079120635986,-0.04866183549165726,0.15066231787204742,0.28398454189300537,-0.3777940273284912,-0.2143532931804657,0.2388913780450821,-0.2972000241279602,-0.3089961111545563,0.5272682309150696,-0.20185090601444244,-0.24421291053295135,C:/Users/ASUS/Downloads/3D_Human_Pose_NCKH/phase5_external_generalization/data/external_raw/Le2i/Coffee_room_02/Videos/video (57).avi,-1,-1,External
472,-5.718600004911423e-05,0.003979505971074104,-0.0033602381590753794,-0.027487102895975113,-0.007179344072937965,-0.09676163643598557,0.23202383518218994,-0.22924275696277618,0.13858677446842194,0.13508543372154236,0.08081221580505371,0.24748928844928741,0.023817196488380432,-0.0030167552176862955,0.09924787282943726,0.3506275713443756,-0.21641384065151215,0.2800186574459076,0.2307734489440918,0.11095496267080307,0.3617951571941376,0.1392279714345932,-0.16681040823459625,-0.11306660622358322,0.3577205538749695,-0.3674899935722351,-0.1222597286105156,0.4241623878479004,-0.45813435316085815,-0.09581916779279709,0.5206623077392578,-0.5237467885017395,-0.08920934051275253,0.3660036623477936,-0.3306198716163635,-0.021043723449110985,0.4602849781513214,-0.24589943885803223,0.10181812196969986,0.5338587760925293,-0.06478404998779297,0.1441309005022049,0.3025403618812561,-0.3677515685558319,-0.2084495723247528,0.27967166900634766,-0.282431423664093,-0.31888172030448914,0.5732269883155823,-0.20516321063041687,-0.2748945653438568,C:/Users/ASUS/Downloads/3D_Human_Pose_NCKH/phase5_external_generalization/data/external_raw/Le2i/Coffee_room_02/Videos/video (57).avi,-1,-1,External
473,-0.00028371624648571014,0.002873270772397518,-0.002519733039662242,-0.025451142340898514,-0.0037047246005386114,-0.10014143586158752,0.3098253607749939,-0.26252123713493347,0.09437479078769684,0.22896021604537964,0.04126995429396629,0.19879254698753357,0.02209252119064331,-0.006955471821129322,0.10130736231803894,0.3705470860004425,-0.254359632730484,0.29694774746894836,0.25595635175704956,0.0398738756775856,0.37581124901771545,0.14672821760177612,-0.18033048510551453,-0.10157087445259094,0.36754435300827026,-0.3885376453399658,-0.09590781480073929,0.4352357089519501,-0.47223252058029175,-0.07505279779434204,0.5351858735084534,-0.5260342955589294,-0.06424350291490555,0.36101236939430237,-0.3684764504432678,0.007112389896064997,0.4570218622684479,-0.2759634852409363,0.06813943386077881,0.5719731450080872,-0.11199461668729782,0.11570370197296143,0.31487593054771423,-0.3793945908546448,-0.18354183435440063,0.3123898506164551,-0.2782168388366699,-0.32738348841667175,0.5911386609077454,-0.22604414820671082,-0.30466607213020325,C:/Users/ASUS/Downloads/3D_Human_Pose_NCKH/phase5_external_generalization/data/external_raw/Le2i/Coffee_room_02/Videos/video (57).avi,-1,-1,External
474,0.0021101124584674835,0.0015561627224087715,-0.0023692757822573185,-0.012756704352796078,4.174676723778248e-05,-0.09161027520895004,0.3517928123474121,-0.30683937668800354,0.06901133805513382,0.2835257053375244,-0.07531404495239258,0.19556361436843872,0.009069214574992657,-0.010460516437888145,0.09513923525810242,0.3551260828971863,-0.3191717863082886,0.2921900749206543,0.24476981163024902,-0.12384412437677383,0.3829173743724823,0.15772795677185059,-0.18870069086551666,-0.06839823722839355,0.38202154636383057,-0.40901219844818115,-0.06613843888044357,0.4374080002307892,-0.4777947664260864,-0.03746037185192108,0.5483251810073853,-0.5238526463508606,-0.026925308629870415,0.3435550034046173,-0.3978321850299835,0.030918486416339874,0.425960510969162,-0.3224846124649048,0.04604613780975342,0.5542328953742981,-0.18825195729732513,0.08860950171947479,0.3501993417739868,-0.371429979801178,-0.14550697803497314,0.36355990171432495,-0.2664572596549988,-0.29697611927986145,0.6298731565475464,-0.21941669285297394,-0.26891762018203735,C:/Users/ASUS/Downloads/3D_Human_Pose_NCKH/phase5_external_generalization/data/external_raw/Le2i/Coffee_room_02/Videos/video (57).avi,-1,-1,External
475,0.008765103295445442,0.0018665273673832417,-0.009004228748381138,-0.0027858326211571693,-0.003257131902500987,-0.0845164954662323,0.31748953461647034,-0.36853623390197754,0.021766170859336853,0.2367691695690155,-0.21544842422008514,0.1786908358335495,0.003190707415342331,-0.012516168877482414,0.08850537240505219,0.30063143372535706,-0.3765023648738861,0.24749672412872314,0.17414060235023499,-0.2728053331375122,0.3558732867240906,0.15564203262329102,-0.1849392056465149,-0.05145305395126343,0.3845061659812927,-0.3856741189956665,-0.054973095655441284,0.4227330982685089,-0.44436967372894287,-0.016585584729909897,0.5383265614509583,-0.5135263800621033,0.001657659187912941,0.3362318277359009,-0.3539372384548187,0.02216331474483013,0.43707677721977234,-0.3179638981819153,0.03800024092197418,0.5677052140235901,-0.2099514603614807,0.06419810652732849,0.37485477328300476,-0.32689064741134644,-0.10478783398866653,0.3957641124725342,-0.2469484508037567,-0.26077207922935486,0.6211534738540649,-0.20013414323329926,-0.23225392401218414,C:/Users/ASUS/Downloads/3D_Human_Pose_NCKH/phase5_external_generalization/data/external_raw/Le2i/Coffee_room_02/Videos/video (57).avi,-1,-1,External
476,0.006185576319694519,0.0007408224046230316,-0.006893001962453127,0.004170658066868782,0.003960105590522289,-0.07544685155153275,0.30132704973220825,-0.3701680600643158,0.034580010920763016,0.22449755668640137,-0.2175654023885727,0.18744610249996185,-0.0013580825179815292,-0.015387282706797123,0.08043810725212097,0.25779059529304504,-0.3941543996334076,0.22328321635723114,0.14582611620426178,-0.2960967421531677,0.321992427110672,0.1540462076663971,-0.18751323223114014,-0.059634458273649216,0.3611154556274414,-0.3936408758163452,-0.06545565277338028,0.40617576241493225,-0.4365391135215759,-0.03857799991965294,0.5127592086791992,-0.5098425149917603,-0.024033820256590843,0.30703771114349365,-0.37452399730682373,0.013871647417545319,0.3788457214832306,-0.34116655588150024,0.017975248396396637,0.5043031573295593,-0.23709607124328613,0.04353231564164162,0.36696434020996094,-0.30943870544433594,-0.11496786028146744,0.39426398277282715,-0.16494622826576233,-0.23798707127571106,0.5841510891914368,-0.09049000591039658,-0.20693634450435638,C:/Users/ASUS/Downloads/3D_Human_Pose_NCKH/phase5_external_generalization/data/external_raw/Le2i/Coffee_room_02/Videos/video (57).avi,-1,-1,External
477,0.005321105942130089,0.0014265123754739761,-0.009032202884554863,0.010018226690590382,0.001486110733821988,-0.07039166241884232,0.2943665385246277,-0.39414581656455994,0.00515410304069519,0.21939828991889954,-0.2516910433769226,0.17624260485172272,-0.00920574925839901,-0.01181896310299635,0.07545876502990723,0.2282733917236328,-0.41554132103919983,0.1893182247877121,0.09675197303295135,-0.3307224214076996,0.2950267493724823,0.15874126553535461,-0.1900719702243805,-0.05895144119858742,0.35988950729370117,-0.3976902663707733,-0.06790872663259506,0.3957163989543915,-0.4287196397781372,-0.028701338917016983,0.49836409091949463,-0.5089862942695618,-0.018506040796637535,0.2967376112937927,-0.37131091952323914,-0.005312827881425619,0.36494579911231995,-0.34441572427749634,-0.0022747842594981194,0.4867907762527466,-0.27493998408317566,0.010324658825993538,0.3669481575489044,-0.3084626793861389,-0.11033079028129578,0.39276641607284546,-0.19930656254291534,-0.25104382634162903,0.557209312915802,-0.14917847514152527,-0.20478613674640656,C:/Users/ASUS/Downloads/3D_Human_Pose_NCKH/phase5_external_generalization/data/external_raw/Le2i/Coffee_room_02/Videos/video (57).avi,-1,-1,External
478,0.0046684881672263145,0.0018583573400974274,-0.006812158972024918,0.03445979207754135,0.013061066158115864,-0.05340564250946045,0.28250211477279663,-0.48724475502967834,-0.0708211213350296,0.23253217339515686,-0.35024455189704895,0.09677670150995255,-0.026468034833669662,-0.009077555499970913,0.05765838548541069,0.17408281564712524,-0.4972548186779022,0.04237532615661621,0.05036993324756622,-0.4386361241340637,0.14976143836975098,0.1303505301475525,-0.15572266280651093,-0.04066356271505356,0.3154178559780121,-0.32085978984832764,-0.03588400036096573,0.35082462430000305,-0.3164953291416168,0.0005694320425391197,0.438654363155365,-0.40053170919418335,-0.0015679951757192612,0.2723737955093384,-0.28196051716804504,0.028775999322533607,0.3231416642665863,-0.3086632788181305,0.028435982763767242,0.43390512466430664,-0.27779582142829895,0.03349093347787857,0.3316340744495392,-0.19645364582538605,-0.06005953997373581,0.3745872378349304,-0.05829855054616928,-0.18712681531906128,0.5329271554946899,0.010389896109700203,-0.12730881571769714,C:/Users/ASUS/Downloads/3D_Human_Pose_NCKH/phase5_external_generalization/data/external_raw/Le2i/Coffee_room_02/Videos/video (57).avi,-1,-1,External
479,0.00577120203524828,0.0007631080225110054,-0.007467434275895357,0.04123075678944588,0.01170699205249548,-0.05365300923585892,0.3086881637573242,-0.4547363817691803,-0.04641126096248627,0.25630393624305725,-0.3093462288379669,0.11890365928411484,-0.03823138773441315,-0.016411084681749344,0.06104191020131111,0.1559808999300003,-0.48709234595298767,0.09602787345647812,0.0347597673535347,-0.4137570858001709,0.18543894588947296,0.1516692042350769,-0.1741645634174347,-0.05306905508041382,0.3322860598564148,-0.36318886280059814,-0.052130356431007385,0.364691823720932,-0.37144768238067627,-0.010698248632252216,0.4473758935928345,-0.4509229063987732,-0.026961131021380424,0.2558942437171936,-0.34235692024230957,-0.0001728585921227932,0.3081243932247162,-0.35756924748420715,0.013068283908069134,0.4266112148761749,-0.3319525718688965,0.008894991129636765,0.36550500988960266,-0.2462509572505951,-0.0760301947593689,0.4319149851799011,-0.10732342302799225,-0.19810831546783447,0.5555793046951294,-0.041245557367801666,-0.12389705330133438,C:/Users/ASUS/Downloads/3D_Human_Pose_NCKH/phase5_external_generalization/data/external_raw/Le2i/Coffee_room_02/Videos/video (57).avi,-1,-1,External
480,0.0039179567247629166,0.0009154025465250015,-0.006466365419328213,0.050831761211156845,0.022561397403478622,-0.048825353384017944,0.3179199993610382,-0.45999157428741455,-0.05728548765182495,0.2820543348789215,-0.27966025471687317,0.1022176444530487,-0.04509468376636505,-0.02034117840230465,0.0553092323243618,0.13437721133232117,-0.5073386430740356,0.06730712205171585,0.010850041173398495,-0.40597236156463623,0.15421505272388458,0.1286163628101349,-0.1662394255399704,-0.05320664495229721,0.29753392934799194,-0.3556933104991913,-0.05241541936993599,0.3330589830875397,-0.35702934861183167,-0.02846820279955864,0.4054497480392456,-0.44279545545578003,-0.04756645858287811,0.22443059086799622,-0.3451106548309326,0.004903076682239771,0.2568672001361847,-0.3667725920677185,0.030454881489276886,0.37856563925743103,-0.34272798895835876,0.03312727436423302,0.33622267842292786,-0.22437813878059387,-0.08105909824371338,0.4145463705062866,-0.036758847534656525,-0.16737928986549377,0.5124192237854004,0.06504697352647781,-0.08002380281686783,C:/Users/ASUS/Downloads/3D_Human_Pose_NCKH/phase5_external_generalization/data/external_raw/Le2i/Coffee_room_02/Videos/video (57).avi,-1,-1,External
481,0.007716706022620201,-0.0013461988419294357,-0.006358780432492495,0.030352555215358734,0.015143397264182568,-0.06503503024578094,0.31897762417793274,-0.41447287797927856,-0.08580610901117325,0.2707950174808502,-0.20584167540073395,0.09425236284732819,-0.0269535593688488,-0.026810292154550552,0.06940755248069763,0.15746170282363892,-0.45356428623199463,0.10413827002048492,0.02377186343073845,-0.3302643299102783,0.16009242832660675,0.14022766053676605,-0.19432730972766876,-0.06257478892803192,0.31766170263290405,-0.4085251986980438,-0.07981506735086441,0.34119680523872375,-0.41534069180488586,-0.07532494515180588,0.4221789836883545,-0.5172576308250427,-0.10014816373586655,0.2421818971633911,-0.4071791172027588,-0.027223331853747368,0.2724170684814453,-0.3822484016418457,0.01894761621952057,0.4059893488883972,-0.3665822148323059,0.015480386093258858,0.3434801399707794,-0.2925511598587036,-0.11691422015428543,0.3935428261756897,-0.11981622874736786,-0.2064896523952484,0.5002716779708862,-0.04026195779442787,-0.12816783785820007,C:/Users/ASUS/Downloads/3D_Human_Pose_NCKH/phase5_external_generalization/data/external_raw/Le2i/Coffee_room_02/Videos/video (57).avi,-1,-1,External
482,0.006025664508342743,-0.0002845153212547302,-0.0068447161465883255,0.024180259555578232,0.016993891447782516,-0.061471134424209595,0.2915806472301483,-0.42638683319091797,-0.11011220514774323,0.23394611477851868,-0.20304693281650543,0.08710824698209763,-0.017838574945926666,-0.020217103883624077,0.06445835530757904,0.16404026746749878,-0.4429197907447815,0.034489478915929794,0.03255670145153999,-0.31725233793258667,0.06203471124172211,0.12789173424243927,-0.18132229149341583,-0.058071210980415344,0.30638325214385986,-0.3818173110485077,-0.09035735577344894,0.34268513321876526,-0.38189753890037537,-0.1078726053237915,0.4230292737483978,-0.49696803092956543,-0.13355182111263275,0.2627504765987396,-0.37377139925956726,-0.03522609919309616,0.27738937735557556,-0.34175848960876465,0.034028541296720505,0.4164730906486511,-0.3137465715408325,0.031161990016698837,0.32025620341300964,-0.267965704202652,-0.13240301609039307,0.3473305106163025,-0.08770979940891266,-0.18626683950424194,0.45881178975105286,-0.007276906166225672,-0.10324208438396454,C:/Users/ASUS/Downloads/3D_Human_Pose_NCKH/phase5_external_generalization/data/external_raw/Le2i/Coffee_room_02/Videos/video (57).avi,-1,-1,External
483,0.005932052154093981,0.0005326205864548683,-0.006571444217115641,0.004198750481009483,0.010996290482580662,-0.07255607098340988,0.30250877141952515,-0.41200703382492065,-0.11781969666481018,0.21125417947769165,-0.17060072720050812,0.09715618938207626,-0.0009293332695960999,-0.01254310179501772,0.07542538642883301,0.19037970900535583,-0.4047444760799408,0.03573543205857277,0.04703612998127937,-0.2575569748878479,0.055296286940574646,0.1394147425889969,-0.18499158322811127,-0.06747670471668243,0.3338593542575836,-0.38567161560058594,-0.1277213990688324,0.3735637068748474,-0.3855777978897095,-0.15649275481700897,0.44846925139427185,-0.4938754439353943,-0.19762597978115082,0.30431511998176575,-0.37490808963775635,-0.06826719641685486,0.30425742268562317,-0.3238261640071869,0.028336621820926666,0.41922423243522644,-0.29423364996910095,0.013336814939975739,0.34155815839767456,-0.2950790226459503,-0.18164484202861786,0.34410959482192993,-0.11578842252492905,-0.23660646378993988,0.45671263337135315,-0.0448387935757637,-0.1287725567817688,C:/Users/ASUS/Downloads/3D_Human_Pose_NCKH/phase5_external_generalization/data/external_raw/Le2i/Coffee_room_02/Videos/video (57).avi,-1,-1,External
484,0.004574009217321873,0.0012075449340045452,-0.006847747135907412,0.015107652172446251,0.009906255640089512,-0.07475190609693527,0.30923882126808167,-0.42663776874542236,-0.11827540397644043,0.23118999600410461,-0.1667107343673706,0.10006850212812424,-0.008464083075523376,-0.009649078361690044,0.07955266535282135,0.21057337522506714,-0.4115656018257141,0.028541654348373413,0.05258844792842865,-0.26824453473091125,0.06003616750240326,0.12878325581550598,-0.17141933739185333,-0.05624600872397423,0.32541894912719727,-0.36180320382118225,-0.12133769690990448,0.3539719581604004,-0.3690134882926941,-0.12558738887310028,0.4543275535106659,-0.45721435546875,-0.18034975230693817,0.2940424382686615,-0.34827297925949097,-0.05254654958844185,0.28052958846092224,-0.3070372939109802,0.07745646685361862,0.3942691683769226,-0.2577790319919586,0.02384408563375473,0.32645848393440247,-0.2646383047103882,-0.1671733409166336,0.35570234060287476,-0.10508867353200912,-0.2226993292570114,0.45181170105934143,-0.059080395847558975,-0.08399848639965057,C:/Users/ASUS/Downloads/3D_Human_Pose_NCKH/phase5_external_generalization/data/external_raw/Le2i/Coffee_room_02/Videos/video (57).avi,-1,-1,External
485,0.0032394821755588055,0.001363520510494709,-0.007719480898231268,0.005061594303697348,0.010493393056094646,-0.07242625951766968,0.2862832248210907,-0.40617284178733826,-0.12271660566329956,0.2148195207118988,-0.15773579478263855,0.059314023703336716,0.0009967973455786705,-0.007225203327834606,0.0765552967786789,0.2072208821773529,-0.38062697649002075,0.027431771159172058,0.034108713269233704,-0.2577866315841675,0.09351769089698792,0.12714919447898865,-0.17405486106872559,-0.04255720600485802,0.32642775774002075,-0.3652275502681732,-0.1028008982539177,0.3504537045955658,-0.3723393976688385,-0.09991725534200668,0.4590839743614197,-0.4527393877506256,-0.15417829155921936,0.3014433979988098,-0.34774255752563477,-0.04460080713033676,0.29508909583091736,-0.3111165463924408,0.09960637986660004,0.39926663041114807,-0.30797284841537476,0.03325051814317703,0.317870169878006,-0.2740681767463684,-0.13820724189281464,0.34119927883148193,-0.11626050621271133,-0.19677598774433136,0.4418705999851227,-0.08445166051387787,-0.06488679349422455,C:/Users/ASUS/Downloads/3D_Human_Pose_NCKH/phase5_external_generalization/data/external_raw/Le2i/Coffee_room_02/Videos/video (57).avi,-1,-1,External
486,0.004715075716376305,0.0024958448484539986,-0.008821488358080387,0.0022206660360097885,0.013112228363752365,-0.06898331642150879,0.25355246663093567,-0.38750529289245605,-0.13068611919879913,0.17605406045913696,-0.1551942676305771,0.04159035533666611,0.0013382649049162865,-0.009355288930237293,0.06784477829933167,0.21318846940994263,-0.35680529475212097,0.045203663408756256,0.050653330981731415,-0.23633699119091034,0.13609474897384644,0.12772142887115479,-0.16813120245933533,-0.037140119820833206,0.34234875440597534,-0.35977762937545776,-0.08680770546197891,0.3579796254634857,-0.37217023968696594,-0.09092847257852554,0.4740656018257141,-0.4557352662086487,-0.14564484357833862,0.32096177339553833,-0.3272194564342499,-0.03921851888298988,0.3233295977115631,-0.2653523087501526,0.1035032570362091,0.43001535534858704,-0.22604288160800934,0.026251155883073807,0.32623931765556335,-0.2725294232368469,-0.10446261614561081,0.32878392934799194,-0.12923908233642578,-0.16279847919940948,0.4339396357536316,-0.10292566567659378,-0.06110109016299248,C:/Users/ASUS/Downloads/3D_Human_Pose_NCKH/phase5_external_generalization/data/external_raw/Le2i/Coffee_room_02/Videos/video (57).avi,-1,-1,External
487,0.0027787964791059494,0.0025260522961616516,-0.008915737271308899,0.0020713121630251408,0.015289908275008202,-0.055737175047397614,0.2426990419626236,-0.38619929552078247,-0.10998444259166718,0.14682447910308838,-0.15533997118473053,0.04843661189079285,0.0033082272857427597,-0.010318527929484844,0.0571884922683239,0.19031654298305511,-0.35348623991012573,0.043840233236551285,0.038176462054252625,-0.2564014196395874,0.16226594150066376,0.1291893720626831,-0.16431358456611633,-0.029986463487148285,0.33757323026657104,-0.3545031249523163,-0.08162341266870499,0.35734236240386963,-0.3795525133609772,-0.08163292706012726,0.48455387353897095,-0.45289623737335205,-0.13391734659671783,0.31753280758857727,-0.3309173583984375,-0.03644252195954323,0.3459491431713104,-0.2876088321208954,0.10444097965955734,0.4508066773414612,-0.268825888633728,0.005888435989618301,0.3278483748435974,-0.26597005128860474,-0.08450625836849213,0.33255618810653687,-0.10264408588409424,-0.13789530098438263,0.42564356327056885,-0.08447638899087906,-0.05014985799789429,C:/Users/ASUS/Downloads/3D_Human_Pose_NCKH/phase5_external_generalization/data/external_raw/Le2i/Coffee_room_02/Videos/video (57).avi,-1,-1,External
488,0.0033039278350770473,0.002303856424987316,-0.008883189409971237,-0.004125285893678665,0.013352963142096996,-0.04488622397184372,0.21512462198734283,-0.3892441987991333,-0.10847211629152298,0.11153566092252731,-0.15121105313301086,0.04472368583083153,0.010592066682875156,-0.011190353892743587,0.047644756734371185,0.1636911779642105,-0.35897210240364075,0.05134464055299759,0.010015792213380337,-0.25766992568969727,0.181904137134552,0.1413762867450714,-0.16245493292808533,-0.027850523591041565,0.35249751806259155,-0.35376930236816406,-0.07866555452346802,0.37241891026496887,-0.3930647373199463,-0.08087506890296936,0.5009154677391052,-0.47249487042427063,-0.13495014607906342,0.3356274664402008,-0.32879695296287537,-0.04399804398417473,0.38354775309562683,-0.29831773042678833,0.08204497396945953,0.4770272374153137,-0.2582193911075592,-0.024843137711286545,0.34682753682136536,-0.26558929681777954,-0.06871151924133301,0.35614174604415894,-0.09278897196054459,-0.12508416175842285,0.42544037103652954,-0.07021373510360718,-0.05942382663488388,C:/Users/ASUS/Downloads/3D_Human_Pose_NCKH/phase5_external_generalization/data/external_raw/Le2i/Coffee_room_02/Videos/video (57).avi,-1,-1,External
489,0.003520263358950615,0.0014204378239810467,-0.008416959084570408,-0.0034248139709234238,0.013505672104656696,-0.0314052551984787,0.20077791810035706,-0.3877526819705963,-0.08035265654325485,0.08036227524280548,-0.13737930357456207,0.053171079605817795,0.010026411153376102,-0.01249152235686779,0.035148005932569504,0.13964086771011353,-0.34816476702690125,0.04908301681280136,0.0006252666935324669,-0.2473055124282837,0.1843985915184021,0.14525647461414337,-0.1637282371520996,-0.013141520321369171,0.3582037091255188,-0.356731653213501,-0.0651203840970993,0.37758010625839233,-0.40489983558654785,-0.05445180833339691,0.5136421322822571,-0.4744013249874115,-0.10706112533807755,0.3391300141811371,-0.34077662229537964,-0.035178326070308685,0.39069798588752747,-0.33152860403060913,0.07470867037773132,0.4772040545940399,-0.303104966878891,-0.031211938709020615,0.3537956178188324,-0.26603665947914124,-0.0453297421336174,0.35753852128982544,-0.07979951053857803,-0.10190539062023163,0.4157341420650482,-0.06025736778974533,-0.0516277551651001,C:/Users/ASUS/Downloads/3D_Human_Pose_NCKH/phase5_external_generalization/data/external_raw/Le2i/Coffee_room_02/Videos/video (57).avi,-1,-1,External
490,0.0017613396048545837,0.0013701720163226128,-0.0059372251853346825,-0.020591534674167633,0.01676081493496895,-0.02519690804183483,0.20624391734600067,-0.3525485396385193,-0.05098940432071686,0.08714037388563156,-0.06375601887702942,0.07511509209871292,0.01806958019733429,-0.02085336297750473,0.025362415239214897,0.11114545911550522,-0.33219462633132935,0.09928454458713531,-0.021745648235082626,-0.16361919045448303,0.20314544439315796,0.1637047827243805,-0.17463096976280212,-0.02247597463428974,0.3736593723297119,-0.38388484716415405,-0.07978417724370956,0.4015299379825592,-0.44691842794418335,-0.0887114480137825,0.5584172010421753,-0.5113347768783569,-0.14756542444229126,0.3536587953567505,-0.3908084034919739,-0.06327056139707565,0.41950979828834534,-0.37715381383895874,0.0033878711983561516,0.49847668409347534,-0.32645124197006226,-0.09757448732852936,0.36798352003097534,-0.30434927344322205,-0.060268014669418335,0.3695683479309082,-0.10002084821462631,-0.13478976488113403,0.4346446990966797,-0.07856588065624237,-0.12026149034500122,C:/Users/ASUS/Downloads/3D_Human_Pose_NCKH/phase5_external_generalization/data/external_raw/Le2i/Coffee_room_02/Videos/video (57).avi,-1,-1,External
491,-0.0007868567481637001,0.0010764431208372116,-0.003515012562274933,-0.02540728449821472,0.01682770811021328,-0.01730857975780964,0.19328121840953827,-0.3297254741191864,-0.009553631767630577,0.07192496955394745,-0.01224115863442421,0.10591574758291245,0.017169829457998276,-0.023633912205696106,0.01507379487156868,0.07675572484731674,-0.31002143025398254,0.12006546556949615,-0.06320186704397202,-0.07909446209669113,0.2040470838546753,0.17042794823646545,-0.17411258816719055,-0.024064499884843826,0.36472612619400024,-0.3905651271343231,-0.09424411505460739,0.3946346342563629,-0.45769771933555603,-0.11700590699911118,0.560854971408844,-0.5370888113975525,-0.16882939636707306,0.34718188643455505,-0.4120219945907593,-0.08124306052923203,0.41333436965942383,-0.3748343884944916,-0.039024125784635544,0.5004304051399231,-0.290273517370224,-0.12251478433609009,0.35296469926834106,-0.3167742192745209,-0.07268670201301575,0.346584677696228,-0.1081792563199997,-0.13106001913547516,0.41969916224479675,-0.07857634872198105,-0.14682166278362274,C:/Users/ASUS/Downloads/3D_Human_Pose_NCKH/phase5_external_generalization/data/external_raw/Le2i/Coffee_room_02/Videos/video (57).avi,-1,-1,External
492,0.001586909405887127,0.0015056515112519264,-0.006687282584607601,-0.013513169251382351,0.00957325380295515,-0.007814360782504082,0.12302827835083008,-0.3704444169998169,-0.018032245337963104,-0.023640166968107224,-0.08711345493793488,0.10255159437656403,0.013594345189630985,-0.014589271508157253,0.009901033714413643,0.061503149569034576,-0.3075559139251709,0.06330487132072449,-0.08160088956356049,-0.09069517999887466,0.19294363260269165,0.17488570511341095,-0.16878971457481384,0.0008403901010751724,0.36799681186676025,-0.39299049973487854,-0.07108665257692337,0.3767907917499542,-0.4383959472179413,-0.08158228546380997,0.5395783185958862,-0.5334504246711731,-0.11499491333961487,0.34187382459640503,-0.3919180929660797,-0.05397650972008705,0.4199348986148834,-0.33422648906707764,0.0238785557448864,0.48612403869628906,-0.2497129738330841,-0.06907650828361511,0.35892853140830994,-0.3078131377696991,-0.04475940018892288,0.3248439431190491,-0.12253065407276154,-0.0889100730419159,0.376544326543808,-0.11741447448730469,-0.09871950000524521,C:/Users/ASUS/Downloads/3D_Human_Pose_NCKH/phase5_external_generalization/data/external_raw/Le2i/Coffee_room_02/Videos/video (57).avi,-1,-1,External
493,-0.00032597966492176056,0.0020658583380281925,-0.0028326851315796375,-0.022593054920434952,0.005799698643386364,-0.012299688532948494,0.09938319027423859,-0.3545118570327759,0.002660532481968403,-0.0569644570350647,-0.02978973463177681,0.15547595918178558,0.017301708459854126,-0.01017526164650917,0.010894648730754852,0.04548458382487297,-0.2831471264362335,0.09028113633394241,-0.0948619395494461,0.010718787088990211,0.18770213425159454,0.1840009242296219,-0.17091412842273712,-0.014981813728809357,0.351738303899765,-0.39472848176956177,-0.0880984291434288,0.36251458525657654,-0.4248444139957428,-0.13965608179569244,0.5276755094528198,-0.5251590013504028,-0.15959793329238892,0.33485278487205505,-0.41097405552864075,-0.07519259303808212,0.40619656443595886,-0.3290356397628784,0.012891910038888454,0.4652848541736603,-0.23641958832740784,-0.06398142874240875,0.3327883183956146,-0.32231852412223816,-0.06987947225570679,0.281549334526062,-0.14665928483009338,-0.1078580692410469,0.35009899735450745,-0.14477300643920898,-0.13564036786556244,C:/Users/ASUS/Downloads/3D_Human_Pose_NCKH/phase5_external_generalization/data/external_raw/Le2i/Coffee_room_02/Videos/video (57).avi,-1,-1,External
494,-0.001652599312365055,0.0030879098922014236,-0.003552038921043277,-0.045958422124385834,-0.022387271746993065,-0.006976032629609108,-0.023832304403185844,-0.33199411630630493,-0.026551425457000732,-0.19305917620658875,0.032140102237463,0.0850062146782875,0.04270884394645691,0.022439545020461082,0.003925642929971218,0.04069069027900696,-0.21100705862045288,0.002280060201883316,-0.13288716971874237,0.17859064042568207,0.11226974427700043,0.1682618111371994,-0.16356255114078522,-0.01956770569086075,0.3320617079734802,-0.3877456784248352,-0.08806665986776352,0.35481056571006775,-0.4132424294948578,-0.14304623007774353,0.500377357006073,-0.5385511517524719,-0.16431953012943268,0.36590301990509033,-0.37692588567733765,-0.06982981413602829,0.4727170765399933,-0.26587867736816406,0.01732420176267624,0.5391971468925476,-0.10994819551706314,-0.016475718468427658,0.2551400363445282,-0.3564673662185669,-0.0850263237953186,0.14616094529628754,-0.23679351806640625,-0.17191514372825623,0.24152496457099915,-0.28199610114097595,-0.17622575163841248,C:/Users/ASUS/Downloads/3D_Human_Pose_NCKH/phase5_external_generalization/data/external_raw/Le2i/Coffee_room_02/Videos/video (57).avi,-1,-1,External
495,0.0012045251205563545,0.0019439822062849998,-0.001478713471442461,-0.049648333340883255,-0.0325862318277359,0.009192274883389473,-0.08629035204648972,-0.3285021483898163,-0.011638190597295761,-0.2604111135005951,0.04033632203936577,0.06323827803134918,0.04704146087169647,0.028930436819791794,-0.011993054300546646,0.016294552013278008,-0.1631127893924713,-0.018005922436714172,-0.15344738960266113,0.22871136665344238,0.07840247452259064,0.1673092395067215,-0.16022536158561707,-0.010750342160463333,0.34168434143066406,-0.38008809089660645,-0.08018484711647034,0.3544195294380188,-0.40558865666389465,-0.13550636172294617,0.49154627323150635,-0.5421107411384583,-0.15152525901794434,0.3830883204936981,-0.36098048090934753,-0.06682924181222916,0.4819360077381134,-0.2534608244895935,0.050459109246730804,0.534701943397522,-0.09047069400548935,0.01674143597483635,0.2564605176448822,-0.3534429669380188,-0.06587427109479904,0.11784029006958008,-0.23353290557861328,-0.1363992840051651,0.21654966473579407,-0.284495085477829,-0.17068614065647125,C:/Users/ASUS/Downloads/3D_Human_Pose_NCKH/phase5_external_generalization/data/external_raw/Le2i/Coffee_room_02/Videos/video (57).avi,-1,-1,External
496,0.0013831835240125656,0.0020560105331242085,-0.002774587832391262,-0.05976251885294914,-0.03573155775666237,0.01917361654341221,-0.13299834728240967,-0.31501924991607666,-0.0005949670448899269,-0.30353230237960815,0.06722965836524963,0.04178456962108612,0.056035250425338745,0.03229139372706413,-0.020083550363779068,0.01552877202630043,-0.1197037622332573,-0.025426797568798065,-0.14817927777767181,0.2895061671733856,0.023457080125808716,0.1667609065771103,-0.15911784768104553,-0.014183353632688522,0.347073495388031,-0.3740297853946686,-0.07441913336515427,0.3470512926578522,-0.39704591035842896,-0.1336957812309265,0.48204922676086426,-0.5396921634674072,-0.13483910262584686,0.39567604660987854,-0.349724680185318,-0.07127746939659119,0.4860386252403259,-0.2390376180410385,0.06163157895207405,0.5195340514183044,-0.07285472005605698,0.016666393727064133,0.2532430589199066,-0.3472398817539215,-0.04655842483043671,0.0936102569103241,-0.2447693943977356,-0.1063878983259201,0.19585835933685303,-0.29881998896598816,-0.13987796008586884,C:/Users/ASUS/Downloads/3D_Human_Pose_NCKH/phase5_external_generalization/data/external_raw/Le2i/Coffee_room_02/Videos/video (57).avi,-1,-1,External
497,0.002196329180151224,0.0009646876715123653,-0.0028626248240470886,-0.07087913155555725,-0.03660130500793457,0.025405380874872208,-0.17362864315509796,-0.28561490774154663,0.0053886063396930695,-0.3277520537376404,0.1148688942193985,0.014675549231469631,0.06984201073646545,0.03136424720287323,-0.025898657739162445,0.011229024268686771,-0.06986016780138016,-0.04793041944503784,-0.15723180770874023,0.34510380029678345,-0.036691486835479736,0.15974141657352448,-0.1602514088153839,-0.012653227895498276,0.33712464570999146,-0.36639273166656494,-0.06942325085401535,0.32707899808883667,-0.38410571217536926,-0.13506342470645905,0.45715799927711487,-0.5337797999382019,-0.123355932533741,0.3975507318973541,-0.3359880745410919,-0.07207006961107254,0.47455766797065735,-0.22604316473007202,0.0692068487405777,0.4870380163192749,-0.06523610651493073,0.022149033844470978,0.23468130826950073,-0.33834025263786316,-0.03494293987751007,0.06305082887411118,-0.24470335245132446,-0.08000573515892029,0.1680116057395935,-0.3023025095462799,-0.10734323412179947,C:/Users/ASUS/Downloads/3D_Human_Pose_NCKH/phase5_external_generalization/data/external_raw/Le2i/Coffee_room_02/Videos/video (57).avi,-1,-1,External
498,0.0023164344020187855,0.0007218895480036736,-0.0025575440376996994,-0.08330370485782623,-0.03573733940720558,0.028422515839338303,-0.20061573386192322,-0.253824919462204,-0.009500015527009964,-0.34172362089157104,0.15492311120033264,-0.01881648227572441,0.08153469115495682,0.03056437335908413,-0.02913988009095192,0.006236003711819649,-0.02383042871952057,-0.07962532341480255,-0.1543073058128357,0.40039634704589844,-0.09527122229337692,0.15505068004131317,-0.16049998998641968,-0.013564683496952057,0.3262345790863037,-0.3584327697753906,-0.06728752702474594,0.30928823351860046,-0.3733595311641693,-0.1376677006483078,0.4311143159866333,-0.5236461758613586,-0.12064478546380997,0.3960208296775818,-0.322008341550827,-0.07832688838243484,0.4663946330547333,-0.20367078483104706,0.06820446997880936,0.46441999077796936,-0.05510534718632698,0.02182561717927456,0.21481722593307495,-0.3357855975627899,-0.02861987240612507,0.032049596309661865,-0.24624891579151154,-0.06624049693346024,0.1467875838279724,-0.30696412920951843,-0.08328220248222351,C:/Users/ASUS/Downloads/3D_Human_Pose_NCKH/phase5_external_generalization/data/external_raw/Le2i/Coffee_room_02/Videos/video (57).avi,-1,-1,External
499,0.002346232533454895,0.0006545698270201683,-0.0023300214670598507,-0.09050139039754868,-0.032810259610414505,0.02862926758825779,-0.21850372850894928,-0.22469966113567352,-0.028379954397678375,-0.3490302860736847,0.19257856905460358,-0.049022406339645386,0.0882466584444046,0.027906784787774086,-0.02999787963926792,0.0033788655418902636,0.011751950718462467,-0.10709445178508759,-0.14698100090026855,0.4502149820327759,-0.1439868062734604,0.1503428965806961,-0.15922319889068604,-0.016495507210493088,0.31595033407211304,-0.3471982181072235,-0.07011998444795609,0.29332855343818665,-0.35946986079216003,-0.142891988158226,0.40804794430732727,-0.5097737312316895,-0.12575402855873108,0.3910105526447296,-0.306528776884079,-0.08497575670480728,0.45487532019615173,-0.18301506340503693,0.05845634639263153,0.4452515244483948,-0.03657201677560806,0.01844879426062107,0.19783544540405273,-0.3280206322669983,-0.027836499735713005,0.01235973834991455,-0.23897750675678253,-0.0583358034491539,0.12787508964538574,-0.3028044104576111,-0.07050415128469467,C:/Users/ASUS/Downloads/3D_Human_Pose_NCKH/phase5_external_generalization/data/external_raw/Le2i/Coffee_room_02/Videos/video (57).avi,-1,-1,External
500,0.002003295347094536,0.0007971702143549919,-0.0023098443634808064,-0.09133660793304443,-0.028768256306648254,0.02828499674797058,-0.22979184985160828,-0.19684305787086487,-0.030658625066280365,-0.35342204570770264,0.23421120643615723,-0.06358098983764648,0.08884812146425247,0.024554075673222542,-0.0297583919018507,-0.003685366129502654,0.03984740376472473,-0.11584089696407318,-0.1456882655620575,0.49607038497924805,-0.17329755425453186,0.1460040658712387,-0.1586102545261383,-0.021321941167116165,0.30757689476013184,-0.33878663182258606,-0.07485189288854599,0.27941015362739563,-0.3481578230857849,-0.14648689329624176,0.38832157850265503,-0.49629950523376465,-0.129251629114151,0.38293012976646423,-0.2966216802597046,-0.09065848588943481,0.4408133327960968,-0.17859262228012085,0.05335647240281105,0.4296678602695465,-0.03954722359776497,0.01766308769583702,0.18632785975933075,-0.3196709156036377,-0.029109353199601173,-0.0041762832552194595,-0.22962504625320435,-0.06158719211816788,0.11424846202135086,-0.30431869626045227,-0.06625146418809891,C:/Users/ASUS/Downloads/3D_Human_Pose_NCKH/phase5_external_generalization/data/external_raw/Le2i/Coffee_room_02/Videos/video (57).avi,-1,-1,External
501,0.001682947389781475,0.0006736945360898972,-0.002248023170977831,-0.09246239066123962,-0.026875851675868034,0.029104815796017647,-0.23904509842395782,-0.1768360584974289,-0.03956888988614082,-0.35507145524024963,0.2656388580799103,-0.0826929360628128,0.08952859044075012,0.022800305858254433,-0.030278325080871582,-0.009004248306155205,0.06174686551094055,-0.1355886161327362,-0.14354239404201508,0.5318009257316589,-0.2039150446653366,0.14184428751468658,-0.1578742116689682,-0.022160604596138,0.29843953251838684,-0.33130550384521484,-0.07637880742549896,0.26577994227409363,-0.33637547492980957,-0.1474122703075409,0.36732423305511475,-0.4792086184024811,-0.1313907355070114,0.37436535954475403,-0.28657445311546326,-0.09292414784431458,0.4266732931137085,-0.16872099041938782,0.051005199551582336,0.41300374269485474,-0.03189011290669441,0.01908060349524021,0.1741870641708374,-0.31401148438453674,-0.027539515867829323,-0.018448956310749054,-0.22569477558135986,-0.06354188174009323,0.10053610801696777,-0.307124525308609,-0.0670199766755104,C:/Users/ASUS/Downloads/3D_Human_Pose_NCKH/phase5_external_generalization/data/external_raw/Le2i/Coffee_room_02/Videos/video (57).avi,-1,-1,External
502,0.0019401554018259048,0.000492471270263195,-0.002247726544737816,-0.09299042075872421,-0.027548346668481827,0.02765289507806301,-0.24559329450130463,-0.16044874489307404,-0.049772948026657104,-0.35932859778404236,0.2876407504081726,-0.10232219845056534,0.08940134197473526,0.023106401786208153,-0.029350174590945244,-0.010442398488521576,0.08540844172239304,-0.15785342454910278,-0.13950082659721375,0.5653109550476074,-0.2370406538248062,0.13932235538959503,-0.1583891659975052,-0.02117391675710678,0.28981173038482666,-0.323944091796875,-0.07953911274671555,0.2545064389705658,-0.3239902853965759,-0.14852061867713928,0.3438405394554138,-0.4600672721862793,-0.1364487111568451,0.3663986027240753,-0.2773546874523163,-0.0924173966050148,0.4167250692844391,-0.15790942311286926,0.05481274798512459,0.3986402451992035,-0.02309267967939377,0.026514343917369843,0.16287638247013092,-0.3101799786090851,-0.029951253905892372,-0.03522787243127823,-0.21958079934120178,-0.0720323771238327,0.08771374076604843,-0.31348803639411926,-0.0754878968000412,C:/Users/ASUS/Downloads/3D_Human_Pose_NCKH/phase5_external_generalization/data/external_raw/Le2i/Coffee_room_02/Videos/video (57).avi,-1,-1,External
503,0.0017779693007469177,0.00010627135634422302,-0.0020226668566465378,-0.09663901478052139,-0.03036632388830185,0.02575811743736267,-0.24888013303279877,-0.15386788547039032,-0.08749109506607056,-0.3561848998069763,0.2946668863296509,-0.1420632004737854,0.09264519810676575,0.02544311247766018,-0.026842419058084488,-0.00438262801617384,0.10116302222013474,-0.20323973894119263,-0.13432157039642334,0.5840824246406555,-0.2888147532939911,0.13851416110992432,-0.1569308191537857,-0.019225209951400757,0.28223708271980286,-0.31440630555152893,-0.08377820998430252,0.24607446789741516,-0.3066163659095764,-0.1531396061182022,0.3232986330986023,-0.43559882044792175,-0.1492317020893097,0.3641820251941681,-0.26419562101364136,-0.0940074473619461,0.41161230206489563,-0.13920775055885315,0.05796089768409729,0.38670220971107483,-0.0029494771733880043,0.02806936576962471,0.14915519952774048,-0.30678418278694153,-0.035401567816734314,-0.05042218416929245,-0.21840959787368774,-0.08703626692295074,0.0742798000574112,-0.32041993737220764,-0.09618030488491058,C:/Users/ASUS/Downloads/3D_Human_Pose_NCKH/phase5_external_generalization/data/external_raw/Le2i/Coffee_room_02/Videos/video (57).avi,-1,-1,External
504,0.0018375441431999207,-0.00045482348650693893,-0.0016713817603886127,-0.10416055470705032,-0.038230013102293015,0.022519191727042198,-0.2620304524898529,-0.16109345853328705,-0.15447384119033813,-0.36340829730033875,0.27886390686035156,-0.20897813141345978,0.10024949908256531,0.03271029517054558,-0.023265479132533073,0.005200935527682304,0.10967082530260086,-0.26969972252845764,-0.12400911748409271,0.5913447737693787,-0.3696509599685669,0.13793043792247772,-0.15499335527420044,-0.01370013877749443,0.273910790681839,-0.30430519580841064,-0.08636217564344406,0.23722386360168457,-0.28865039348602295,-0.15800543129444122,0.30228567123413086,-0.4114159643650055,-0.1675972193479538,0.36567002534866333,-0.2526606619358063,-0.0906127318739891,0.4089965224266052,-0.11964204907417297,0.07899130135774612,0.3729793429374695,0.01876812055706978,0.046535737812519073,0.13466216623783112,-0.3075171709060669,-0.04016478359699249,-0.07122243195772171,-0.2221275418996811,-0.1041334718465805,0.053492914885282516,-0.3294924795627594,-0.13473451137542725,C:/Users/ASUS/Downloads/3D_Human_Pose_NCKH/phase5_external_generalization/data/external_raw/Le2i/Coffee_room_02/Videos/video (57).avi,-1,-1,External
505,0.002318192273378372,-0.00088468287140131,-0.0010893470607697964,-0.1130388155579567,-0.05088482052087784,0.01642354391515255,-0.27642107009887695,-0.17804577946662903,-0.25128671526908875,-0.3748253881931305,0.25246477127075195,-0.29506608843803406,0.10911380499601364,0.04487936943769455,-0.017833177000284195,0.02201959304511547,0.12452336400747299,-0.3411206007003784,-0.11761651933193207,0.6046863794326782,-0.4641161859035492,0.13752393424510956,-0.15535220503807068,0.0018930919468402863,0.26746535301208496,-0.29624223709106445,-0.08200966566801071,0.23032298684120178,-0.27061599493026733,-0.15544329583644867,0.2756603956222534,-0.38716551661491394,-0.19093944132328033,0.37090763449668884,-0.2435980886220932,-0.07224416732788086,0.4128924012184143,-0.1054229587316513,0.12763015925884247,0.3609080910682678,0.04757480323314667,0.082832470536232,0.1214255690574646,-0.31274092197418213,-0.046854227781295776,-0.0951615422964096,-0.2234237939119339,-0.1196424588561058,0.025054916739463806,-0.3381482660770416,-0.19602170586585999,C:/Users/ASUS/Downloads/3D_Human_Pose_NCKH/phase5_external_generalization/data/external_raw/Le2i/Coffee_room_02/Videos/video (57).avi,-1,-1,External
506,0.002471666783094406,-0.000614396296441555,-0.00043303193524479866,-0.11718309670686722,-0.05815853923559189,0.015502598136663437,-0.27222877740859985,-0.1813632696866989,-0.32087936997413635,-0.382322758436203,0.27951788902282715,-0.3262313902378082,0.11425550282001495,0.05317997559905052,-0.017848804593086243,0.0524173378944397,0.16125044226646423,-0.3958713412284851,-0.1278732717037201,0.6219893097877502,-0.5380455851554871,0.13849270343780518,-0.15614290535449982,0.018629400059580803,0.2648179531097412,-0.29237669706344604,-0.09101400524377823,0.2241431176662445,-0.2461974322795868,-0.16923850774765015,0.2602822482585907,-0.3562917709350586,-0.23761104047298431,0.373857706785202,-0.23120014369487762,-0.06767383217811584,0.43259134888648987,-0.09414948523044586,0.15226402878761292,0.3687240481376648,0.08312324434518814,0.08186188340187073,0.10610939562320709,-0.310415118932724,-0.06929786503314972,-0.1128961443901062,-0.2069256454706192,-0.152262344956398,0.0015652184374630451,-0.3323497176170349,-0.2756499946117401,C:/Users/ASUS/Downloads/3D_Human_Pose_NCKH/phase5_external_generalization/data/external_raw/Le2i/Coffee_room_02/Videos/video (57).avi,-1,-1,External
507,0.002381298691034317,0.0005114972591400146,-0.00036203349009156227,-0.12475315481424332,-0.057536445558071136,0.02596505545079708,-0.2726359963417053,-0.146790012717247,-0.37608984112739563,-0.39275699853897095,0.3496820330619812,-0.33783790469169617,0.12425540387630463,0.05463920533657074,-0.02852976880967617,0.0525214746594429,0.1983463019132614,-0.431106299161911,-0.11368780583143234,0.645602285861969,-0.5628258585929871,0.1408458948135376,-0.16216817498207092,-0.00691993348300457,0.2538473308086395,-0.29610198736190796,-0.16287223994731903,0.22910264134407043,-0.24088212847709656,-0.2515643835067749,0.2487659901380539,-0.339106023311615,-0.33652034401893616,0.3630063235759735,-0.22932207584381104,-0.13616280257701874,0.4434519112110138,-0.09273935109376907,0.08809845894575119,0.3708951771259308,0.08636244386434555,-0.008326143026351929,0.08337913453578949,-0.30639198422431946,-0.14410065114498138,-0.13290931284427643,-0.18680480122566223,-0.20357584953308105,-0.011142550967633724,-0.33052513003349304,-0.3399830758571625,C:/Users/ASUS/Downloads/3D_Human_Pose_NCKH/phase5_external_generalization/data/external_raw/Le2i/Coffee_room_02/Videos/video (57).avi,-1,-1,External
508,0.0020986078307032585,0.0006257342174649239,-0.0005145920440554619,-0.12345445901155472,-0.04883894324302673,0.037335313856601715,-0.27127090096473694,-0.12845498323440552,-0.37083980441093445,-0.38466301560401917,0.3745707869529724,-0.36967146396636963,0.12330730259418488,0.04587160050868988,-0.03887119144201279,0.054126985371112823,0.20233909785747528,-0.4364868402481079,-0.10017012804746628,0.6499077677726746,-0.5629125237464905,0.16140367090702057,-0.1593603938817978,0.05204334855079651,0.25743818283081055,-0.3138622045516968,-0.07986247539520264,0.235647052526474,-0.259421706199646,-0.1702107936143875,0.25979554653167725,-0.3537941575050354,-0.26075637340545654,0.3631971776485443,-0.2417529672384262,-0.06581853330135345,0.4569176137447357,-0.0963653177022934,0.13821139931678772,0.3807307779788971,0.07495495676994324,0.0029860511422157288,0.09033800661563873,-0.3177799880504608,-0.05407341569662094,-0.1328180581331253,-0.18975400924682617,-0.09135753661394119,-0.021361809223890305,-0.3485623896121979,-0.22258444130420685,C:/Users/ASUS/Downloads/3D_Human_Pose_NCKH/phase5_external_generalization/data/external_raw/Le2i/Coffee_room_02/Videos/video (57).avi,-1,-1,External
509,0.00200662761926651,0.0005471734330058098,-0.0005826498381793499,-0.12318440526723862,-0.045311007648706436,0.03954397886991501,-0.2735052704811096,-0.1249275729060173,-0.36362704634666443,-0.38291990756988525,0.38298526406288147,-0.36863410472869873,0.12329304218292236,0.042081318795681,-0.04030779376626015,0.05190495774149895,0.20000195503234863,-0.4412272572517395,-0.0982079803943634,0.6452133059501648,-0.5713748335838318,0.16765139997005463,-0.1539452075958252,0.08364493399858475,0.25695323944091797,-0.31883201003074646,-0.031986698508262634,0.23701366782188416,-0.263030469417572,-0.12549620866775513,0.26260805130004883,-0.3560062348842621,-0.21379534900188446,0.36101797223091125,-0.24534517526626587,-0.02471078932285309,0.45905372500419617,-0.0950482115149498,0.16159924864768982,0.3787626624107361,0.07026737928390503,0.01536392793059349,0.09130461513996124,-0.3186842203140259,-0.0051526036113500595,-0.1399829387664795,-0.18870316445827484,-0.04865408316254616,-0.02834482677280903,-0.35217639803886414,-0.17756010591983795,C:/Users/ASUS/Downloads/3D_Human_Pose_NCKH/phase5_external_generalization/data/external_raw/Le2i/Coffee_room_02/Videos/video (57).avi,-1,-1,External
510,0.0020516086369752884,0.0005408469587564468,-0.0006446479819715023,-0.12334287911653519,-0.042143315076828,0.04023713245987892,-0.2791841924190521,-0.1195656955242157,-0.3620392978191376,-0.3859517276287079,0.3895847797393799,-0.36621546745300293,0.12343056499958038,0.03916419297456741,-0.040569063276052475,0.048202939331531525,0.20184536278247833,-0.4445384740829468,-0.09665513038635254,0.6498355269432068,-0.5780044198036194,0.17352443933486938,-0.1504639983177185,0.09677226841449738,0.2588106691837311,-0.31916120648384094,-0.017972499132156372,0.24132436513900757,-0.262446790933609,-0.11390765756368637,0.2681078314781189,-0.35581111907958984,-0.2040484994649887,0.36301854252815247,-0.24208766222000122,-0.006484001409262419,0.46704617142677307,-0.09063871204853058,0.17590758204460144,0.3835102319717407,0.07111921161413193,0.015184663236141205,0.0946435034275055,-0.31779831647872925,0.010465133935213089,-0.14861711859703064,-0.18933923542499542,-0.030365582555532455,-0.03144976869225502,-0.3599071800708771,-0.15064667165279388,C:/Users/ASUS/Downloads/3D_Human_Pose_NCKH/phase5_external_generalization/data/external_raw/Le2i/Coffee_room_02/Videos/video (57).avi,-1,-1,External
511,0.002052213065326214,0.00047725439071655273,-0.0005478998646140099,-0.12320568412542343,-0.04150313511490822,0.04161667823791504,-0.2830697298049927,-0.1178654283285141,-0.36049994826316833,-0.39013907313346863,0.3925248980522156,-0.36008885502815247,0.12340356409549713,0.03846139460802078,-0.04166499152779579,0.046979472041130066,0.20363584160804749,-0.4459754228591919,-0.09884592145681381,0.6528131365776062,-0.5743804574012756,0.17605286836624146,-0.14981655776500702,0.08975175023078918,0.2580510377883911,-0.3171748220920563,-0.032261740416288376,0.24192658066749573,-0.2608313262462616,-0.1275688260793686,0.2696121335029602,-0.3536827266216278,-0.2196716070175171,0.36333224177360535,-0.2386123538017273,-0.018842827528715134,0.47101321816444397,-0.09052471816539764,0.1719290316104889,0.38496941328048706,0.07206626981496811,0.00785757601261139,0.09525533020496368,-0.3155663311481476,-0.0003003571182489395,-0.1514592468738556,-0.1881795972585678,-0.03006606176495552,-0.03395625576376915,-0.36449119448661804,-0.14969046413898468,C:/Users/ASUS/Downloads/3D_Human_Pose_NCKH/phase5_external_generalization/data/external_raw/Le2i/Coffee_room_02/Videos/video (57).avi,-1,-1,External
512,0.0021660104393959045,0.0005566282197833061,-0.0006368500180542469,-0.12378858774900436,-0.04148129001259804,0.04139956086874008,-0.28685325384140015,-0.11535756289958954,-0.3598376214504242,-0.3951818645000458,0.39656543731689453,-0.3529200553894043,0.12409667670726776,0.03841576725244522,-0.041772741824388504,0.04509744793176651,0.20837196707725525,-0.4461630582809448,-0.10047943890094757,0.6581413745880127,-0.5736091732978821,0.1766241192817688,-0.1503608524799347,0.08056129515171051,0.25621747970581055,-0.3150174617767334,-0.05133067071437836,0.24139192700386047,-0.25928282737731934,-0.14642533659934998,0.26740822196006775,-0.3510834276676178,-0.23958274722099304,0.36244460940361023,-0.2362983673810959,-0.03595437481999397,0.4722751975059509,-0.08791476488113403,0.1598411202430725,0.38478872179985046,0.0738525241613388,0.0006597302854061127,0.09369446337223053,-0.31343844532966614,-0.017074594274163246,-0.155979186296463,-0.18534889817237854,-0.03675500303506851,-0.03547627106308937,-0.36680445075035095,-0.1548452079296112,C:/Users/ASUS/Downloads/3D_Human_Pose_NCKH/phase5_external_generalization/data/external_raw/Le2i/Coffee_room_02/Videos/video (57).avi,-1,-1,External
513,0.002248486503958702,0.0006377249956130981,-0.0006680316291749477,-0.12430966645479202,-0.04161939024925232,0.04134726524353027,-0.2893293499946594,-0.11254756897687912,-0.3598311245441437,-0.39822861552238464,0.400380402803421,-0.35095134377479553,0.12462542951107025,0.038509551435709,-0.041968248784542084,0.04405325651168823,0.2129824161529541,-0.44617676734924316,-0.09978412091732025,0.663211464881897,-0.5731586217880249,0.17665626108646393,-0.1510678082704544,0.07425686717033386,0.2549159824848175,-0.31417495012283325,-0.06362877041101456,0.24072188138961792,-0.2592394948005676,-0.15882329642772675,0.2658049166202545,-0.3505215346813202,-0.25285041332244873,0.36152181029319763,-0.23555412888526917,-0.047535281628370285,0.47259870171546936,-0.08611921966075897,0.14981906116008759,0.3836352229118347,0.0747276321053505,-0.0065767597407102585,0.09250223636627197,-0.3126155734062195,-0.028089415282011032,-0.1580313891172409,-0.18352879583835602,-0.04204307496547699,-0.035097893327474594,-0.3671957552433014,-0.1581672877073288,C:/Users/ASUS/Downloads/3D_Human_Pose_NCKH/phase5_external_generalization/data/external_raw/Le2i/Coffee_room_02/Videos/video (57).avi,-1,-1,External
514,0.002330237999558449,0.000686002429574728,-0.0007275897078216076,-0.12411590665578842,-0.04140181094408035,0.04189710319042206,-0.29121866822242737,-0.10989949852228165,-0.3589193522930145,-0.40043777227401733,0.4032456576824188,-0.35144373774528503,0.12435361742973328,0.03831459954380989,-0.04265309125185013,0.04364452883601189,0.2157304435968399,-0.44672131538391113,-0.09850676357746124,0.666388988494873,-0.5719245672225952,0.1774134784936905,-0.15145742893218994,0.06791536509990692,0.25473442673683167,-0.3124642074108124,-0.07349958270788193,0.24103453755378723,-0.2590348720550537,-0.16925932466983795,0.26594847440719604,-0.35021740198135376,-0.26143521070480347,0.36139461398124695,-0.234627366065979,-0.05841081216931343,0.4746173620223999,-0.0853048786520958,0.13742958009243011,0.3834959864616394,0.07469621300697327,-0.022314921021461487,0.09222367405891418,-0.31169962882995605,-0.03663314878940582,-0.1578819900751114,-0.18159516155719757,-0.050875335931777954,-0.035301852971315384,-0.36835193634033203,-0.16157104074954987,C:/Users/ASUS/Downloads/3D_Human_Pose_NCKH/phase5_external_generalization/data/external_raw/Le2i/Coffee_room_02/Videos/video (57).avi,-1,-1,External
515,0.0023378869518637657,0.0007837000302970409,-0.000803790520876646,-0.12369062751531601,-0.04093949496746063,0.04285033792257309,-0.2927556037902832,-0.10727955400943756,-0.3576761484146118,-0.40272945165634155,0.4060642123222351,-0.3525702953338623,0.12391136586666107,0.038037046790122986,-0.04362794756889343,0.043913185596466064,0.21808061003684998,-0.4477194547653198,-0.09704458713531494,0.6687878370285034,-0.5705257058143616,0.17764554917812347,-0.1523977816104889,0.05954635888338089,0.25411683320999146,-0.310579389333725,-0.08577578514814377,0.24122005701065063,-0.2588867247104645,-0.18267202377319336,0.26598018407821655,-0.34946611523628235,-0.2711152732372284,0.36095425486564636,-0.23367470502853394,-0.0719102993607521,0.4758102297782898,-0.08393920212984085,0.12084051221609116,0.3824576437473297,0.0749501958489418,-0.04108845815062523,0.0915200263261795,-0.3109293282032013,-0.0475279837846756,-0.15714164078235626,-0.17875415086746216,-0.06417878717184067,-0.03470216691493988,-0.36853161454200745,-0.1690993756055832,C:/Users/ASUS/Downloads/3D_Human_Pose_NCKH/phase5_external_generalization/data/external_raw/Le2i/Coffee_room_02/Videos/video (57).avi,-1,-1,External
516,0.0023851897567510605,0.0007760152220726013,-0.0007445318624377251,-0.12324322015047073,-0.03993228077888489,0.04379478842020035,-0.2931394577026367,-0.10655325651168823,-0.35564330220222473,-0.4029030501842499,0.40595048666000366,-0.3525339365005493,0.12355808913707733,0.03693297505378723,-0.04461541771888733,0.04519220069050789,0.2173079252243042,-0.44662749767303467,-0.09561927616596222,0.6669443249702454,-0.5672532320022583,0.17801541090011597,-0.15164399147033691,0.059530019760131836,0.25311654806137085,-0.30844902992248535,-0.08669359236955643,0.2394670844078064,-0.25755777955055237,-0.18350504338741302,0.26490044593811035,-0.34744858741760254,-0.27026787400245667,0.36031171679496765,-0.232012540102005,-0.07426141947507858,0.47791025042533875,-0.08400268852710724,0.11878035217523575,0.3839874267578125,0.07552745938301086,-0.04568862542510033,0.09123444557189941,-0.3089078664779663,-0.04691099375486374,-0.15541207790374756,-0.1764874905347824,-0.06300262361764908,-0.03522810712456703,-0.3672075569629669,-0.16717372834682465,C:/Users/ASUS/Downloads/3D_Human_Pose_NCKH/phase5_external_generalization/data/external_raw/Le2i/Coffee_room_02/Videos/video (57).avi,-1,-1,External
517,0.002339547500014305,0.0007679769769310951,-0.0007595648057758808,-0.12320832163095474,-0.038833677768707275,0.04445003718137741,-0.2931341528892517,-0.10660148411989212,-0.3549266457557678,-0.4021710455417633,0.40609249472618103,-0.35292619466781616,0.12369443476200104,0.03583592176437378,-0.04516297206282616,0.04643036797642708,0.21600736677646637,-0.44673648476600647,-0.09349948167800903,0.6652730107307434,-0.5646121501922607,0.17756816744804382,-0.15114842355251312,0.059238940477371216,0.25158634781837463,-0.30704474449157715,-0.08811718225479126,0.23729464411735535,-0.25539082288742065,-0.18530939519405365,0.26317083835601807,-0.34518498182296753,-0.2708241045475006,0.3589058220386505,-0.23072144389152527,-0.07574814558029175,0.4778207242488861,-0.08335128426551819,0.11655690521001816,0.38509035110473633,0.07484771311283112,-0.05015262961387634,0.09027938544750214,-0.30702435970306396,-0.04760804772377014,-0.154083713889122,-0.17459902167320251,-0.06351107358932495,-0.03507890924811363,-0.364335298538208,-0.16832472383975983,C:/Users/ASUS/Downloads/3D_Human_Pose_NCKH/phase5_external_generalization/data/external_raw/Le2i/Coffee_room_02/Videos/video (57).avi,-1,-1,External
518,0.002339845523238182,0.0007369052618741989,-0.0007545268163084984,-0.12343604117631912,-0.03910388424992561,0.044651053845882416,-0.2930244505405426,-0.10548462718725204,-0.3544521927833557,-0.40214571356773376,0.40743014216423035,-0.35271888971328735,0.12393520772457123,0.036063820123672485,-0.04529476538300514,0.047461315989494324,0.21677081286907196,-0.4467698633670807,-0.09149304777383804,0.6661779284477234,-0.5634211897850037,0.1768508106470108,-0.15127453207969666,0.05646101385354996,0.2506013512611389,-0.30636411905288696,-0.0929863452911377,0.2361290156841278,-0.2543429732322693,-0.1904849410057068,0.26204854249954224,-0.3436611294746399,-0.27569881081581116,0.35815492272377014,-0.23018060624599457,-0.08044353872537613,0.47789013385772705,-0.08357159048318863,0.11233247071504593,0.38620659708976746,0.07448301464319229,-0.052245501428842545,0.08947040140628815,-0.30607736110687256,-0.05203220248222351,-0.15354527533054352,-0.17319300770759583,-0.06751932948827744,-0.03418774530291557,-0.3625352680683136,-0.17313526570796967,C:/Users/ASUS/Downloads/3D_Human_Pose_NCKH/phase5_external_generalization/data/external_raw/Le2i/Coffee_room_02/Videos/video (57).avi,-1,-1,External
519,0.0023283008486032486,0.0007337750867009163,-0.0007970863953232765,-0.12398495525121689,-0.038718827068805695,0.04500461369752884,-0.2937193512916565,-0.10473452508449554,-0.3545197546482086,-0.40179792046546936,0.40825164318084717,-0.3528631329536438,0.12463109195232391,0.03565412387251854,-0.04561878368258476,0.048123642802238464,0.21557046473026276,-0.4474095404148102,-0.09000680595636368,0.6655134558677673,-0.5625044107437134,0.17624877393245697,-0.15102049708366394,0.05804271250963211,0.2492702454328537,-0.30587098002433777,-0.09210694581270218,0.23417872190475464,-0.2524881064891815,-0.18979310989379883,0.2601392865180969,-0.3418550193309784,-0.27648741006851196,0.3570062518119812,-0.22935059666633606,-0.07852136343717575,0.4769759774208069,-0.0831025093793869,0.11420450359582901,0.3875557780265808,0.07483525574207306,-0.049820426851511,0.08825762569904327,-0.304669052362442,-0.051004186272621155,-0.15338648855686188,-0.17251594364643097,-0.06500376015901566,-0.03359973058104515,-0.35946574807167053,-0.1736985594034195,C:/Users/ASUS/Downloads/3D_Human_Pose_NCKH/phase5_external_generalization/data/external_raw/Le2i/Coffee_room_02/Videos/video (57).avi,-1,-1,External
520,0.002293800003826618,0.0007147756405174732,-0.0007619247771799564,-0.12429478019475937,-0.03816572204232216,0.04553897678852081,-0.29381680488586426,-0.10324523597955704,-0.35390591621398926,-0.4011484980583191,0.40988340973854065,-0.3527204096317291,0.12493282556533813,0.035064250230789185,-0.04621916264295578,0.04838580638170242,0.2151695340871811,-0.4471145272254944,-0.08893521130084991,0.6652786135673523,-0.5608935952186584,0.17596425116062164,-0.15096771717071533,0.05905058979988098,0.2479064017534256,-0.30604690313339233,-0.09149933606386185,0.23239931464195251,-0.25196969509124756,-0.18941082060337067,0.2584262490272522,-0.34068596363067627,-0.2759207785129547,0.35562804341316223,-0.22967715561389923,-0.07745292037725449,0.47658607363700867,-0.0836678072810173,0.11406836658716202,0.388525128364563,0.07403092086315155,-0.05098762363195419,0.0873316079378128,-0.3041844069957733,-0.05055149644613266,-0.1530681699514389,-0.17234712839126587,-0.06559319794178009,-0.032391034066677094,-0.3572990596294403,-0.17626889050006866,C:/Users/ASUS/Downloads/3D_Human_Pose_NCKH/phase5_external_generalization/data/external_raw/Le2i/Coffee_room_02/Videos/video (57).avi,-1,-1,External
521,0.002375076524913311,0.0006960500031709671,-0.0008231243118643761,-0.12488647550344467,-0.03827114403247833,0.04548712819814682,-0.29493409395217896,-0.1013118103146553,-0.35446056723594666,-0.40197667479515076,0.4118439555168152,-0.3530619442462921,0.1254359632730484,0.03498179093003273,-0.046236276626586914,0.049096956849098206,0.2159927487373352,-0.4460974335670471,-0.0876341462135315,0.666873037815094,-0.5578173995018005,0.175825834274292,-0.15160611271858215,0.059257932007312775,0.247576043009758,-0.30612432956695557,-0.09271018952131271,0.23179209232330322,-0.2513115108013153,-0.19024205207824707,0.25746554136276245,-0.3395848274230957,-0.27738818526268005,0.35544848442077637,-0.22982412576675415,-0.07704823464155197,0.4775647222995758,-0.0843873918056488,0.1137104332447052,0.3907662034034729,0.0748928114771843,-0.05140368640422821,0.08668726682662964,-0.3042246103286743,-0.05237935483455658,-0.15340758860111237,-0.17263947427272797,-0.06749096512794495,-0.032419949769973755,-0.35580122470855713,-0.18107344210147858,C:/Users/ASUS/Downloads/3D_Human_Pose_NCKH/phase5_external_generalization/data/external_raw/Le2i/Coffee_room_02/Videos/video (57).avi,-1,-1,External
522,0.00231020525097847,0.0006920020096004009,-0.000791400671005249,-0.12483463436365128,-0.037116099148988724,0.04618391394615173,-0.2956397533416748,-0.10062641650438309,-0.3533678352832794,-0.40169569849967957,0.4127592444419861,-0.35340550541877747,0.1254231333732605,0.033827975392341614,-0.046884145587682724,0.04919470474123955,0.21420569717884064,-0.44606131315231323,-0.08691529184579849,0.6647971868515015,-0.5565146207809448,0.1761673539876938,-0.15100322663784027,0.062339603900909424,0.24688874185085297,-0.30631035566329956,-0.08750207722187042,0.23053309321403503,-0.25162556767463684,-0.18505005538463593,0.25709429383277893,-0.3390178978443146,-0.27032893896102905,0.3547458052635193,-0.23024554550647736,-0.0723695382475853,0.47775259613990784,-0.08466625958681107,0.11671382933855057,0.3909047842025757,0.07500661909580231,-0.05164659395813942,0.08656695485115051,-0.30365189909935,-0.04725979268550873,-0.1527944803237915,-0.17200639843940735,-0.0647018700838089,-0.03215145692229271,-0.35424330830574036,-0.17848734557628632,C:/Users/ASUS/Downloads/3D_Human_Pose_NCKH/phase5_external_generalization/data/external_raw/Le2i/Coffee_room_02/Videos/video (57).avi,-1,-1,External
523,0.002312866970896721,0.0006804270669817924,-0.0007959851063787937,-0.12473567575216293,-0.03640685975551605,0.0468289852142334,-0.2970101833343506,-0.09951384365558624,-0.3518170714378357,-0.4027465879917145,0.4140531122684479,-0.35304662585258484,0.12522046267986298,0.033010706305503845,-0.04756120219826698,0.049354758113622665,0.213332861661911,-0.4457153081893921,-0.08620389550924301,0.6637734770774841,-0.5546702742576599,0.17653122544288635,-0.15080349147319794,0.0633702278137207,0.24646879732608795,-0.30614447593688965,-0.08538296818733215,0.2297966480255127,-0.2516915798187256,-0.18244768679141998,0.25700998306274414,-0.33797958493232727,-0.2657991647720337,0.3543477952480316,-0.23062507808208466,-0.0703267827630043,0.4787479341030121,-0.08513808250427246,0.11735241860151291,0.3916037976741791,0.07558415085077286,-0.05410127341747284,0.08626031875610352,-0.3032926023006439,-0.04545041173696518,-0.15288756787776947,-0.17140579223632812,-0.06605243682861328,-0.032928068190813065,-0.3533066511154175,-0.17905664443969727,C:/Users/ASUS/Downloads/3D_Human_Pose_NCKH/phase5_external_generalization/data/external_raw/Le2i/Coffee_room_02/Videos/video (57).avi,-1,-1,External
524,0.0023119552060961723,0.0006830408237874508,-0.0007748869247734547,-0.12479377537965775,-0.036357179284095764,0.04709959775209427,-0.29885944724082947,-0.09749894589185715,-0.3509533703327179,-0.4047670066356659,0.41643011569976807,-0.35278356075286865,0.1251719444990158,0.03289572149515152,-0.047882597893476486,0.04893751069903374,0.21414117515087128,-0.44577887654304504,-0.08597435057163239,0.6641845703125,-0.5542488694190979,0.17665068805217743,-0.15133464336395264,0.06309317797422409,0.24651454389095306,-0.30658459663391113,-0.08526001125574112,0.23007792234420776,-0.2528291940689087,-0.18200363218784332,0.25752753019332886,-0.3379371464252472,-0.2638460695743561,0.3544708788394928,-0.23147407174110413,-0.07010937482118607,0.4793412685394287,-0.08506499230861664,0.11566979438066483,0.3921205699443817,0.07633894681930542,-0.05778876692056656,0.08608803153038025,-0.30393660068511963,-0.04592879116535187,-0.15350870788097382,-0.1713411509990692,-0.0702129527926445,-0.033397212624549866,-0.353461354970932,-0.18182949721813202,C:/Users/ASUS/Downloads/3D_Human_Pose_NCKH/phase5_external_generalization/data/external_raw/Le2i/Coffee_room_02/Videos/video (57).avi,-1,-1,External
525,0.0022917278110980988,0.0007112808525562286,-0.0007653310894966125,-0.12473265081644058,-0.035973526537418365,0.04727030545473099,-0.3009399175643921,-0.09622718393802643,-0.3507344424724579,-0.4064963161945343,0.41874900460243225,-0.3532191514968872,0.12512679398059845,0.0324820838868618,-0.04800274968147278,0.04726344719529152,0.21429264545440674,-0.44708025455474854,-0.08645154535770416,0.6639643907546997,-0.557320237159729,0.17651920020580292,-0.1513623595237732,0.0623587965965271,0.24638451635837555,-0.30625489354133606,-0.08506561070680618,0.23059764504432678,-0.253339558839798,-0.18175558745861053,0.25823071599006653,-0.33698809146881104,-0.2619434595108032,0.3543585240840912,-0.2314939796924591,-0.07053372263908386,0.47914549708366394,-0.08317920565605164,0.11334719508886337,0.3910844027996063,0.07759419083595276,-0.06142403557896614,0.08601807057857513,-0.3034732937812805,-0.04599219560623169,-0.15411965548992157,-0.16967998445034027,-0.07369284331798553,-0.03400782123208046,-0.35271450877189636,-0.18415598571300507,C:/Users/ASUS/Downloads/3D_Human_Pose_NCKH/phase5_external_generalization/data/external_raw/Le2i/Coffee_room_02/Videos/video (57).avi,-1,-1,External
526,0.0022939126938581467,0.000733597669750452,-0.000768683385103941,-0.12473724037408829,-0.035722766071558,0.04731571674346924,-0.3032837510108948,-0.09461230784654617,-0.35040393471717834,-0.40869638323783875,0.420764684677124,-0.35296112298965454,0.12508143484592438,0.03217846900224686,-0.048058491200208664,0.04577875882387161,0.214381143450737,-0.44731658697128296,-0.08698717504739761,0.6640336513519287,-0.5586221814155579,0.17677490413188934,-0.1512557417154312,0.06306321173906326,0.24641864001750946,-0.3060290813446045,-0.08326326310634613,0.23111826181411743,-0.25389039516448975,-0.17937183380126953,0.2588350474834442,-0.33589571714401245,-0.2586632966995239,0.3544482886791229,-0.23156143724918365,-0.06928976625204086,0.479723185300827,-0.08177856355905533,0.1129843145608902,0.3911861777305603,0.0787438377737999,-0.06304846704006195,0.08607523143291473,-0.3034530282020569,-0.04429679363965988,-0.15498709678649902,-0.16908158361911774,-0.0739821046590805,-0.03510052338242531,-0.3528592884540558,-0.18487291038036346,C:/Users/ASUS/Downloads/3D_Human_Pose_NCKH/phase5_external_generalization/data/external_raw/Le2i/Coffee_room_02/Videos/video (57).avi,-1,-1,External
527,0.0022778790444135666,0.0007297825068235397,-0.0007805940695106983,-0.12487935274839401,-0.03527163714170456,0.04705905169248581,-0.30581429600715637,-0.09347458183765411,-0.35079383850097656,-0.4104052782058716,0.4222297966480255,-0.3534148931503296,0.12526191771030426,0.03168485686182976,-0.04784166440367699,0.044286616146564484,0.21387618780136108,-0.4470917582511902,-0.08747309446334839,0.6637164354324341,-0.5590893626213074,0.17725373804569244,-0.1508980244398117,0.06651010364294052,0.24656908214092255,-0.3061196804046631,-0.07746806740760803,0.2315208911895752,-0.25445905327796936,-0.17314587533473969,0.259277880191803,-0.3353171944618225,-0.2523324191570282,0.3547729253768921,-0.23186008632183075,-0.06385471671819687,0.4805673658847809,-0.08103504031896591,0.11801417917013168,0.3918820023536682,0.07863049954175949,-0.060081589967012405,0.0864369124174118,-0.3036377727985382,-0.03860529512166977,-0.1555435210466385,-0.1691085696220398,-0.06803472340106964,-0.036909595131874084,-0.3532229959964752,-0.1809455007314682,C:/Users/ASUS/Downloads/3D_Human_Pose_NCKH/phase5_external_generalization/data/external_raw/Le2i/Coffee_room_02/Videos/video (57).avi,-1,-1,External
528,0.002329624257981777,0.0006909817457199097,-0.0007827109657227993,-0.1251745969057083,-0.03585859760642052,0.04610013961791992,-0.3088143467903137,-0.09191162884235382,-0.35177740454673767,-0.41386690735816956,0.42316386103630066,-0.3521499037742615,0.1255263090133667,0.03219931572675705,-0.04688970372080803,0.04349157214164734,0.2149028778076172,-0.4462777376174927,-0.0877520889043808,0.6642343401908875,-0.5598074793815613,0.1776026040315628,-0.15062575042247772,0.06953883916139603,0.24767182767391205,-0.3066070079803467,-0.07163619995117188,0.23326042294502258,-0.25528547167778015,-0.16667039692401886,0.2604275345802307,-0.33612820506095886,-0.247720405459404,0.3565826714038849,-0.2323019653558731,-0.058586928993463516,0.48359280824661255,-0.0818885862827301,0.12577541172504425,0.3939066529273987,0.07820092886686325,-0.0525832362473011,0.08743773400783539,-0.3047522306442261,-0.03231506794691086,-0.15739835798740387,-0.17114616930484772,-0.05950688570737839,-0.03898957371711731,-0.3563702404499054,-0.1757218986749649,C:/Users/ASUS/Downloads/3D_Human_Pose_NCKH/phase5_external_generalization/data/external_raw/Le2i/Coffee_room_02/Videos/video (57).avi,-1,-1,External
529,0.002352563664317131,0.0007036617025732994,-0.0007644044235348701,-0.12516818940639496,-0.03622741252183914,0.045155055820941925,-0.3119630217552185,-0.0901259183883667,-0.35232773423194885,-0.41772159934043884,0.4241805970668793,-0.3516472578048706,0.1254138946533203,0.0327131450176239,-0.04602475464344025,0.04229823499917984,0.21530063450336456,-0.445175439119339,-0.0883893072605133,0.6646060347557068,-0.5607998967170715,0.17816856503486633,-0.15035991370677948,0.0716378390789032,0.24906577169895172,-0.3065049946308136,-0.06708914786577225,0.23482295870780945,-0.2559157907962799,-0.1609652191400528,0.2619614601135254,-0.33655688166618347,-0.24340130388736725,0.35853734612464905,-0.23233886063098907,-0.05430125817656517,0.4859124422073364,-0.08263000100851059,0.13297609984874725,0.39521557092666626,0.07942464202642441,-0.0449053980410099,0.08844877779483795,-0.30560389161109924,-0.027318889275193214,-0.15857352316379547,-0.17261874675750732,-0.05284210294485092,-0.040771257132291794,-0.3589325249195099,-0.1709921807050705,C:/Users/ASUS/Downloads/3D_Human_Pose_NCKH/phase5_external_generalization/data/external_raw/Le2i/Coffee_room_02/Videos/video (57).avi,-1,-1,External
530,0.0023389048874378204,0.0007913839071989059,-0.0007942956872284412,-0.1253337413072586,-0.03622344881296158,0.0442952886223793,-0.3148481547832489,-0.0888880267739296,-0.3529224097728729,-0.42122501134872437,0.4247511327266693,-0.35179340839385986,0.12555362284183502,0.03296007961034775,-0.04518086835741997,0.041520774364471436,0.21427969634532928,-0.44489094614982605,-0.08878020942211151,0.6634746789932251,-0.5622738599777222,0.17826533317565918,-0.14983506500720978,0.07444971799850464,0.2503412067890167,-0.30655765533447266,-0.060228049755096436,0.23591181635856628,-0.2563585042953491,-0.15305042266845703,0.26344287395477295,-0.33735013008117676,-0.2358010858297348,0.3603326976299286,-0.232697993516922,-0.047840628772974014,0.48793208599090576,-0.08390790969133377,0.14087967574596405,0.39715105295181274,0.07927823066711426,-0.03766447305679321,0.08929702639579773,-0.30643925070762634,-0.019896410405635834,-0.15961362421512604,-0.1746281385421753,-0.046930767595767975,-0.04219608008861542,-0.3610985279083252,-0.16548924148082733,C:/Users/ASUS/Downloads/3D_Human_Pose_NCKH/phase5_external_generalization/data/external_raw/Le2i/Coffee_room_02/Videos/video (57).avi,-1,-1,External
531,0.002304266206920147,0.0006662588566541672,-0.0007389876991510391,-0.1250481754541397,-0.03706895560026169,0.0437241867184639,-0.31547558307647705,-0.08804132044315338,-0.3515755832195282,-0.4229360520839691,0.42566952109336853,-0.3503305912017822,0.12520302832126617,0.0338098369538784,-0.04443778470158577,0.040891509503126144,0.21439296007156372,-0.44433170557022095,-0.08904941380023956,0.6626802086830139,-0.5637077689170837,0.1783374398946762,-0.1495768129825592,0.0747675821185112,0.25126346945762634,-0.30774152278900146,-0.057150550186634064,0.23700043559074402,-0.2573063373565674,-0.1494409590959549,0.264664888381958,-0.33778220415115356,-0.23228782415390015,0.36138418316841125,-0.2340843677520752,-0.04564570635557175,0.48874953389167786,-0.0871647447347641,0.1447160542011261,0.39823365211486816,0.07788272202014923,-0.03313286975026131,0.09045712649822235,-0.30776867270469666,-0.01708250492811203,-0.16008378565311432,-0.17630824446678162,-0.045577604323625565,-0.04167502000927925,-0.36207881569862366,-0.1641351878643036,C:/Users/ASUS/Downloads/3D_Human_Pose_NCKH/phase5_external_generalization/data/external_raw/Le2i/Coffee_room_02/Videos/video (57).avi,-1,-1,External
532,0.0023611458018422127,0.0007968326099216938,-0.000770889688283205,-0.12527324259281158,-0.03737536072731018,0.04320014268159866,-0.3180048167705536,-0.08644434064626694,-0.35171180963516235,-0.4268379509449005,0.4266726076602936,-0.3511146903038025,0.12530748546123505,0.03429252281785011,-0.04395517706871033,0.04018057510256767,0.21439684927463531,-0.44429832696914673,-0.08971594274044037,0.6629318594932556,-0.5654046535491943,0.17812639474868774,-0.14968013763427734,0.07471393048763275,0.25224655866622925,-0.30709370970726013,-0.05545981228351593,0.23814672231674194,-0.2576404809951782,-0.14617274701595306,0.2661505937576294,-0.33736947178840637,-0.22883856296539307,0.3627544343471527,-0.23381175100803375,-0.043887630105018616,0.4897538125514984,-0.0877174362540245,0.14759546518325806,0.39955729246139526,0.07908820360898972,-0.028027046471834183,0.09052258729934692,-0.3085695505142212,-0.015124684199690819,-0.1615237295627594,-0.17719268798828125,-0.046706411987543106,-0.042169153690338135,-0.36348143219947815,-0.16274204850196838,C:/Users/ASUS/Downloads/3D_Human_Pose_NCKH/phase5_external_generalization/data/external_raw/Le2i/Coffee_room_02/Videos/video (57).avi,-1,-1,External
533,0.0024099834263324738,0.0007480382919311523,-0.00074814073741436,-0.1251506507396698,-0.03785479813814163,0.042701609432697296,-0.3194064497947693,-0.08562649041414261,-0.3512955605983734,-0.42970409989356995,0.42725422978401184,-0.35149797797203064,0.12502355873584747,0.03481574356555939,-0.043396372348070145,0.039923056960105896,0.2144673615694046,-0.44437605142593384,-0.09011918306350708,0.6629079580307007,-0.5674835443496704,0.1778305470943451,-0.14974519610404968,0.07399985939264297,0.25299185514450073,-0.3066291809082031,-0.05478157103061676,0.23933172225952148,-0.25761571526527405,-0.1441919058561325,0.2674490511417389,-0.33672258257865906,-0.22692734003067017,0.36360469460487366,-0.23365534842014313,-0.04351600259542465,0.4902072846889496,-0.08905879408121109,0.15004941821098328,0.40029898285865784,0.07941386103630066,-0.022503897547721863,0.09069843590259552,-0.30919039249420166,-0.014811597764492035,-0.16218745708465576,-0.17787855863571167,-0.047915827482938766,-0.042417604476213455,-0.36457860469818115,-0.16099633276462555,C:/Users/ASUS/Downloads/3D_Human_Pose_NCKH/phase5_external_generalization/data/external_raw/Le2i/Coffee_room_02/Videos/video (57).avi,-1,-1,External
534,0.0024217162281274796,0.0007550083100795746,-0.0007432522252202034,-0.12503941357135773,-0.03814949467778206,0.04254085570573807,-0.32035863399505615,-0.08491002023220062,-0.3506131172180176,-0.431521475315094,0.42788681387901306,-0.3518489599227905,0.12491066753864288,0.03520774468779564,-0.043209176510572433,0.03912802040576935,0.21431319415569305,-0.4447696805000305,-0.09069164097309113,0.6624376773834229,-0.5699066519737244,0.17750141024589539,-0.14974205195903778,0.07251881062984467,0.2531741261482239,-0.3060726523399353,-0.055676184594631195,0.2399793267250061,-0.25767049193382263,-0.1444450467824936,0.2682211995124817,-0.33632802963256836,-0.22646014392375946,0.3639582693576813,-0.23328155279159546,-0.04517431557178497,0.4898398220539093,-0.08979538083076477,0.14969134330749512,0.3998405337333679,0.07833033055067062,-0.019959188997745514,0.09054796397686005,-0.30921879410743713,-0.015478875488042831,-0.16269509494304657,-0.17789964377880096,-0.04948801174759865,-0.04222879558801651,-0.3655117452144623,-0.15918149054050446,C:/Users/ASUS/Downloads/3D_Human_Pose_NCKH/phase5_external_generalization/data/external_raw/Le2i/Coffee_room_02/Videos/video (57).avi,-1,-1,External
535,0.0024315332993865013,0.0007159747183322906,-0.0007394296117126942,-0.12503854930400848,-0.03854797035455704,0.04212398827075958,-0.3213839530944824,-0.08423725515604019,-0.3510951101779938,-0.4335804879665375,0.4283565878868103,-0.35266822576522827,0.12487304210662842,0.03571601212024689,-0.042783983051776886,0.03924969583749771,0.21486450731754303,-0.4445028305053711,-0.09108877182006836,0.6632433533668518,-0.5705650448799133,0.17726270854473114,-0.14999543130397797,0.07142148911952972,0.2535330057144165,-0.30576997995376587,-0.05669467896223068,0.24064171314239502,-0.2574799954891205,-0.14464208483695984,0.2689169645309448,-0.3358362317085266,-0.22732096910476685,0.36460593342781067,-0.23323464393615723,-0.0460708923637867,0.4900294244289398,-0.09129992127418518,0.15173548460006714,0.4002046585083008,0.07794521003961563,-0.014371698722243309,0.09034454822540283,-0.3095143735408783,-0.016787312924861908,-0.16335061192512512,-0.17840294539928436,-0.04947890341281891,-0.04207931086421013,-0.36708948016166687,-0.15775664150714874,C:/Users/ASUS/Downloads/3D_Human_Pose_NCKH/phase5_external_generalization/data/external_raw/Le2i/Coffee_room_02/Videos/video (57).avi,-1,-1,External
536,0.002432897686958313,0.0007088729180395603,-0.0007336516864597797,-0.1251116842031479,-0.038941580802202225,0.042079858481884,-0.3217630386352539,-0.0836697593331337,-0.3512134850025177,-0.43445533514022827,0.42892855405807495,-0.35351842641830444,0.12497611343860626,0.03618651628494263,-0.04270803555846214,0.0389675498008728,0.21586371958255768,-0.44479385018348694,-0.09156113862991333,0.6642845273017883,-0.5715110898017883,0.17676852643489838,-0.15036475658416748,0.06885570287704468,0.25330740213394165,-0.3054729998111725,-0.06043246388435364,0.240993469953537,-0.2575247287750244,-0.14821627736091614,0.26932206749916077,-0.33595001697540283,-0.2305811494588852,0.3646533489227295,-0.23297244310379028,-0.05006740614771843,0.489403635263443,-0.0917413979768753,0.14983877539634705,0.39967668056488037,0.07671256363391876,-0.013119056820869446,0.08979839086532593,-0.30948498845100403,-0.0204192865639925,-0.16381804645061493,-0.1783422827720642,-0.05136777088046074,-0.0421939454972744,-0.3686079680919647,-0.15741927921772003,C:/Users/ASUS/Downloads/3D_Human_Pose_NCKH/phase5_external_generalization/data/external_raw/Le2i/Coffee_room_02/Videos/video (57).avi,-1,-1,External
537,0.002429756335914135,0.0007258299738168716,-0.0007328186184167862,-0.12517887353897095,-0.039374105632305145,0.04210725426673889,-0.3217892050743103,-0.08298296481370926,-0.35136768221855164,-0.43492716550827026,0.42954951524734497,-0.3539935052394867,0.1251317411661148,0.036707717925310135,-0.04276089370250702,0.038626112043857574,0.21721713244915009,-0.4449502229690552,-0.09203146398067474,0.6658820509910583,-0.5718689560890198,0.17624807357788086,-0.1508949249982834,0.06522110104560852,0.25288787484169006,-0.305117130279541,-0.06643228232860565,0.24129483103752136,-0.25742366909980774,-0.15459345281124115,0.2693968415260315,-0.33612528443336487,-0.23668666183948517,0.3645506799221039,-0.2326691746711731,-0.055947110056877136,0.4887518882751465,-0.09217368811368942,0.14565393328666687,0.39938586950302124,0.07486353069543839,-0.014010287821292877,0.08912093937397003,-0.3093473017215729,-0.02612568624317646,-0.1640099287033081,-0.17789992690086365,-0.054367635399103165,-0.04225298389792442,-0.36956343054771423,-0.15886668860912323,C:/Users/ASUS/Downloads/3D_Human_Pose_NCKH/phase5_external_generalization/data/external_raw/Le2i/Coffee_room_02/Videos/video (57).avi,-1,-1,External
538,0.0024166805669665337,0.0007453542202711105,-0.0007845982909202576,-0.12527380883693695,-0.03963921219110489,0.04228460043668747,-0.32135412096977234,-0.08260273188352585,-0.3517129719257355,-0.43475696444511414,0.42975300550460815,-0.35455021262168884,0.1253373622894287,0.03707655146718025,-0.04294433072209358,0.03860083967447281,0.21834763884544373,-0.4453318119049072,-0.09234678745269775,0.6673750877380371,-0.57196444272995,0.17576901614665985,-0.15135543048381805,0.06164521723985672,0.25255316495895386,-0.30460989475250244,-0.07304474711418152,0.2414650321006775,-0.2572190463542938,-0.16158995032310486,0.26905930042266846,-0.3358858525753021,-0.24307100474834442,0.3644631505012512,-0.2321065366268158,-0.06234950199723244,0.48781609535217285,-0.09144599735736847,0.13953712582588196,0.39849451184272766,0.07424911856651306,-0.0169723741710186,0.08838407695293427,-0.3089179992675781,-0.0325050950050354,-0.164216548204422,-0.17718544602394104,-0.05771692469716072,-0.0419241301715374,-0.3702647089958191,-0.16147764027118683,C:/Users/ASUS/Downloads/3D_Human_Pose_NCKH/phase5_external_generalization/data/external_raw/Le2i/Coffee_room_02/Videos/video (57).avi,-1,-1,External
539,0.002421291545033455,0.0007553929463028908,-0.0008086743764579296,-0.12557990849018097,-0.03929350897669792,0.04330579191446304,-0.32065749168395996,-0.08311188220977783,-0.3513977527618408,-0.43325358629226685,0.42880111932754517,-0.3539128601551056,0.12580157816410065,0.036656059324741364,-0.043941862881183624,0.037811119109392166,0.2190890610218048,-0.44694557785987854,-0.09290573000907898,0.6678320169448853,-0.5718353390693665,0.1750849038362503,-0.1514851599931717,0.05873952805995941,0.2507607340812683,-0.30358219146728516,-0.07979758083820343,0.2405165731906891,-0.2565453052520752,-0.1689291149377823,0.2675486207008362,-0.33466771245002747,-0.24896113574504852,0.3630276620388031,-0.23087391257286072,-0.0695553794503212,0.48607030510902405,-0.08842571079730988,0.1318226456642151,0.39550867676734924,0.07436766475439072,-0.02376355603337288,0.08661039173603058,-0.307263046503067,-0.038652874529361725,-0.16436420381069183,-0.1749027520418167,-0.05961601063609123,-0.042475998401641846,-0.3696269989013672,-0.1630844920873642,C:/Users/ASUS/Downloads/3D_Human_Pose_NCKH/phase5_external_generalization/data/external_raw/Le2i/Coffee_room_02/Videos/video (57).avi,-1,-1,External
540,0.0024289116263389587,0.0008104834705591202,-0.0008444297127425671,-0.12556928396224976,-0.03895805403590202,0.04416700452566147,-0.3195922374725342,-0.08331038802862167,-0.35110095143318176,-0.4316744804382324,0.42836564779281616,-0.35454970598220825,0.12590409815311432,0.03632069006562233,-0.04490795359015465,0.03729011118412018,0.21942190825939178,-0.4476257562637329,-0.09340882301330566,0.6682980060577393,-0.5723227262496948,0.17487870156764984,-0.15135152637958527,0.05635964125394821,0.249648317694664,-0.3021191358566284,-0.08512560278177261,0.2396337389945984,-0.2560963034629822,-0.1747407466173172,0.26650846004486084,-0.3330521285533905,-0.2527411878108978,0.3621031641960144,-0.22941601276397705,-0.07505843788385391,0.4846475124359131,-0.08617173135280609,0.12524770200252533,0.39376115798950195,0.07468090206384659,-0.027821611613035202,0.08545045554637909,-0.3056741952896118,-0.04354500025510788,-0.16396059095859528,-0.17224226891994476,-0.062326520681381226,-0.042035456746816635,-0.3684699237346649,-0.1646440178155899,C:/Users/ASUS/Downloads/3D_Human_Pose_NCKH/phase5_external_generalization/data/external_raw/Le2i/Coffee_room_02/Videos/video (57).avi,-1,-1,External
541,0.0023188572376966476,0.0008036782965064049,-0.000836388673633337,-0.12546692788600922,-0.03951041400432587,0.0452779158949852,-0.31724560260772705,-0.0834379494190216,-0.3501722514629364,-0.4290231168270111,0.428739994764328,-0.3543820381164551,0.12588085234165192,0.03676052391529083,-0.04590399190783501,0.03712087497115135,0.2211703062057495,-0.4477898180484772,-0.09338775277137756,0.6700559854507446,-0.5710844993591309,0.17503342032432556,-0.15174351632595062,0.05197576433420181,0.24857918918132782,-0.30261361598968506,-0.09320572763681412,0.23862296342849731,-0.2572471797466278,-0.18380214273929596,0.2656043469905853,-0.3323894441127777,-0.2593768239021301,0.3608556091785431,-0.2298853099346161,-0.08323640376329422,0.4822537899017334,-0.08618621528148651,0.11559978127479553,0.3918844163417816,0.07310907542705536,-0.03519555553793907,0.08495405316352844,-0.3055199682712555,-0.051916033029556274,-0.1628001183271408,-0.1705513894557953,-0.06942862272262573,-0.0392247810959816,-0.36698856949806213,-0.17193661630153656,C:/Users/ASUS/Downloads/3D_Human_Pose_NCKH/phase5_external_generalization/data/external_raw/Le2i/Coffee_room_02/Videos/video (57).avi,-1,-1,External
542,0.0023399461060762405,0.0008061230182647705,-0.0008575189858675003,-0.1256331354379654,-0.03992652893066406,0.04577188193798065,-0.3157140016555786,-0.08300991356372833,-0.35059526562690735,-0.4274549186229706,0.4294634759426117,-0.3554084897041321,0.1260804980993271,0.037126488983631134,-0.04644259065389633,0.03753958269953728,0.2228386253118515,-0.44799697399139404,-0.09329025447368622,0.6727229952812195,-0.5696195960044861,0.17453372478485107,-0.15261831879615784,0.0478840209543705,0.24768714606761932,-0.3023894131183624,-0.1017983928322792,0.2376480996608734,-0.257198303937912,-0.1926935911178589,0.264326810836792,-0.3316575884819031,-0.2678488790988922,0.3598218858242035,-0.22955113649368286,-0.09069398790597916,0.47992977499961853,-0.08586233854293823,0.10854024440050125,0.39056336879730225,0.07323721051216125,-0.03762197121977806,0.08386361598968506,-0.30528464913368225,-0.060867808759212494,-0.16193081438541412,-0.169637531042099,-0.07633940875530243,-0.03688555955886841,-0.3658408522605896,-0.17902971804141998,C:/Users/ASUS/Downloads/3D_Human_Pose_NCKH/phase5_external_generalization/data/external_raw/Le2i/Coffee_room_02/Videos/video (57).avi,-1,-1,External
543,0.0023452769964933395,0.000840421300381422,-0.0008595366962254047,-0.12582126259803772,-0.04028090089559555,0.04603393375873566,-0.3141591250896454,-0.08269988000392914,-0.35074788331985474,-0.4258340001106262,0.42968443036079407,-0.3555396497249603,0.12626755237579346,0.03745041787624359,-0.04675721004605293,0.03820747882127762,0.22362102568149567,-0.4482477903366089,-0.09280761331319809,0.6741209030151367,-0.5691492557525635,0.1745801717042923,-0.15289703011512756,0.04571641981601715,0.2474627047777176,-0.3023320436477661,-0.10641352832317352,0.23727890849113464,-0.2570001780986786,-0.19744010269641876,0.26366251707077026,-0.3308795690536499,-0.2727260887622833,0.35943546891212463,-0.2293463498353958,-0.09465614706277847,0.4784144461154938,-0.08570919185876846,0.10387726873159409,0.3898558020591736,0.07341090589761734,-0.04009951278567314,0.0833238810300827,-0.30510976910591125,-0.06573842465877533,-0.1616353839635849,-0.1686335802078247,-0.0810922309756279,-0.03512317314743996,-0.36388131976127625,-0.18384136259555817,C:/Users/ASUS/Downloads/3D_Human_Pose_NCKH/phase5_external_generalization/data/external_raw/Le2i/Coffee_room_02/Videos/video (57).avi,-1,-1,External
544,0.0023689856752753258,0.0008338973857462406,-0.0008565010502934456,-0.12587134540081024,-0.04074316471815109,0.046171724796295166,-0.3125684857368469,-0.08265426754951477,-0.3507486879825592,-0.42442062497138977,0.42977890372276306,-0.35487818717956543,0.12620382010936737,0.037777140736579895,-0.046921271830797195,0.039189115166664124,0.2248496562242508,-0.4477173089981079,-0.09189974516630173,0.6754875183105469,-0.5682962536811829,0.17489470541477203,-0.15307608246803284,0.04359372705221176,0.24758405983448029,-0.30244094133377075,-0.11036790162324905,0.2372218668460846,-0.2571580111980438,-0.20106962323188782,0.263214111328125,-0.3303021192550659,-0.2761729657649994,0.3593127429485321,-0.22937801480293274,-0.09823004901409149,0.47800374031066895,-0.08586975187063217,0.09951123595237732,0.38973158597946167,0.0735175684094429,-0.04382845014333725,0.08336439728736877,-0.30530184507369995,-0.07009332627058029,-0.16116245090961456,-0.16828638315200806,-0.08616460114717484,-0.034584108740091324,-0.36275026202201843,-0.18880945444107056,C:/Users/ASUS/Downloads/3D_Human_Pose_NCKH/phase5_external_generalization/data/external_raw/Le2i/Coffee_room_02/Videos/video (57).avi,-1,-1,External
545,0.002396554686129093,0.0008475682698190212,-0.0008577811531722546,-0.1259453147649765,-0.040924616158008575,0.04658488929271698,-0.3110787868499756,-0.08239925652742386,-0.3505098819732666,-0.4228675067424774,0.4300079047679901,-0.35532164573669434,0.1262485533952713,0.03787112236022949,-0.04740468040108681,0.03966088593006134,0.2259642630815506,-0.44814106822013855,-0.09142104536294937,0.6768237352371216,-0.5682581067085266,0.17475299537181854,-0.15322349965572357,0.04028315842151642,0.247073695063591,-0.3019254505634308,-0.1163758710026741,0.2364385426044464,-0.25699153542518616,-0.206972137093544,0.2624988853931427,-0.329184889793396,-0.28061148524284363,0.3586331605911255,-0.2287774235010147,-0.10405875742435455,0.47589370608329773,-0.0851535052061081,0.09327341616153717,0.3881325423717499,0.07446953654289246,-0.04740495607256889,0.08256956934928894,-0.30463317036628723,-0.07658815383911133,-0.1608092337846756,-0.1666078269481659,-0.09274595975875854,-0.03321559354662895,-0.36076620221138,-0.1941162794828415,C:/Users/ASUS/Downloads/3D_Human_Pose_NCKH/phase5_external_generalization/data/external_raw/Le2i/Coffee_room_02/Videos/video (57).avi,-1,-1,External
546,0.0023931991308927536,0.0009015044197440147,-0.0008805859833955765,-0.12580375373363495,-0.040872834622859955,0.0468321368098259,-0.3100016117095947,-0.08274935930967331,-0.3502867817878723,-0.421909362077713,0.4295986592769623,-0.3547261655330658,0.12610147893428802,0.03783280402421951,-0.04771435633301735,0.039999451488256454,0.22584478557109833,-0.4481114447116852,-0.09092891216278076,0.6765691637992859,-0.5689574480056763,0.17504563927650452,-0.15283402800559998,0.0396331325173378,0.24724142253398895,-0.30172961950302124,-0.11721304804086685,0.23634245991706848,-0.2571004331111908,-0.20754344761371613,0.2622266113758087,-0.3287031650543213,-0.2802712023258209,0.3586883246898651,-0.2284468412399292,-0.10507747530937195,0.4756487309932709,-0.08433085680007935,0.091254822909832,0.3876066207885742,0.0754983052611351,-0.05058068782091141,0.08293862640857697,-0.3042588233947754,-0.07724184542894363,-0.1602856069803238,-0.1658274531364441,-0.0945371463894844,-0.033708393573760986,-0.3594770133495331,-0.19496355950832367,C:/Users/ASUS/Downloads/3D_Human_Pose_NCKH/phase5_external_generalization/data/external_raw/Le2i/Coffee_room_02/Videos/video (57).avi,-1,-1,External
547,0.0023908810690045357,0.000895792618393898,-0.0008597131818532944,-0.12572357058525085,-0.0409507155418396,0.04677499830722809,-0.30932554602622986,-0.08337461948394775,-0.35036543011665344,-0.4213690459728241,0.42880263924598694,-0.35413622856140137,0.12598846852779388,0.03793082386255264,-0.04767457768321037,0.04039976745843887,0.22565816342830658,-0.44808438420295715,-0.09058582782745361,0.6760183572769165,-0.569585919380188,0.17558227479457855,-0.15254931151866913,0.040504202246665955,0.24790720641613007,-0.3018837869167328,-0.11558389663696289,0.236924409866333,-0.2571733891963959,-0.20582431554794312,0.26233816146850586,-0.32878658175468445,-0.2790127396583557,0.35921022295951843,-0.22843065857887268,-0.10375940054655075,0.47637537121772766,-0.0842805877327919,0.0921124592423439,0.38801974058151245,0.07592008262872696,-0.05072857439517975,0.0836963951587677,-0.3043687641620636,-0.07540290057659149,-0.1597483903169632,-0.16615845263004303,-0.0925854817032814,-0.033890578895807266,-0.3591729700565338,-0.1935296207666397,C:/Users/ASUS/Downloads/3D_Human_Pose_NCKH/phase5_external_generalization/data/external_raw/Le2i/Coffee_room_02/Videos/video (57).avi,-1,-1,External
548,0.0023522861301898956,0.0008946754969656467,-0.0008440525270998478,-0.1257084459066391,-0.04102190211415291,0.04668213427066803,-0.30872586369514465,-0.08389730006456375,-0.35052236914634705,-0.4209105670452118,0.42816072702407837,-0.3534013330936432,0.1259584277868271,0.03804539889097214,-0.04754441976547241,0.04065380617976189,0.22534839808940887,-0.44806504249572754,-0.0901699811220169,0.6754215359687805,-0.5698815584182739,0.17603565752506256,-0.15233677625656128,0.04152607545256615,0.24846620857715607,-0.30235177278518677,-0.11352192610502243,0.23739492893218994,-0.25759902596473694,-0.20360223948955536,0.2625563442707062,-0.32898494601249695,-0.27678677439689636,0.3597280979156494,-0.2288510501384735,-0.10208380967378616,0.4770224690437317,-0.08439965546131134,0.09329555928707123,0.3882061243057251,0.07592958956956863,-0.05108415707945824,0.08438856899738312,-0.30476143956184387,-0.07308005541563034,-0.1593940109014511,-0.1666451394557953,-0.0907069593667984,-0.03413892164826393,-0.35907095670700073,-0.19203411042690277,C:/Users/ASUS/Downloads/3D_Human_Pose_NCKH/phase5_external_generalization/data/external_raw/Le2i/Coffee_room_02/Videos/video (57).avi,-1,-1,External
549,0.002344531938433647,0.0008797887712717056,-0.0008243857882916927,-0.12553098797798157,-0.040784694254398346,0.04667571932077408,-0.3085436224937439,-0.08488018810749054,-0.3502170145511627,-0.42064931988716125,0.4270091652870178,-0.35238784551620483,0.12578409910202026,0.037777528166770935,-0.04751362279057503,0.04082813858985901,0.22463460266590118,-0.448047012090683,-0.08991019427776337,0.6739574670791626,-0.570654034614563,0.17662231624126434,-0.15185129642486572,0.044356245547533035,0.2490948885679245,-0.3026981055736542,-0.10840251296758652,0.2379504144191742,-0.25778940320014954,-0.19814613461494446,0.2627285122871399,-0.329100102186203,-0.27178794145584106,0.360171377658844,-0.22927260398864746,-0.09758865088224411,0.4782802164554596,-0.08486250787973404,0.09724719822406769,0.3888002038002014,0.07608535140752792,-0.04977153614163399,0.08521716296672821,-0.30502235889434814,-0.06761223822832108,-0.15966062247753143,-0.16766682267189026,-0.08573488891124725,-0.03520166501402855,-0.35916581749916077,-0.18736855685710907,C:/Users/ASUS/Downloads/3D_Human_Pose_NCKH/phase5_external_generalization/data/external_raw/Le2i/Coffee_room_02/Videos/video (57).avi,-1,-1,External
550,0.002335086464881897,0.0008551245555281639,-0.0008141621947288513,-0.1254996806383133,-0.0406336709856987,0.0464637354016304,-0.3084269165992737,-0.08597056567668915,-0.350341260433197,-0.420507550239563,0.4258261024951935,-0.35157036781311035,0.1257394254207611,0.03759955242276192,-0.047262053936719894,0.040836401283741,0.22432883083820343,-0.447812020778656,-0.08975506573915482,0.6728919744491577,-0.5709986090660095,0.17727021872997284,-0.15153181552886963,0.047456830739974976,0.24989531934261322,-0.30341529846191406,-0.10284397751092911,0.23867937922477722,-0.25832873582839966,-0.1922762393951416,0.2632213830947876,-0.32968875765800476,-0.2664624750614166,0.36089903116226196,-0.23000918328762054,-0.09255444258451462,0.47993993759155273,-0.08558856695890427,0.10191572457551956,0.3897603452205658,0.07594262808561325,-0.047842394560575485,0.08624713122844696,-0.30573615431785583,-0.061704568564891815,-0.15999644994735718,-0.1693011224269867,-0.07980760931968689,-0.036429524421691895,-0.3598015606403351,-0.18253503739833832,C:/Users/ASUS/Downloads/3D_Human_Pose_NCKH/phase5_external_generalization/data/external_raw/Le2i/Coffee_room_02/Videos/video (57).avi,-1,-1,External
551,0.002347199246287346,0.0008305334486067295,-0.0008377269841730595,-0.12557609379291534,-0.04089049994945526,0.04583187401294708,-0.3084813356399536,-0.08637171238660812,-0.35106080770492554,-0.4209447503089905,0.42535844445228577,-0.35100650787353516,0.12573958933353424,0.03787049651145935,-0.046652209013700485,0.04111552983522415,0.22466245293617249,-0.4469255805015564,-0.0892321839928627,0.6730724573135376,-0.5704560279846191,0.1778314858675003,-0.15176203846931458,0.049178656190633774,0.25111109018325806,-0.3043431043624878,-0.09992247074842453,0.23980513215065002,-0.2590271830558777,-0.18889205157756805,0.26377981901168823,-0.3305842876434326,-0.2639327943325043,0.36208996176719666,-0.23095464706420898,-0.08950778096914291,0.48188266158103943,-0.08648160099983215,0.10478165000677109,0.3912431597709656,0.07618056982755661,-0.04668687656521797,0.08741238713264465,-0.30696359276771545,-0.05868678539991379,-0.1600334197282791,-0.17127051949501038,-0.07651539146900177,-0.03723926469683647,-0.3610023558139801,-0.18068565428256989,C:/Users/ASUS/Downloads/3D_Human_Pose_NCKH/phase5_external_generalization/data/external_raw/Le2i/Coffee_room_02/Videos/video (57).avi,-1,-1,External
552,0.002386230044066906,0.0008989009074866772,-0.0008528679609298706,-0.1257767230272293,-0.04052846133708954,0.04527696222066879,-0.30962616205215454,-0.08667808026075363,-0.35238364338874817,-0.42255282402038574,0.4242996871471405,-0.35126620531082153,0.1258549690246582,0.03767452389001846,-0.04622556269168854,0.04140590876340866,0.22411493957042694,-0.4465261697769165,-0.0890369564294815,0.6725658178329468,-0.5703349709510803,0.1783141940832138,-0.15179648995399475,0.05135515332221985,0.25201693177223206,-0.30420562624931335,-0.09646578133106232,0.240660160779953,-0.25870949029922485,-0.1847383677959442,0.2643623948097229,-0.33099165558815,-0.2606823444366455,0.3631611168384552,-0.23104573786258698,-0.08579208701848984,0.4837959408760071,-0.08667873591184616,0.10978586226701736,0.3929692208766937,0.07751304656267166,-0.04351067170500755,0.08789798617362976,-0.3073899447917938,-0.05488044023513794,-0.16046057641506195,-0.1726444959640503,-0.07291834056377411,-0.03915080800652504,-0.3624495267868042,-0.17692939937114716,C:/Users/ASUS/Downloads/3D_Human_Pose_NCKH/phase5_external_generalization/data/external_raw/Le2i/Coffee_room_02/Videos/video (57).avi,-1,-1,External
553,0.0024245036765933037,0.0007164478302001953,-0.000813610851764679,-0.12548796832561493,-0.04103942960500717,0.04466169327497482,-0.30919668078422546,-0.08782503008842468,-0.3525117337703705,-0.42249611020088196,0.4236004054546356,-0.35001271963119507,0.12556423246860504,0.037996549159288406,-0.04541667923331261,0.04174380749464035,0.22490909695625305,-0.44544968008995056,-0.08852560818195343,0.6727623343467712,-0.5695146918296814,0.17829135060310364,-0.1521151065826416,0.05225156247615814,0.25247758626937866,-0.30546870827674866,-0.09487919509410858,0.24137285351753235,-0.25892943143844604,-0.18301844596862793,0.2647970914840698,-0.33213376998901367,-0.2607520520687103,0.3635583817958832,-0.2322421818971634,-0.08375490456819534,0.48506322503089905,-0.08893169462680817,0.11405397206544876,0.3945624828338623,0.0774858146905899,-0.03983543440699577,0.08879110217094421,-0.30850374698638916,-0.053738199174404144,-0.16078683733940125,-0.17462578415870667,-0.07000883668661118,-0.040237750858068466,-0.36321792006492615,-0.17512285709381104,C:/Users/ASUS/Downloads/3D_Human_Pose_NCKH/phase5_external_generalization/data/external_raw/Le2i/Coffee_room_02/Videos/video (57).avi,-1,-1,External
554,0.002448456361889839,0.0006512682884931564,-0.0007552155293524265,-0.12525635957717896,-0.041015446186065674,0.04413515329360962,-0.3091820776462555,-0.08881351351737976,-0.35257190465927124,-0.4231186807155609,0.4223325848579407,-0.3490181863307953,0.1252409666776657,0.037977926433086395,-0.04487583413720131,0.042406611144542694,0.22432264685630798,-0.4446370005607605,-0.08813503384590149,0.6717754602432251,-0.5693451166152954,0.1787462681531906,-0.15195462107658386,0.0538811981678009,0.25327154994010925,-0.3058595359325409,-0.09159830957651138,0.24218431115150452,-0.2587945759296417,-0.1790129542350769,0.2653934061527252,-0.33240336179733276,-0.25772178173065186,0.3642774224281311,-0.2328791320323944,-0.08069858700037003,0.4868437945842743,-0.09067004919052124,0.1188163161277771,0.39659902453422546,0.07748114317655563,-0.03579219803214073,0.08976586163043976,-0.3092412054538727,-0.05049121379852295,-0.16064830124378204,-0.17635577917099,-0.06674390286207199,-0.041330136358737946,-0.3645029366016388,-0.17213097214698792,C:/Users/ASUS/Downloads/3D_Human_Pose_NCKH/phase5_external_generalization/data/external_raw/Le2i/Coffee_room_02/Videos/video (57).avi,-1,-1,External
555,0.0024448558688163757,0.0007255631498992443,-0.0008123205043375492,-0.12513795495033264,-0.040915824472904205,0.044244036078453064,-0.3094257116317749,-0.08927968144416809,-0.35248374938964844,-0.4232642948627472,0.42228004336357117,-0.3490598201751709,0.12525595724582672,0.0380207821726799,-0.045008763670921326,0.0419425368309021,0.2239917665719986,-0.4448779225349426,-0.08801622688770294,0.6715948581695557,-0.5696406364440918,0.1784631460905075,-0.1522952914237976,0.052770428359508514,0.2530480623245239,-0.3060586154460907,-0.09283607453107834,0.24214842915534973,-0.25913724303245544,-0.1803196221590042,0.2652825713157654,-0.3331069052219391,-0.25816357135772705,0.36408987641334534,-0.23287293314933777,-0.08172935992479324,0.4860921800136566,-0.09026727080345154,0.11799623817205429,0.39649292826652527,0.07745342701673508,-0.03650081902742386,0.0898396372795105,-0.3094060719013214,-0.05142819881439209,-0.16057464480400085,-0.17649412155151367,-0.06789279729127884,-0.04139212891459465,-0.3648976981639862,-0.17138342559337616,C:/Users/ASUS/Downloads/3D_Human_Pose_NCKH/phase5_external_generalization/data/external_raw/Le2i/Coffee_room_02/Videos/video (57).avi,-1,-1,External
556,0.002411533147096634,0.0007249223999679089,-0.0008648685179650784,-0.12535737454891205,-0.04134923592209816,0.04405808448791504,-0.30937913060188293,-0.08929305523633957,-0.3532628118991852,-0.42367565631866455,0.4226601719856262,-0.34972137212753296,0.1254117339849472,0.038550034165382385,-0.04475296661257744,0.042153287678956985,0.22501890361309052,-0.4447591304779053,-0.08746717125177383,0.673079252243042,-0.5687686204910278,0.17801131308078766,-0.1531592160463333,0.05033300817012787,0.253237247467041,-0.30683913826942444,-0.09647955000400543,0.24253779649734497,-0.25975555181503296,-0.1838769018650055,0.265444278717041,-0.333825945854187,-0.2611079514026642,0.3641761243343353,-0.23357972502708435,-0.08487731218338013,0.4857293665409088,-0.09065406769514084,0.11504198610782623,0.39657941460609436,0.07746277004480362,-0.038280487060546875,0.08961056172847748,-0.3105024993419647,-0.05551917105913162,-0.1606186181306839,-0.17712968587875366,-0.07225354015827179,-0.04068045690655708,-0.3656463921070099,-0.17404556274414062,C:/Users/ASUS/Downloads/3D_Human_Pose_NCKH/phase5_external_generalization/data/external_raw/Le2i/Coffee_room_02/Videos/video (57).avi,-1,-1,External
557,0.002427559345960617,0.0007182005792856216,-0.0008629453368484974,-0.125197172164917,-0.04112270846962929,0.04414863884449005,-0.30959028005599976,-0.09004535526037216,-0.3533017337322235,-0.4238125681877136,0.4219568073749542,-0.35027942061424255,0.1253080517053604,0.038340479135513306,-0.04487462714314461,0.04195113107562065,0.22453545033931732,-0.445122092962265,-0.0877685546875,0.672311544418335,-0.5695098638534546,0.17805765569210052,-0.1532052904367447,0.04956545680761337,0.2531396746635437,-0.306410551071167,-0.09769419580698013,0.24261996150016785,-0.2596096694469452,-0.1850297749042511,0.26546937227249146,-0.3335428833961487,-0.2615114152431488,0.36413270235061646,-0.23331119120121002,-0.08630010485649109,0.485665500164032,-0.09112676978111267,0.11485284566879272,0.3963397443294525,0.07724226266145706,-0.037938930094242096,0.0895661860704422,-0.3101429045200348,-0.0566430538892746,-0.16038259863853455,-0.1765117645263672,-0.07282424718141556,-0.04083435609936714,-0.3660412132740021,-0.1731506735086441,C:/Users/ASUS/Downloads/3D_Human_Pose_NCKH/phase5_external_generalization/data/external_raw/Le2i/Coffee_room_02/Videos/video (57).avi,-1,-1,External
558,0.0024270955473184586,0.0006824485026299953,-0.0008636461570858955,-0.1251538097858429,-0.04106959328055382,0.044189952313899994,-0.3097183406352997,-0.09074942767620087,-0.3537043035030365,-0.42353153228759766,0.42157867550849915,-0.3510527014732361,0.12531794607639313,0.03828802704811096,-0.04487106204032898,0.04191207513213158,0.22455373406410217,-0.44559308886528015,-0.08793587982654572,0.6723183989524841,-0.5697804689407349,0.17809072136878967,-0.15346667170524597,0.04893454164266586,0.25301381945610046,-0.3066081404685974,-0.09855268895626068,0.24262362718582153,-0.2600086033344269,-0.18609295785427094,0.26553940773010254,-0.3341524302959442,-0.26223596930503845,0.36405616998672485,-0.23348884284496307,-0.08723472058773041,0.48535001277923584,-0.09176372736692429,0.11509781330823898,0.3960535526275635,0.07645178586244583,-0.036837637424468994,0.08944278955459595,-0.31027597188949585,-0.05760195106267929,-0.1601659506559372,-0.1765536069869995,-0.0729648619890213,-0.0399836041033268,-0.36714836955070496,-0.17241275310516357,C:/Users/ASUS/Downloads/3D_Human_Pose_NCKH/phase5_external_generalization/data/external_raw/Le2i/Coffee_room_02/Videos/video (57).avi,-1,-1,External
559,0.002407161518931389,0.0006894310936331749,-0.0008998005650937557,-0.1252681314945221,-0.04115005210042,0.04417496174573898,-0.30954957008361816,-0.09126149117946625,-0.3544485569000244,-0.4232563376426697,0.42145636677742004,-0.3519060015678406,0.12543249130249023,0.038427311927080154,-0.04485711827874184,0.04186927527189255,0.2250073403120041,-0.4455642104148865,-0.0880238264799118,0.6730783581733704,-0.5694511532783508,0.17808887362480164,-0.15389692783355713,0.047842033207416534,0.2530430853366852,-0.30712175369262695,-0.10022775828838348,0.2426714301109314,-0.2605825960636139,-0.18803410232067108,0.26559311151504517,-0.3348630666732788,-0.2642993628978729,0.36409619450569153,-0.23381565511226654,-0.08853369951248169,0.48497462272644043,-0.09206095337867737,0.11415987461805344,0.3959392309188843,0.07599905878305435,-0.03673279657959938,0.0894063413143158,-0.31081488728523254,-0.05946795642375946,-0.16011661291122437,-0.17695832252502441,-0.0737568810582161,-0.03934339061379433,-0.3679021894931793,-0.17338044941425323,C:/Users/ASUS/Downloads/3D_Human_Pose_NCKH/phase5_external_generalization/data/external_raw/Le2i/Coffee_room_02/Videos/video (57).avi,-1,-1,External
560,0.0023982366546988487,0.0007055355235934258,-0.0009050164371728897,-0.1250881403684616,-0.04102107509970665,0.04448029398918152,-0.309407502412796,-0.09191309660673141,-0.35419389605522156,-0.4228789210319519,0.421144962310791,-0.35224640369415283,0.1252896636724472,0.038291435688734055,-0.045174602419137955,0.04163820296525955,0.22496391832828522,-0.44557109475135803,-0.08840171992778778,0.6730731129646301,-0.5691627860069275,0.17834846675395966,-0.15386411547660828,0.0469219796359539,0.2528611421585083,-0.3069829046726227,-0.10149896889925003,0.24246472120285034,-0.26111358404159546,-0.18954400718212128,0.26573944091796875,-0.3352694511413574,-0.26505428552627563,0.3639375865459442,-0.23353958129882812,-0.0899408832192421,0.48466798663139343,-0.09185642749071121,0.11299953609704971,0.39554670453071594,0.07571933418512344,-0.03725365176796913,0.0895119458436966,-0.31063398718833923,-0.06064292788505554,-0.1596045345067978,-0.17671120166778564,-0.07405669242143631,-0.03925557807087898,-0.3683318793773651,-0.17361433804035187,C:/Users/ASUS/Downloads/3D_Human_Pose_NCKH/phase5_external_generalization/data/external_raw/Le2i/Coffee_room_02/Videos/video (57).avi,-1,-1,External
561,0.002379828132688999,0.000737940426915884,-0.0009080576710402966,-0.12501168251037598,-0.040956754237413406,0.04482808709144592,-0.30928441882133484,-0.09192219376564026,-0.35387054085731506,-0.4225863516330719,0.42143288254737854,-0.3523266315460205,0.12519122660160065,0.03819333761930466,-0.045578669756650925,0.04170064628124237,0.22562770545482635,-0.4453918933868408,-0.08852681517601013,0.6739214062690735,-0.5681186318397522,0.17861591279506683,-0.15397310256958008,0.04552653431892395,0.2525470554828644,-0.30680614709854126,-0.10374447703361511,0.2422078549861908,-0.26183050870895386,-0.1918812245130539,0.2658097743988037,-0.33508238196372986,-0.26620903611183167,0.36366721987724304,-0.2334110289812088,-0.09201560169458389,0.48427167534828186,-0.09132929146289825,0.11050480604171753,0.39528390765190125,0.0760980099439621,-0.03915037214756012,0.08924372494220734,-0.3105381429195404,-0.06321413069963455,-0.15964584052562714,-0.1757190227508545,-0.07647919654846191,-0.03953174129128456,-0.3680247366428375,-0.17563046514987946,C:/Users/ASUS/Downloads/3D_Human_Pose_NCKH/phase5_external_generalization/data/external_raw/Le2i/Coffee_room_02/Videos/video (57).avi,-1,-1,External
562,0.0023722639307379723,0.0007525957189500332,-0.0009062681347131729,-0.12493256479501724,-0.0407845601439476,0.04522991180419922,-0.3092680871486664,-0.0922459065914154,-0.35333114862442017,-0.42220333218574524,0.42137736082077026,-0.3526008725166321,0.1250983476638794,0.03794877603650093,-0.045992959290742874,0.041607119143009186,0.22585007548332214,-0.4458143711090088,-0.08888094127178192,0.673984944820404,-0.5681818127632141,0.17872323095798492,-0.1538533866405487,0.044082872569561005,0.25210997462272644,-0.30621373653411865,-0.10589394718408585,0.24178990721702576,-0.2620593309402466,-0.19407807290554047,0.26584914326667786,-0.33442559838294983,-0.26691746711730957,0.36321738362312317,-0.2328750491142273,-0.09440992027521133,0.48344340920448303,-0.09047718346118927,0.10767511278390884,0.3942480683326721,0.07640758901834488,-0.04150646552443504,0.08883199095726013,-0.30994150042533875,-0.06564056128263474,-0.15954206883907318,-0.17437252402305603,-0.07946816086769104,-0.039662428200244904,-0.36768943071365356,-0.1775764673948288,C:/Users/ASUS/Downloads/3D_Human_Pose_NCKH/phase5_external_generalization/data/external_raw/Le2i/Coffee_room_02/Videos/video (57).avi,-1,-1,External
