video_id,frame_idx,source_file,label,label_name,joint_0_name,joint_0_x,joint_0_y,joint_1_name,joint_1_x,joint_1_y,joint_2_name,joint_2_x,joint_2_y,joint_3_name,joint_3_x,joint_3_y,joint_4_name,joint_4_x,joint_4_y,joint_5_name,joint_5_x,joint_5_y,joint_6_name,joint_6_x,joint_6_y,joint_7_name,joint_7_x,joint_7_y,joint_8_name,joint_8_x,joint_8_y,joint_9_name,joint_9_x,joint_9_y,joint_10_name,joint_10_x,joint_10_y,joint_11_name,joint_11_x,joint_11_y,joint_12_name,joint_12_x,joint_12_y,joint_13_name,joint_13_x,joint_13_y,joint_14_name,joint_14_x,joint_14_y,num_missing_joints_before_interpolation,all_joints_missing_before_interpolation,num_zero_joints_after_interpolation
Fall__Fall_f_raw_s_1_S_D_0054,0,C:\Users\ASUS\Downloads\3D_Human_Pose_NCKH\paper_baselines\lin2021_yolov8_lstm_gru\data\paper_skeleton_csv\Fall\Fall_Fall_f_raw_s_1_S_D_0054.csv,1,Fall,nose,0.026239721,-1.503675,neck,-0.010716693,-0.99994254,right_shoulder,-0.33698472,-0.9916315,right_elbow,-0.46506438,-0.44280243,right_wrist,-0.44014108,0.0071291644,left_shoulder,0.3155511,-1.0082535,left_elbow,0.46962324,-0.4618479,left_wrist,0.46465313,0.015149341,mid_hip,0.0,0.0,right_hip,-0.20619328,0.006481915,right_knee,-0.23691179,0.7126467,right_ankle,-0.2366691,1.2688987,left_hip,0.20619328,-0.006481915,left_knee,0.26865944,0.65145147,left_ankle,0.15684186,1.2042652,0,0,0
Fall__Fall_f_raw_s_1_S_D_0054,1,C:\Users\ASUS\Downloads\3D_Human_Pose_NCKH\paper_baselines\lin2021_yolov8_lstm_gru\data\paper_skeleton_csv\Fall\Fall_Fall_f_raw_s_1_S_D_0054.csv,1,Fall,nose,0.026564378,-1.5027494,neck,-0.00914191,-0.99995816,right_shoulder,-0.3351699,-0.9926735,right_elbow,-0.4635125,-0.4455737,right_wrist,-0.43879333,0.0062170327,left_shoulder,0.3168861,-1.0072428,left_elbow,0.4699612,-0.46030602,left_wrist,0.46518064,0.01594549,mid_hip,0.0,0.0,right_hip,-0.20598052,0.00592066,right_knee,-0.23574674,0.7119625,right_ankle,-0.23583658,1.2675943,left_hip,0.20598076,-0.00592066,left_knee,0.26822093,0.6531918,left_ankle,0.1570632,1.2050015,0,0,0
Fall__Fall_f_raw_s_1_S_D_0054,2,C:\Users\ASUS\Downloads\3D_Human_Pose_NCKH\paper_baselines\lin2021_yolov8_lstm_gru\data\paper_skeleton_csv\Fall\Fall_Fall_f_raw_s_1_S_D_0054.csv,1,Fall,nose,0.02475702,-1.4992948,neck,-0.015703024,-0.9998767,right_shoulder,-0.33962384,-0.9931854,right_elbow,-0.4646456,-0.44656417,right_wrist,-0.43033847,0.0005556681,left_shoulder,0.30821776,-1.006568,left_elbow,0.46383357,-0.46052235,left_wrist,0.45748645,0.011836371,mid_hip,0.0,0.0,right_hip,-0.20457558,0.005711086,right_knee,-0.2328228,0.7064132,right_ankle,-0.24017158,1.2648559,left_hip,0.20457558,-0.005711205,left_knee,0.2645075,0.6518561,left_ankle,0.15387188,1.2052696,0,0,0
Fall__Fall_f_raw_s_1_S_D_0054,3,C:\Users\ASUS\Downloads\3D_Human_Pose_NCKH\paper_baselines\lin2021_yolov8_lstm_gru\data\paper_skeleton_csv\Fall\Fall_Fall_f_raw_s_1_S_D_0054.csv,1,Fall,nose,0.01860477,-1.502497,neck,-0.013549173,-0.9999082,right_shoulder,-0.341555,-0.9940405,right_elbow,-0.46923512,-0.44861346,right_wrist,-0.4298981,0.006741674,left_shoulder,0.31445643,-1.0057759,left_elbow,0.4634875,-0.45927602,left_wrist,0.45770496,0.023512201,mid_hip,0.0,0.0,right_hip,-0.20765913,0.005030464,right_knee,-0.23802334,0.7113219,right_ankle,-0.24745378,1.2853487,left_hip,0.20765913,-0.0050303442,left_knee,0.26319864,0.6608734,left_ankle,0.15001129,1.2299279,0,0,0
Fall__Fall_f_raw_s_1_S_D_0054,4,C:\Users\ASUS\Downloads\3D_Human_Pose_NCKH\paper_baselines\lin2021_yolov8_lstm_gru\data\paper_skeleton_csv\Fall\Fall_Fall_f_raw_s_1_S_D_0054.csv,1,Fall,nose,0.01566378,-1.5049814,neck,-0.015842631,-0.9998745,right_shoulder,-0.34317306,-0.9936262,right_elbow,-0.4675056,-0.44845143,right_wrist,-0.42641848,0.0006931659,left_shoulder,0.3114878,-1.0061227,left_elbow,0.4620447,-0.4595042,left_wrist,0.459075,0.02015549,mid_hip,0.0,0.0,right_hip,-0.2072413,0.005398875,right_knee,-0.23753425,0.7089354,right_ankle,-0.24693611,1.2854065,left_hip,0.2072413,-0.005398875,left_knee,0.26327607,0.65676546,left_ankle,0.15000622,1.2273597,0,0,0
Fall__Fall_f_raw_s_1_S_D_0054,5,C:\Users\ASUS\Downloads\3D_Human_Pose_NCKH\paper_baselines\lin2021_yolov8_lstm_gru\data\paper_skeleton_csv\Fall\Fall_Fall_f_raw_s_1_S_D_0054.csv,1,Fall,nose,0.015494124,-1.5039754,neck,-0.014008085,-0.9999019,right_shoulder,-0.3409361,-0.9927555,right_elbow,-0.4619201,-0.45071673,right_wrist,-0.4185184,-0.0072782007,left_shoulder,0.3129199,-1.0070482,left_elbow,0.4635171,-0.46331692,left_wrist,0.4600936,0.016393788,mid_hip,0.0,0.0,right_hip,-0.20693159,0.0056194114,right_knee,-0.23613673,0.7039604,right_ankle,-0.24386327,1.2756176,left_hip,0.20693183,-0.0056194114,left_knee,0.26337814,0.6509147,left_ankle,0.1492698,1.2197018,0,0,0
Fall__Fall_f_raw_s_1_S_D_0054,6,C:\Users\ASUS\Downloads\3D_Human_Pose_NCKH\paper_baselines\lin2021_yolov8_lstm_gru\data\paper_skeleton_csv\Fall\Fall_Fall_f_raw_s_1_S_D_0054.csv,1,Fall,nose,0.018629262,-1.4996952,neck,-0.011869312,-0.99992955,right_shoulder,-0.33779192,-0.9940199,right_elbow,-0.45944726,-0.4525845,right_wrist,-0.41708198,-0.007611511,left_shoulder,0.3140533,-1.0058391,left_elbow,0.4643125,-0.4575448,left_wrist,0.45655635,0.022490699,mid_hip,0.0,0.0,right_hip,-0.20618787,0.004994434,right_knee,-0.23638909,0.70307654,right_ankle,-0.24594915,1.2677335,left_hip,0.20618764,-0.0049943146,left_knee,0.25884438,0.65049446,left_ankle,0.1461401,1.2119681,0,0,0
Fall__Fall_f_raw_s_1_S_D_0054,7,C:\Users\ASUS\Downloads\3D_Human_Pose_NCKH\paper_baselines\lin2021_yolov8_lstm_gru\data\paper_skeleton_csv\Fall\Fall_Fall_f_raw_s_1_S_D_0054.csv,1,Fall,nose,0.02351948,-1.4962586,neck,-0.007947645,-0.9999684,right_shoulder,-0.33536392,-0.9939909,right_elbow,-0.45734861,-0.44866908,right_wrist,-0.41269103,-0.0010416156,left_shoulder,0.3194684,-1.0059459,left_elbow,0.47091886,-0.4579505,left_wrist,0.4660606,0.023036212,mid_hip,0.0,0.0,right_hip,-0.20705843,0.0050372803,right_knee,-0.2338597,0.70866716,right_ankle,-0.24374473,1.2783386,left_hip,0.20705843,-0.0050372803,left_knee,0.26237518,0.65643907,left_ankle,0.15019459,1.222253,0,0,0
Fall__Fall_f_raw_s_1_S_D_0054,8,C:\Users\ASUS\Downloads\3D_Human_Pose_NCKH\paper_baselines\lin2021_yolov8_lstm_gru\data\paper_skeleton_csv\Fall\Fall_Fall_f_raw_s_1_S_D_0054.csv,1,Fall,nose,0.023396675,-1.4955318,neck,-0.013108602,-0.9999141,right_shoulder,-0.3377902,-0.99329066,right_elbow,-0.4570138,-0.4469214,right_wrist,-0.41228244,0.0010623619,left_shoulder,0.31157276,-1.0065377,left_elbow,0.4647765,-0.460922,left_wrist,0.46229222,0.013916928,mid_hip,0.0,0.0,right_hip,-0.20532683,0.0056860894,right_knee,-0.23336007,0.70848227,right_ankle,-0.24973287,1.2753332,left_hip,0.20532683,-0.0056860894,left_knee,0.26109412,0.6519621,left_ankle,0.14185697,1.2114291,0,0,0
Fall__Fall_f_raw_s_1_S_D_0054,9,C:\Users\ASUS\Downloads\3D_Human_Pose_NCKH\paper_baselines\lin2021_yolov8_lstm_gru\data\paper_skeleton_csv\Fall\Fall_Fall_f_raw_s_1_S_D_0054.csv,1,Fall,nose,0.027208254,-1.495248,neck,-0.0077922223,-0.9999696,right_shoulder,-0.3358873,-0.9953763,right_elbow,-0.45864266,-0.44299906,right_wrist,-0.41662568,0.012845108,left_shoulder,0.3203031,-1.0045629,left_elbow,0.47251156,-0.44923246,left_wrist,0.4709153,0.021272788,mid_hip,0.0,0.0,right_hip,-0.20757696,0.004470026,right_knee,-0.23625006,0.7169651,right_ankle,-0.2489833,1.2792529,left_hip,0.20757696,-0.004469907,left_knee,0.26334095,0.6654279,left_ankle,0.14680181,1.2223608,0,0,0
Fall__Fall_f_raw_s_1_S_D_0054,10,C:\Users\ASUS\Downloads\3D_Human_Pose_NCKH\paper_baselines\lin2021_yolov8_lstm_gru\data\paper_skeleton_csv\Fall\Fall_Fall_f_raw_s_1_S_D_0054.csv,1,Fall,nose,0.027796712,-1.499099,neck,-0.005745606,-0.9999835,right_shoulder,-0.33580747,-0.9943914,right_elbow,-0.45974422,-0.43836778,right_wrist,-0.4218085,0.01828527,left_shoulder,0.32431626,-1.0055755,left_elbow,0.47894248,-0.4500089,left_wrist,0.47557712,0.02658315,mid_hip,0.0,0.0,right_hip,-0.20888129,0.004824696,right_knee,-0.2372054,0.7254911,right_ankle,-0.24844177,1.2839822,left_hip,0.20888129,-0.004824816,left_knee,0.2648023,0.6730025,left_ankle,0.14808784,1.2258496,0,0,0
Fall__Fall_f_raw_s_1_S_D_0054,11,C:\Users\ASUS\Downloads\3D_Human_Pose_NCKH\paper_baselines\lin2021_yolov8_lstm_gru\data\paper_skeleton_csv\Fall\Fall_Fall_f_raw_s_1_S_D_0054.csv,1,Fall,nose,0.029263556,-1.4936603,neck,-0.005324336,-0.9999858,right_shoulder,-0.32932195,-0.99610335,right_elbow,-0.4550573,-0.45394576,right_wrist,-0.41805026,-0.00081872934,left_shoulder,0.31867304,-1.0038683,left_elbow,0.47089985,-0.45501354,left_wrist,0.47121835,0.008528587,mid_hip,0.0,0.0,right_hip,-0.20481776,0.003885543,right_knee,-0.23348792,0.7098528,right_ankle,-0.24512897,1.2494054,left_hip,0.20481776,-0.0038854252,left_knee,0.2584851,0.65993536,left_ankle,0.14401308,1.1973059,0,0,0
Fall__Fall_f_raw_s_1_S_D_0054,12,C:\Users\ASUS\Downloads\3D_Human_Pose_NCKH\paper_baselines\lin2021_yolov8_lstm_gru\data\paper_skeleton_csv\Fall\Fall_Fall_f_raw_s_1_S_D_0054.csv,1,Fall,nose,0.033324756,-1.5003517,neck,-0.0053144987,-0.9999859,right_shoulder,-0.333243,-0.9959436,right_elbow,-0.46018744,-0.44875535,right_wrist,-0.42388317,0.013681411,left_shoulder,0.322614,-1.0040281,left_elbow,0.4769673,-0.45222405,left_wrist,0.47701645,0.01950057,mid_hip,0.0,0.0,right_hip,-0.20718601,0.0041845893,right_knee,-0.2358387,0.7184917,right_ankle,-0.24479114,1.2740676,left_hip,0.20718601,-0.0041847085,left_knee,0.26180026,0.6666604,left_ankle,0.1488773,1.2191125,0,0,0
Fall__Fall_f_raw_s_1_S_D_0054,13,C:\Users\ASUS\Downloads\3D_Human_Pose_NCKH\paper_baselines\lin2021_yolov8_lstm_gru\data\paper_skeleton_csv\Fall\Fall_Fall_f_raw_s_1_S_D_0054.csv,1,Fall,nose,0.033151865,-1.5004185,neck,-0.0037248,-0.9999931,right_shoulder,-0.33191913,-0.99515224,right_elbow,-0.45846513,-0.44552255,right_wrist,-0.4272265,0.014137667,left_shoulder,0.3244695,-1.0048339,left_elbow,0.4777265,-0.4558461,left_wrist,0.4797854,0.01621045,mid_hip,0.0,0.0,right_hip,-0.2074299,0.0043754103,right_knee,-0.23707499,0.7217544,right_ankle,-0.24437366,1.273403,left_hip,0.2074299,-0.0043755295,left_knee,0.2620236,0.67053777,left_ankle,0.14722511,1.217022,0,0,0
Fall__Fall_f_raw_s_1_S_D_0054,14,C:\Users\ASUS\Downloads\3D_Human_Pose_NCKH\paper_baselines\lin2021_yolov8_lstm_gru\data\paper_skeleton_csv\Fall\Fall_Fall_f_raw_s_1_S_D_0054.csv,1,Fall,nose,0.03573639,-1.4937665,neck,-0.00069219817,-0.99999976,right_shoulder,-0.32645655,-0.99651635,right_elbow,-0.45600688,-0.44906902,right_wrist,-0.4288969,0.0054518906,left_shoulder,0.32507238,-1.003483,left_elbow,0.47759825,-0.4506657,left_wrist,0.47930837,0.02319587,mid_hip,0.0,0.0,right_hip,-0.20597921,0.0035408782,right_knee,-0.23648714,0.71124065,right_ankle,-0.24502014,1.2527776,left_hip,0.20597945,-0.0035408782,left_knee,0.26243556,0.66364986,left_ankle,0.14475049,1.2004726,0,0,0
Fall__Fall_f_raw_s_1_S_D_0054,15,C:\Users\ASUS\Downloads\3D_Human_Pose_NCKH\paper_baselines\lin2021_yolov8_lstm_gru\data\paper_skeleton_csv\Fall\Fall_Fall_f_raw_s_1_S_D_0054.csv,1,Fall,nose,0.03607779,-1.4964364,neck,-0.0021616549,-0.9999976,right_shoulder,-0.32903937,-0.9954203,right_elbow,-0.45728114,-0.44530684,right_wrist,-0.43445385,0.011345476,left_shoulder,0.3247163,-1.0045749,left_elbow,0.47831184,-0.45162404,left_wrist,0.48038164,0.02789627,mid_hip,0.0,0.0,right_hip,-0.20646684,0.0040347795,right_knee,-0.2368378,0.7116605,right_ankle,-0.24377847,1.2604882,left_hip,0.20646684,-0.0040347795,left_knee,0.26204473,0.6625861,left_ankle,0.14389116,1.2079792,0,0,0
Fall__Fall_f_raw_s_1_S_D_0054,16,C:\Users\ASUS\Downloads\3D_Human_Pose_NCKH\paper_baselines\lin2021_yolov8_lstm_gru\data\paper_skeleton_csv\Fall\Fall_Fall_f_raw_s_1_S_D_0054.csv,1,Fall,nose,0.0362735,-1.500631,neck,-0.0004986336,-0.9999999,right_shoulder,-0.32992062,-0.99571824,right_elbow,-0.4605894,-0.4433692,right_wrist,-0.44090882,0.019028192,left_shoulder,0.32892334,-1.0042815,left_elbow,0.4792816,-0.44901943,left_wrist,0.48194242,0.028294528,mid_hip,0.0,0.0,right_hip,-0.20834012,0.004063565,right_knee,-0.24126452,0.71402884,right_ankle,-0.24498934,1.2745043,left_hip,0.20834012,-0.004063565,left_knee,0.26278445,0.6620982,left_ankle,0.1447824,1.2194347,0,0,0
Fall__Fall_f_raw_s_1_S_D_0054,17,C:\Users\ASUS\Downloads\3D_Human_Pose_NCKH\paper_baselines\lin2021_yolov8_lstm_gru\data\paper_skeleton_csv\Fall\Fall_Fall_f_raw_s_1_S_D_0054.csv,1,Fall,nose,0.03792882,-1.499626,neck,-0.0045724884,-0.9999895,right_shoulder,-0.33388358,-0.99539393,right_elbow,-0.46085173,-0.4390789,right_wrist,-0.43804002,0.02358988,left_shoulder,0.32473835,-1.0045851,left_elbow,0.47741634,-0.45178357,left_wrist,0.47949457,0.027499817,mid_hip,0.0,0.0,right_hip,-0.20816597,0.004381641,right_knee,-0.23951073,0.7080108,right_ankle,-0.24564643,1.2599397,left_hip,0.20816597,-0.0043815216,left_knee,0.2624272,0.65698767,left_ankle,0.14395612,1.2030282,0,0,0
Fall__Fall_f_raw_s_1_S_D_0054,18,C:\Users\ASUS\Downloads\3D_Human_Pose_NCKH\paper_baselines\lin2021_yolov8_lstm_gru\data\paper_skeleton_csv\Fall\Fall_Fall_f_raw_s_1_S_D_0054.csv,1,Fall,nose,0.04193278,-1.4998959,neck,-0.003957537,-0.99999213,right_shoulder,-0.33441925,-0.9942797,right_elbow,-0.45961386,-0.43893757,right_wrist,-0.4352074,0.023134954,left_shoulder,0.32650417,-1.0057046,left_elbow,0.4791919,-0.45835423,left_wrist,0.47840232,0.02196243,mid_hip,0.0,0.0,right_hip,-0.20935966,0.005075987,right_knee,-0.23995915,0.7075165,right_ankle,-0.24620777,1.2588801,left_hip,0.20935966,-0.005075987,left_knee,0.26757136,0.6522253,left_ankle,0.14388773,1.1963239,0,0,0
Fall__Fall_f_raw_s_1_S_D_0054,19,C:\Users\ASUS\Downloads\3D_Human_Pose_NCKH\paper_baselines\lin2021_yolov8_lstm_gru\data\paper_skeleton_csv\Fall\Fall_Fall_f_raw_s_1_S_D_0054.csv,1,Fall,nose,0.047447115,-1.4982373,neck,-0.0012697508,-0.99999917,right_shoulder,-0.3326592,-0.9964974,right_elbow,-0.45779085,-0.44014657,right_wrist,-0.4365474,0.021549698,left_shoulder,0.33011973,-1.0035008,left_elbow,0.4806892,-0.4517462,left_wrist,0.47882387,0.023022266,mid_hip,0.0,0.0,right_hip,-0.21018231,0.0036810632,right_knee,-0.24424872,0.71037555,right_ankle,-0.24903944,1.2585087,left_hip,0.21018231,-0.0036810632,left_knee,0.26413792,0.6619541,left_ankle,0.14110588,1.2038629,0,0,0
Fall__Fall_f_raw_s_1_S_D_0054,20,C:\Users\ASUS\Downloads\3D_Human_Pose_NCKH\paper_baselines\lin2021_yolov8_lstm_gru\data\paper_skeleton_csv\Fall\Fall_Fall_f_raw_s_1_S_D_0054.csv,1,Fall,nose,0.04838434,-1.5008942,neck,-0.0020126505,-0.999998,right_shoulder,-0.333949,-0.99501485,right_elbow,-0.45876572,-0.43773517,right_wrist,-0.4412098,0.0161093,left_shoulder,0.32992348,-1.0049812,left_elbow,0.48158997,-0.45258704,left_wrist,0.47409564,0.026513908,mid_hip,0.0,0.0,right_hip,-0.21043676,0.004043637,right_knee,-0.24776675,0.708046,right_ankle,-0.2532825,1.2563382,left_hip,0.21043676,-0.004043637,left_knee,0.26300928,0.6584529,left_ankle,0.13370076,1.2030661,0,0,0
Fall__Fall_f_raw_s_1_S_D_0054,21,C:\Users\ASUS\Downloads\3D_Human_Pose_NCKH\paper_baselines\lin2021_yolov8_lstm_gru\data\paper_skeleton_csv\Fall\Fall_Fall_f_raw_s_1_S_D_0054.csv,1,Fall,nose,0.04489008,-1.5022765,neck,-0.0044857766,-0.9999899,right_shoulder,-0.33963495,-0.9977222,right_elbow,-0.4612971,-0.44433376,right_wrist,-0.44708487,0.022130303,left_shoulder,0.33066338,-1.0022577,left_elbow,0.47998026,-0.45206288,left_wrist,0.4734864,0.02986014,mid_hip,0.0,0.0,right_hip,-0.21313328,0.0029756385,right_knee,-0.255875,0.70510453,right_ankle,-0.26133227,1.2641339,left_hip,0.21313328,-0.0029757582,left_knee,0.26553705,0.658293,left_ankle,0.12797914,1.207742,0,0,0
Fall__Fall_f_raw_s_1_S_D_0054,22,C:\Users\ASUS\Downloads\3D_Human_Pose_NCKH\paper_baselines\lin2021_yolov8_lstm_gru\data\paper_skeleton_csv\Fall\Fall_Fall_f_raw_s_1_S_D_0054.csv,1,Fall,nose,0.036762096,-1.5024706,neck,-0.005146054,-0.99998677,right_shoulder,-0.34174776,-0.99504644,right_elbow,-0.47411442,-0.4431385,right_wrist,-0.45853356,0.029803088,left_shoulder,0.3314554,-1.0049272,left_elbow,0.4824929,-0.45607477,left_wrist,0.4846091,0.026514087,mid_hip,0.0,0.0,right_hip,-0.21812107,0.004839796,right_knee,-0.2580521,0.70892584,right_ankle,-0.2638526,1.2980064,left_hip,0.21812107,-0.004839917,left_knee,0.2540555,0.6690888,left_ankle,0.12060845,1.2365881,0,0,0
Fall__Fall_f_raw_s_1_S_D_0054,23,C:\Users\ASUS\Downloads\3D_Human_Pose_NCKH\paper_baselines\lin2021_yolov8_lstm_gru\data\paper_skeleton_csv\Fall\Fall_Fall_f_raw_s_1_S_D_0054.csv,1,Fall,nose,0.027650375,-1.4964525,neck,-0.008985666,-0.99995965,right_shoulder,-0.34456933,-0.99709463,right_elbow,-0.4818525,-0.44705087,right_wrist,-0.4679963,0.029330086,left_shoulder,0.32659802,-1.0028248,left_elbow,0.4716885,-0.45486918,left_wrist,0.47009745,0.02272246,mid_hip,0.0,0.0,right_hip,-0.21695845,0.0030071768,right_knee,-0.26883698,0.7030268,right_ankle,-0.27985036,1.2848939,left_hip,0.21695869,-0.0030071768,left_knee,0.24234755,0.67417634,left_ankle,0.101983175,1.2312886,0,0,0
Fall__Fall_f_raw_s_1_S_D_0054,24,C:\Users\ASUS\Downloads\3D_Human_Pose_NCKH\paper_baselines\lin2021_yolov8_lstm_gru\data\paper_skeleton_csv\Fall\Fall_Fall_f_raw_s_1_S_D_0054.csv,1,Fall,nose,0.030590156,-1.5044591,neck,-0.0040651057,-0.9999917,right_shoulder,-0.33828095,-0.9959594,right_elbow,-0.46986404,-0.4382899,right_wrist,-0.4745832,0.031209333,left_shoulder,0.33015072,-1.004024,left_elbow,0.4754863,-0.4521916,left_wrist,0.46597725,0.029020049,mid_hip,0.0,0.0,right_hip,-0.21615383,0.0025287909,right_knee,-0.2689978,0.71090585,right_ankle,-0.29069006,1.2862616,left_hip,0.21615383,-0.002528912,left_knee,0.24389471,0.6863338,left_ankle,0.09749544,1.2352449,0,0,0
Fall__Fall_f_raw_s_1_S_D_0054,25,C:\Users\ASUS\Downloads\3D_Human_Pose_NCKH\paper_baselines\lin2021_yolov8_lstm_gru\data\paper_skeleton_csv\Fall\Fall_Fall_f_raw_s_1_S_D_0054.csv,1,Fall,nose,0.049339857,-1.5090468,neck,0.0059724203,-0.9999822,right_shoulder,-0.32023764,-0.9967369,right_elbow,-0.4358378,-0.43408048,right_wrist,-0.46025407,0.026868062,left_shoulder,0.33218247,-1.0032275,left_elbow,0.47495592,-0.44044328,left_wrist,0.44599834,0.020747133,mid_hip,0.0,0.0,right_hip,-0.20846355,0.0015117138,right_knee,-0.28132427,0.6905547,right_ankle,-0.29763672,1.2274606,left_hip,0.20846355,-0.0015118343,left_knee,0.25179508,0.64690274,left_ankle,0.09238329,1.1739129,0,0,0
Fall__Fall_f_raw_s_1_S_D_0054,26,C:\Users\ASUS\Downloads\3D_Human_Pose_NCKH\paper_baselines\lin2021_yolov8_lstm_gru\data\paper_skeleton_csv\Fall\Fall_Fall_f_raw_s_1_S_D_0054.csv,1,Fall,nose,0.05419367,-1.5001359,neck,0.0068387524,-0.99997663,right_shoulder,-0.31256747,-0.99562615,right_elbow,-0.423432,-0.4450579,right_wrist,-0.46089914,0.011113866,left_shoulder,0.32624474,-1.0043272,left_elbow,0.4732253,-0.4529972,left_wrist,0.44381157,0.0053047133,mid_hip,0.0,0.0,right_hip,-0.20432423,0.0014479416,right_knee,-0.2810979,0.6800543,right_ankle,-0.30638012,1.200419,left_hip,0.20432423,-0.0014479416,left_knee,0.240903,0.6342294,left_ankle,0.0774329,1.1473342,0,0,0
Fall__Fall_f_raw_s_1_S_D_0054,27,C:\Users\ASUS\Downloads\3D_Human_Pose_NCKH\paper_baselines\lin2021_yolov8_lstm_gru\data\paper_skeleton_csv\Fall\Fall_Fall_f_raw_s_1_S_D_0054.csv,1,Fall,nose,0.06619103,-1.4936466,neck,0.006832313,-0.9999767,right_shoulder,-0.3112884,-0.99540573,right_elbow,-0.41749212,-0.4490311,right_wrist,-0.45789042,0.00961064,left_shoulder,0.32495302,-1.0045475,left_elbow,0.48092234,-0.462219,left_wrist,0.445844,-0.002968291,mid_hip,0.0,0.0,right_hip,-0.20459065,0.0013457263,right_knee,-0.28707668,0.6748622,right_ankle,-0.3134482,1.188024,left_hip,0.20459089,-0.0013456079,left_knee,0.24079458,0.6286244,left_ankle,0.07299045,1.1348547,0,0,0
Fall__Fall_f_raw_s_1_S_D_0054,28,C:\Users\ASUS\Downloads\3D_Human_Pose_NCKH\paper_baselines\lin2021_yolov8_lstm_gru\data\paper_skeleton_csv\Fall\Fall_Fall_f_raw_s_1_S_D_0054.csv,1,Fall,nose,0.055203866,-1.5051448,neck,-0.0019677945,-0.99999803,right_shoulder,-0.33286834,-0.99358994,right_elbow,-0.4546871,-0.44533062,right_wrist,-0.4744497,0.0187643,left_shoulder,0.328933,-1.0064061,left_elbow,0.48554385,-0.4688514,left_wrist,0.45783737,0.009140536,mid_hip,0.0,0.0,right_hip,-0.2136343,0.002314366,right_knee,-0.29899842,0.69555426,right_ankle,-0.34303308,1.2298983,left_hip,0.21363454,-0.002314366,left_knee,0.22557484,0.6622425,left_ankle,0.045716878,1.1688205,0,0,0
Fall__Fall_f_raw_s_1_S_D_0054,29,C:\Users\ASUS\Downloads\3D_Human_Pose_NCKH\paper_baselines\lin2021_yolov8_lstm_gru\data\paper_skeleton_csv\Fall\Fall_Fall_f_raw_s_1_S_D_0054.csv,1,Fall,nose,0.075046316,-1.4919783,neck,0.004679431,-0.9999891,right_shoulder,-0.3211844,-0.9953148,right_elbow,-0.43059704,-0.44490603,right_wrist,-0.45378488,0.013288138,left_shoulder,0.33054325,-1.0046635,left_elbow,0.50294167,-0.4499343,left_wrist,0.45993355,0.019926103,mid_hip,0.0,0.0,right_hip,-0.20947589,0.0019924326,right_knee,-0.30348837,0.6817606,right_ankle,-0.340142,1.1643757,left_hip,0.20947589,-0.0019925511,left_knee,0.24421108,0.62519616,left_ankle,0.059320204,1.1098591,0,0,0
Fall__Fall_f_raw_s_1_S_D_0054,30,C:\Users\ASUS\Downloads\3D_Human_Pose_NCKH\paper_baselines\lin2021_yolov8_lstm_gru\data\paper_skeleton_csv\Fall\Fall_Fall_f_raw_s_1_S_D_0054.csv,1,Fall,nose,0.06692516,-1.5048766,neck,0.004752078,-0.9999887,right_shoulder,-0.3332747,-0.9969047,right_elbow,-0.42635366,-0.45155242,right_wrist,-0.43946806,-0.0071256347,left_shoulder,0.34277886,-1.0030725,left_elbow,0.48926923,-0.4529914,left_wrist,0.46335542,0.0060491636,mid_hip,0.0,0.0,right_hip,-0.21759136,0.0025338742,right_knee,-0.30035016,0.6848847,right_ankle,-0.3703779,1.1715856,left_hip,0.21759136,-0.0025338742,left_knee,0.25946224,0.61200774,left_ankle,0.027106969,1.099726,0,0,0
Fall__Fall_f_raw_s_1_S_D_0054,31,C:\Users\ASUS\Downloads\3D_Human_Pose_NCKH\paper_baselines\lin2021_yolov8_lstm_gru\data\paper_skeleton_csv\Fall\Fall_Fall_f_raw_s_1_S_D_0054.csv,1,Fall,nose,0.07063445,-1.4974774,neck,0.0075183054,-0.99997175,right_shoulder,-0.334127,-0.997127,right_elbow,-0.42974368,-0.43851364,right_wrist,-0.4430577,0.0134882955,left_shoulder,0.34916338,-1.0028164,left_elbow,0.4954231,-0.44069338,left_wrist,0.47284836,0.036119707,mid_hip,0.0,0.0,right_hip,-0.21950889,0.002221714,right_knee,-0.3066618,0.68676066,right_ankle,-0.39553395,1.1778783,left_hip,0.21950889,-0.0022218337,left_knee,0.26569587,0.61479044,left_ankle,0.014339307,1.1038107,0,0,0
Fall__Fall_f_raw_s_1_S_D_0054,32,C:\Users\ASUS\Downloads\3D_Human_Pose_NCKH\paper_baselines\lin2021_yolov8_lstm_gru\data\paper_skeleton_csv\Fall\Fall_Fall_f_raw_s_1_S_D_0054.csv,1,Fall,nose,0.07615474,-1.4992055,neck,0.015804673,-0.9998751,right_shoulder,-0.325477,-0.99878687,right_elbow,-0.42781508,-0.4560068,right_wrist,-0.4428023,0.0032538539,left_shoulder,0.35708585,-1.0009633,left_elbow,0.50318617,-0.45907602,left_wrist,0.4960538,0.024750223,mid_hip,0.0,0.0,right_hip,-0.21924877,0.00058437244,right_knee,-0.30318883,0.6770227,right_ankle,-0.4120231,1.1544898,left_hip,0.21924853,-0.00058437244,left_knee,0.27088696,0.61522025,left_ankle,-0.00053809263,1.0930748,0,0,0
Fall__Fall_f_raw_s_1_S_D_0054,33,C:\Users\ASUS\Downloads\3D_Human_Pose_NCKH\paper_baselines\lin2021_yolov8_lstm_gru\data\paper_skeleton_csv\Fall\Fall_Fall_f_raw_s_1_S_D_0054.csv,1,Fall,nose,0.07952725,-1.4872925,neck,0.009595166,-0.9999539,right_shoulder,-0.32264096,-0.9894046,right_elbow,-0.45540696,-0.434176,right_wrist,-0.475139,0.042353835,left_shoulder,0.3418313,-1.0105034,left_elbow,0.50829214,-0.46679232,left_wrist,0.5149224,0.028522303,mid_hip,0.0,0.0,right_hip,-0.21381322,0.0032613664,right_knee,-0.3386346,0.66263545,right_ankle,-0.44058624,1.1237007,left_hip,0.2138137,-0.0032613664,left_knee,0.26269308,0.6265827,left_ankle,0.0072709406,1.0751402,0,0,0
Fall__Fall_f_raw_s_1_S_D_0054,34,C:\Users\ASUS\Downloads\3D_Human_Pose_NCKH\paper_baselines\lin2021_yolov8_lstm_gru\data\paper_skeleton_csv\Fall\Fall_Fall_f_raw_s_1_S_D_0054.csv,1,Fall,nose,0.087616615,-1.4802353,neck,0.006840736,-0.9999766,right_shoulder,-0.32738924,-0.98896337,right_elbow,-0.45452,-0.43751281,right_wrist,-0.47520575,0.03541291,left_shoulder,0.34107095,-1.0109899,left_elbow,0.49980384,-0.474852,left_wrist,0.51255226,0.011394955,mid_hip,0.0,0.0,right_hip,-0.2156811,0.003628661,right_knee,-0.35075253,0.64364046,right_ankle,-0.45328566,1.0751551,left_hip,0.21568087,-0.003628661,left_knee,0.2684447,0.6030804,left_ankle,-0.013195897,1.022439,0,0,0
Fall__Fall_f_raw_s_1_S_D_0054,35,C:\Users\ASUS\Downloads\3D_Human_Pose_NCKH\paper_baselines\lin2021_yolov8_lstm_gru\data\paper_skeleton_csv\Fall\Fall_Fall_f_raw_s_1_S_D_0054.csv,1,Fall,nose,0.10175595,-1.4880981,neck,0.014847789,-0.9998898,right_shoulder,-0.32674587,-0.99021345,right_elbow,-0.463402,-0.4294058,right_wrist,-0.4916443,0.073832646,left_shoulder,0.35644144,-1.0095662,left_elbow,0.5163255,-0.4638631,left_wrist,0.532679,0.037801962,mid_hip,0.0,0.0,right_hip,-0.21955472,0.0022948359,right_knee,-0.3554762,0.6539904,right_ankle,-0.47345802,1.0853719,left_hip,0.21955472,-0.0022948359,left_knee,0.27706194,0.6186865,left_ankle,-0.028608147,1.0398586,0,0,0
Fall__Fall_f_raw_s_1_S_D_0054,36,C:\Users\ASUS\Downloads\3D_Human_Pose_NCKH\paper_baselines\lin2021_yolov8_lstm_gru\data\paper_skeleton_csv\Fall\Fall_Fall_f_raw_s_1_S_D_0054.csv,1,Fall,nose,0.110236086,-1.4762516,neck,0.012612105,-0.9999205,right_shoulder,-0.3230607,-0.98889434,right_elbow,-0.46064234,-0.43260628,right_wrist,-0.4900917,0.061617803,left_shoulder,0.3482849,-1.0109466,left_elbow,0.5127157,-0.47218046,left_wrist,0.5293621,0.015249088,mid_hip,0.0,0.0,right_hip,-0.21623506,0.0036432825,right_knee,-0.35100463,0.65015036,right_ankle,-0.49055514,1.0255811,left_hip,0.21623506,-0.0036434047,left_knee,0.2797314,0.603383,left_ankle,-0.03167875,0.96814877,0,0,0
Fall__Fall_f_raw_s_1_S_D_0054,37,C:\Users\ASUS\Downloads\3D_Human_Pose_NCKH\paper_baselines\lin2021_yolov8_lstm_gru\data\paper_skeleton_csv\Fall\Fall_Fall_f_raw_s_1_S_D_0054.csv,1,Fall,nose,0.10883596,-1.4736811,neck,0.011483961,-0.9999341,right_shoulder,-0.32973242,-0.9915799,right_elbow,-0.45843744,-0.4358394,right_wrist,-0.48504215,0.044864085,left_shoulder,0.35270032,-1.0082883,left_elbow,0.4992904,-0.4669577,left_wrist,0.51917624,0.017777894,mid_hip,0.0,0.0,right_hip,-0.21796416,0.00069965055,right_knee,-0.35341045,0.6451784,right_ankle,-0.5100109,0.96840304,left_hip,0.21796416,-0.00069965055,left_knee,0.2942648,0.6033966,left_ankle,-0.09004622,0.90765035,0,0,0
Fall__Fall_f_raw_s_1_S_D_0054,38,C:\Users\ASUS\Downloads\3D_Human_Pose_NCKH\paper_baselines\lin2021_yolov8_lstm_gru\data\paper_skeleton_csv\Fall\Fall_Fall_f_raw_s_1_S_D_0054.csv,1,Fall,nose,0.108833164,-1.4628525,neck,0.00323532,-0.99999475,right_shoulder,-0.3375394,-0.99452233,right_elbow,-0.46680775,-0.4608623,right_wrist,-0.49256933,0.020846777,left_shoulder,0.3440103,-1.0054672,left_elbow,0.48676893,-0.48814982,left_wrist,0.5108058,-0.008668655,mid_hip,0.0,0.0,right_hip,-0.21885557,-0.00011251394,right_knee,-0.36968377,0.6084592,right_ankle,-0.53020465,0.9007418,left_hip,0.21885557,0.00011227198,left_knee,0.30697504,0.56702185,left_ankle,-0.08350035,0.8301305,0,0,0
Fall__Fall_f_raw_s_1_S_D_0054,39,C:\Users\ASUS\Downloads\3D_Human_Pose_NCKH\paper_baselines\lin2021_yolov8_lstm_gru\data\paper_skeleton_csv\Fall\Fall_Fall_f_raw_s_1_S_D_0054.csv,1,Fall,nose,0.11826565,-1.4522214,neck,0.0050010225,-0.9999875,right_shoulder,-0.34352532,-0.99730617,right_elbow,-0.4659128,-0.44062775,right_wrist,-0.50817454,0.032989953,left_shoulder,0.35352737,-1.0026687,left_elbow,0.49022424,-0.4762996,left_wrist,0.52034026,0.014780887,mid_hip,0.0,0.0,right_hip,-0.22473155,-0.0029130108,right_knee,-0.38082117,0.6066683,right_ankle,-0.5391053,0.8636053,left_hip,0.22473131,0.002913255,left_knee,0.33759773,0.5926284,left_ankle,-0.09770391,0.8078611,0,0,0
Fall__Fall_f_raw_s_1_S_D_0054,40,C:\Users\ASUS\Downloads\3D_Human_Pose_NCKH\paper_baselines\lin2021_yolov8_lstm_gru\data\paper_skeleton_csv\Fall\Fall_Fall_f_raw_s_1_S_D_0054.csv,1,Fall,nose,0.11032615,-1.4516464,neck,0.002120407,-0.99999774,right_shoulder,-0.3572424,-0.9956255,right_elbow,-0.493421,-0.42490935,right_wrist,-0.54519385,0.07421101,left_shoulder,0.36148274,-1.00437,left_elbow,0.49153835,-0.47760868,left_wrist,0.5231794,0.036258288,mid_hip,0.0,0.0,right_hip,-0.23241201,-0.0037765005,right_knee,-0.39600924,0.6377374,right_ankle,-0.58363676,0.8275329,left_hip,0.23241201,0.0037767496,left_knee,0.3488564,0.6355627,left_ankle,-0.1361009,0.7826849,0,0,0
Fall__Fall_f_raw_s_1_S_D_0054,41,C:\Users\ASUS\Downloads\3D_Human_Pose_NCKH\paper_baselines\lin2021_yolov8_lstm_gru\data\paper_skeleton_csv\Fall\Fall_Fall_f_raw_s_1_S_D_0054.csv,1,Fall,nose,0.104910195,-1.4447538,neck,-0.003837495,-0.9999926,right_shoulder,-0.3685812,-0.9889812,right_elbow,-0.49504057,-0.40724802,right_wrist,-0.5510739,0.055167586,left_shoulder,0.3609062,-1.0110041,left_elbow,0.46678257,-0.49330297,left_wrist,0.50705504,0.0042967773,mid_hip,0.0,0.0,right_hip,-0.23496331,-0.000977232,right_knee,-0.40362802,0.6263137,right_ankle,-0.58862066,0.7186762,left_hip,0.23496331,0.0009769866,left_knee,0.36997598,0.6107418,left_ankle,-0.13077824,0.68079716,0,0,0
Fall__Fall_f_raw_s_1_S_D_0054,42,C:\Users\ASUS\Downloads\3D_Human_Pose_NCKH\paper_baselines\lin2021_yolov8_lstm_gru\data\paper_skeleton_csv\Fall\Fall_Fall_f_raw_s_1_S_D_0054.csv,1,Fall,nose,0.1029378,-1.4351614,neck,-0.00027297126,-0.99999994,right_shoulder,-0.35924917,-0.9893005,right_elbow,-0.49493933,-0.42557588,right_wrist,-0.5597263,0.050592482,left_shoulder,0.35870346,-1.0106994,left_elbow,0.46427968,-0.495215,left_wrist,0.5156155,0.023953844,mid_hip,0.0,0.0,right_hip,-0.23280178,-0.0014870269,right_knee,-0.39734444,0.6150876,right_ankle,-0.6149233,0.66434956,left_hip,0.23280153,0.0014872737,left_knee,0.38916025,0.59497243,left_ankle,-0.1595823,0.6306529,0,0,0
Fall__Fall_f_raw_s_1_S_D_0054,43,C:\Users\ASUS\Downloads\3D_Human_Pose_NCKH\paper_baselines\lin2021_yolov8_lstm_gru\data\paper_skeleton_csv\Fall\Fall_Fall_f_raw_s_1_S_D_0054.csv,1,Fall,nose,0.1103056,-1.4399904,neck,-0.007913306,-0.9999687,right_shoulder,-0.3726662,-0.98441964,right_elbow,-0.51581085,-0.4130909,right_wrist,-0.5841522,0.08909896,left_shoulder,0.3568391,-1.0155177,left_elbow,0.46320093,-0.5047655,left_wrist,0.5170488,0.03706159,mid_hip,0.0,0.0,right_hip,-0.2369271,0.0003519218,right_knee,-0.3942225,0.65217537,right_ankle,-0.6753574,0.60207343,left_hip,0.2369266,-0.0003519218,left_knee,0.4199644,0.6235194,left_ankle,-0.18895999,0.5753972,0,0,0
Fall__Fall_f_raw_s_1_S_D_0054,44,C:\Users\ASUS\Downloads\3D_Human_Pose_NCKH\paper_baselines\lin2021_yolov8_lstm_gru\data\paper_skeleton_csv\Fall\Fall_Fall_f_raw_s_1_S_D_0054.csv,1,Fall,nose,0.09157714,-1.4334075,neck,-0.011304735,-0.9999361,right_shoulder,-0.36799186,-0.9918665,right_elbow,-0.53602195,-0.44240203,right_wrist,-0.59777725,0.07796853,left_shoulder,0.34538263,-1.0080056,left_elbow,0.47561982,-0.5035972,left_wrist,0.5256539,0.024746902,mid_hip,0.0,0.0,right_hip,-0.23252758,0.0011553274,right_knee,-0.28474578,0.67582935,right_ankle,-0.63326705,0.51017267,left_hip,0.23252709,-0.0011553274,left_knee,0.3807238,0.62786496,left_ankle,-0.26678172,0.4841836,0,0,0
Fall__Fall_f_raw_s_1_S_D_0054,45,C:\Users\ASUS\Downloads\3D_Human_Pose_NCKH\paper_baselines\lin2021_yolov8_lstm_gru\data\paper_skeleton_csv\Fall\Fall_Fall_f_raw_s_1_S_D_0054.csv,1,Fall,nose,0.06807018,-1.4811397,neck,-0.017829489,-0.99984103,right_shoulder,-0.40192553,-0.97810644,right_elbow,-0.5861816,-0.3893347,right_wrist,-0.68466765,0.21038637,left_shoulder,0.366266,-1.0215757,left_elbow,0.5026076,-0.46546,left_wrist,0.54443884,0.10422125,mid_hip,0.0,0.0,right_hip,-0.25081253,-0.0010097403,right_knee,-0.44060686,0.73582214,right_ankle,-0.73803544,0.4186213,left_hip,0.25081253,0.0010100151,left_knee,0.3821552,0.7690331,left_ankle,-0.2371001,0.5202757,0,0,0
Fall__Fall_f_raw_s_1_S_D_0054,46,C:\Users\ASUS\Downloads\3D_Human_Pose_NCKH\paper_baselines\lin2021_yolov8_lstm_gru\data\paper_skeleton_csv\Fall\Fall_Fall_f_raw_s_1_S_D_0054.csv,1,Fall,nose,0.120929465,-1.4173656,neck,0.040349375,-0.9991856,right_shoulder,-0.3181436,-0.98742706,right_elbow,-0.49506646,-0.45088303,right_wrist,-0.5830149,0.1397937,left_shoulder,0.3988426,-1.0109442,left_elbow,0.5187723,-0.49148664,left_wrist,0.55928874,0.07845567,mid_hip,0.0,0.0,right_hip,-0.23704854,-0.0034856175,right_knee,-0.34317446,0.714536,right_ankle,-0.69981986,0.3656979,left_hip,0.23704801,0.0034858778,left_knee,0.43224156,0.7056701,left_ankle,-0.2483649,0.45056975,0,0,0
Fall__Fall_f_raw_s_1_S_D_0054,47,C:\Users\ASUS\Downloads\3D_Human_Pose_NCKH\paper_baselines\lin2021_yolov8_lstm_gru\data\paper_skeleton_csv\Fall\Fall_Fall_f_raw_s_1_S_D_0054.csv,1,Fall,nose,0.11210258,-1.4017036,neck,0.038572963,-0.99925584,right_shoulder,-0.30701658,-0.98257154,right_elbow,-0.48356724,-0.4711771,right_wrist,-0.5482085,0.061538026,left_shoulder,0.38416275,-1.01594,left_elbow,0.5093976,-0.5158473,left_wrist,0.51293826,0.03900058,mid_hip,0.0,0.0,right_hip,-0.2333143,-0.0006454551,right_knee,-0.3274853,0.62494534,right_ankle,-0.7081189,0.275645,left_hip,0.2333148,0.0006454551,left_knee,0.44079626,0.6003785,left_ankle,-0.19611968,0.36482525,0,0,0
Fall__Fall_f_raw_s_1_S_D_0054,48,C:\Users\ASUS\Downloads\3D_Human_Pose_NCKH\paper_baselines\lin2021_yolov8_lstm_gru\data\paper_skeleton_csv\Fall\Fall_Fall_f_raw_s_1_S_D_0054.csv,1,Fall,nose,0.10867793,-1.414633,neck,0.02586962,-0.99966526,right_shoulder,-0.31841496,-0.97605926,right_elbow,-0.52476984,-0.46402022,right_wrist,-0.58352053,0.11442094,left_shoulder,0.3701542,-1.0232712,left_elbow,0.47127306,-0.510232,left_wrist,0.5068658,0.050399102,mid_hip,0.0,0.0,right_hip,-0.24189624,0.0033823813,right_knee,-0.4664515,0.66435957,right_ankle,-0.9006169,0.15473217,left_hip,0.24189574,-0.0033823813,left_knee,0.4917426,0.6247188,left_ankle,-0.032069046,0.28702345,0,0,0
Fall__Fall_f_raw_s_1_S_D_0054,49,C:\Users\ASUS\Downloads\3D_Human_Pose_NCKH\paper_baselines\lin2021_yolov8_lstm_gru\data\paper_skeleton_csv\Fall\Fall_Fall_f_raw_s_1_S_D_0054.csv,1,Fall,nose,0.17131549,-1.4534671,neck,0.051762775,-0.9986594,right_shoulder,-0.33495134,-0.97645015,right_elbow,-0.5208574,-0.4140162,right_wrist,-0.57476836,0.21718799,left_shoulder,0.4384769,-1.0208687,left_elbow,0.5217281,-0.45071217,left_wrist,0.5669722,0.15672553,mid_hip,0.0,0.0,right_hip,-0.2697646,0.0052389205,right_knee,-0.47165188,0.7582295,right_ankle,-1.0335196,0.2832942,left_hip,0.2697646,-0.0052392003,left_knee,0.61776006,0.6879064,left_ankle,-0.12774785,0.36835745,0,0,0
Fall__Fall_f_raw_s_1_S_D_0054,50,C:\Users\ASUS\Downloads\3D_Human_Pose_NCKH\paper_baselines\lin2021_yolov8_lstm_gru\data\paper_skeleton_csv\Fall\Fall_Fall_f_raw_s_1_S_D_0054.csv,1,Fall,nose,0.24636137,-1.3843256,neck,0.10775865,-0.9941771,right_shoulder,-0.27610132,-1.0003558,right_elbow,-0.4815721,-0.44388297,right_wrist,-0.5261242,0.18527664,left_shoulder,0.49161863,-0.98799837,left_elbow,0.5446669,-0.38687766,left_wrist,0.62579083,0.18191545,mid_hip,0.0,0.0,right_hip,-0.26939633,-0.0021863487,right_knee,-0.36056176,0.6780642,right_ankle,-0.82005227,0.29759097,left_hip,0.26939577,0.0021863487,left_knee,0.64718896,0.59468096,left_ankle,-0.16489224,0.2991627,0,0,0
Fall__Fall_f_raw_s_1_S_D_0054,51,C:\Users\ASUS\Downloads\3D_Human_Pose_NCKH\paper_baselines\lin2021_yolov8_lstm_gru\data\paper_skeleton_csv\Fall\Fall_Fall_f_raw_s_1_S_D_0054.csv,1,Fall,nose,0.26700747,-1.3544102,neck,0.13443282,-0.9909227,right_shoulder,-0.27738294,-0.98516226,right_elbow,-0.5160442,-0.4118032,right_wrist,-0.55591565,0.28797662,left_shoulder,0.54624856,-0.9966829,left_elbow,0.5456654,-0.33909395,left_wrist,0.69909596,0.3072156,mid_hip,0.0,0.0,right_hip,-0.28326985,-0.0007123842,right_knee,-0.4744681,0.8105833,right_ankle,-1.1574761,0.25204065,left_hip,0.28326985,0.00071207725,left_knee,0.673638,0.7155563,left_ankle,-0.34731996,0.26856884,0,0,0
Fall__Fall_f_raw_s_1_S_D_0054,52,C:\Users\ASUS\Downloads\3D_Human_Pose_NCKH\paper_baselines\lin2021_yolov8_lstm_gru\data\paper_skeleton_csv\Fall\Fall_Fall_f_raw_s_1_S_D_0054.csv,1,Fall,nose,0.3444633,-1.3046796,neck,0.1741554,-0.9847182,right_shoulder,-0.17674209,-1.0067931,right_elbow,-0.48306015,-0.48683846,right_wrist,-0.4365711,0.1250757,left_shoulder,0.5250529,-0.9626435,left_elbow,0.52284884,-0.3502196,left_wrist,0.6845552,0.14974046,mid_hip,0.0,0.0,right_hip,-0.22608232,-0.010681295,right_knee,-0.24202232,0.54323995,right_ankle,-1.0852563,0.16894107,left_hip,0.22608232,0.010681295,left_knee,0.57157755,0.42469168,left_ankle,-0.43085292,0.14977606,0,0,0
Fall__Fall_f_raw_s_1_S_D_0054,53,C:\Users\ASUS\Downloads\3D_Human_Pose_NCKH\paper_baselines\lin2021_yolov8_lstm_gru\data\paper_skeleton_csv\Fall\Fall_Fall_f_raw_s_1_S_D_0054.csv,1,Fall,nose,0.5345913,-1.2441694,neck,0.30981004,-0.95079845,right_shoulder,-0.080097035,-0.99173445,right_elbow,-0.42849836,-0.44650793,right_wrist,-0.3523463,0.23406005,left_shoulder,0.6997165,-0.90986246,left_elbow,0.642179,-0.2559306,left_wrist,0.82687694,0.3008398,mid_hip,0.0,0.0,right_hip,-0.2786788,-0.015561812,right_knee,-0.36066812,0.6865302,right_ankle,-1.2354854,0.18876465,left_hip,0.2786788,0.015562128,left_knee,0.6385454,0.59588104,left_ankle,-0.43128538,0.16831425,0,0,0
Fall__Fall_f_raw_s_1_S_D_0054,54,C:\Users\ASUS\Downloads\3D_Human_Pose_NCKH\paper_baselines\lin2021_yolov8_lstm_gru\data\paper_skeleton_csv\Fall\Fall_Fall_f_raw_s_1_S_D_0054.csv,1,Fall,nose,0.7179904,-1.1926512,neck,0.36240873,-0.93201923,right_shoulder,-0.055671178,-1.0209202,right_elbow,-0.41738564,-0.48720336,right_wrist,-0.3761035,0.22939782,left_shoulder,0.7804886,-0.84311825,left_elbow,0.62560344,-0.14241718,left_wrist,0.9147563,0.4533225,mid_hip,0.0,0.0,right_hip,-0.29441705,-0.04100179,right_knee,-0.4873587,0.7503377,right_ankle,-1.5108035,0.24542111,left_hip,0.29441777,0.041002147,left_knee,0.82361,0.7307866,left_ankle,-0.5270223,0.28720608,0,0,0
Fall__Fall_f_raw_s_1_S_D_0054,55,C:\Users\ASUS\Downloads\3D_Human_Pose_NCKH\paper_baselines\lin2021_yolov8_lstm_gru\data\paper_skeleton_csv\Fall\Fall_Fall_f_raw_s_1_S_D_0054.csv,1,Fall,nose,0.9115201,-1.0000616,neck,0.5653395,-0.82485837,right_shoulder,0.17546336,-0.9950748,right_elbow,-0.26963,-0.5688698,right_wrist,-0.2165736,0.22061339,left_shoulder,0.9552156,-0.65464157,left_elbow,0.71568537,0.06918297,left_wrist,0.99664223,0.6419801,mid_hip,0.0,0.0,right_hip,-0.2838555,-0.084736325,right_knee,-0.58581734,0.7843086,right_ankle,-1.647388,0.37014836,left_hip,0.2838555,0.084736325,left_knee,0.7576526,0.87741166,left_ankle,-0.44895622,0.4159342,0,0,0
Fall__Fall_f_raw_s_1_S_D_0054,56,C:\Users\ASUS\Downloads\3D_Human_Pose_NCKH\paper_baselines\lin2021_yolov8_lstm_gru\data\paper_skeleton_csv\Fall\Fall_Fall_f_raw_s_1_S_D_0054.csv,1,Fall,nose,1.1605028,-0.7758678,neck,0.68133914,-0.73196787,right_shoulder,0.31513697,-0.96656865,right_elbow,-0.14821371,-0.62574434,right_wrist,-0.0831314,0.14449698,left_shoulder,1.0475405,-0.49736708,left_elbow,0.76281095,0.24856287,left_wrist,1.0654094,0.78512406,mid_hip,0.0,0.0,right_hip,-0.26590765,-0.11375088,right_knee,-0.56046844,0.71797264,right_ankle,-1.7453877,0.57876885,left_hip,0.26590765,0.11375088,left_knee,0.7814674,0.8825578,left_ankle,-0.53613204,0.6226569,0,0,0
Fall__Fall_f_raw_s_1_S_D_0054,57,C:\Users\ASUS\Downloads\3D_Human_Pose_NCKH\paper_baselines\lin2021_yolov8_lstm_gru\data\paper_skeleton_csv\Fall\Fall_Fall_f_raw_s_1_S_D_0054.csv,1,Fall,nose,1.3002937,-0.66820127,neck,0.73396134,-0.6791912,right_shoulder,0.40175197,-0.969123,right_elbow,0.030094536,-0.70542854,right_wrist,0.15871695,0.022398798,left_shoulder,1.0661707,-0.3892594,left_elbow,0.7498186,0.3464897,left_wrist,1.1266769,0.8115633,mid_hip,0.0,0.0,right_hip,-0.25288406,-0.13905963,right_knee,-0.6288054,0.54096025,right_ankle,-1.717033,0.7377896,left_hip,0.25288332,0.13905925,left_knee,0.7361844,0.78055316,left_ankle,-0.5431868,0.78390723,0,0,0
Fall__Fall_f_raw_s_1_S_D_0054,58,C:\Users\ASUS\Downloads\3D_Human_Pose_NCKH\paper_baselines\lin2021_yolov8_lstm_gru\data\paper_skeleton_csv\Fall\Fall_Fall_f_raw_s_1_S_D_0054.csv,1,Fall,nose,1.2830335,-0.5007055,neck,0.79029065,-0.6127321,right_shoulder,0.51393914,-0.90936536,right_elbow,0.18786035,-0.7491439,right_wrist,0.3325143,-0.047460858,left_shoulder,1.0666422,-0.31609848,left_elbow,0.67903924,0.2564378,left_wrist,1.0634347,0.6501011,mid_hip,0.0,0.0,right_hip,-0.22645557,-0.14506185,right_knee,-0.6234425,0.33069283,right_ankle,-1.5885469,0.6244637,left_hip,0.22645628,0.1450622,left_knee,0.80378973,0.65007395,left_ankle,-0.4476754,0.6660723,0,0,0
Fall__Fall_f_raw_s_1_S_D_0054,59,C:\Users\ASUS\Downloads\3D_Human_Pose_NCKH\paper_baselines\lin2021_yolov8_lstm_gru\data\paper_skeleton_csv\Fall\Fall_Fall_f_raw_s_1_S_D_0054.csv,1,Fall,nose,1.3638166,-0.31056532,neck,0.8866316,-0.46247643,right_shoulder,0.6369179,-0.7398138,right_elbow,0.33592552,-0.56080896,right_wrist,0.728997,0.24421868,left_shoulder,1.136346,-0.18513939,left_elbow,0.76343286,0.3726569,left_wrist,1.131594,0.6594088,mid_hip,0.0,0.0,right_hip,-0.21929681,-0.14782882,right_knee,-0.6467697,0.17180179,right_ankle,-1.6617037,0.5315214,left_hip,0.21929681,0.14782882,left_knee,0.7173344,0.6368798,left_ankle,-0.48018947,0.71623856,0,0,0
Fall__Fall_f_raw_s_1_S_D_0054,60,C:\Users\ASUS\Downloads\3D_Human_Pose_NCKH\paper_baselines\lin2021_yolov8_lstm_gru\data\paper_skeleton_csv\Fall\Fall_Fall_f_raw_s_1_S_D_0054.csv,1,Fall,nose,1.378905,-0.16983813,neck,0.948315,-0.31733057,right_shoulder,0.67923707,-0.5380902,right_elbow,0.5343397,-0.33879355,right_wrist,1.0291588,0.5022033,left_shoulder,1.2173922,-0.09657089,left_elbow,0.8485491,0.365766,left_wrist,1.1999273,0.68753946,mid_hip,0.0,0.0,right_hip,-0.25377056,-0.12626347,right_knee,-0.8231181,0.17672521,right_ankle,-1.6807523,0.45500252,left_hip,0.25377128,0.12626347,left_knee,0.8176376,0.58500504,left_ankle,-0.23495388,0.74625516,0,0,0
Fall__Fall_f_raw_s_1_S_D_0054,61,C:\Users\ASUS\Downloads\3D_Human_Pose_NCKH\paper_baselines\lin2021_yolov8_lstm_gru\data\paper_skeleton_csv\Fall\Fall_Fall_f_raw_s_1_S_D_0054.csv,1,Fall,nose,1.3528349,0.0027395538,neck,0.971964,-0.23512955,right_shoulder,0.69356847,-0.5057246,right_elbow,0.53670484,-0.21054314,right_wrist,1.1221292,0.6376433,left_shoulder,1.2503588,0.03546589,left_elbow,0.87521464,0.4920211,left_wrist,1.2613981,0.71503997,mid_hip,0.0,0.0,right_hip,-0.24859186,-0.16851142,right_knee,-0.87541795,0.011056835,right_ankle,-1.7224855,0.1994282,left_hip,0.2485911,0.16851142,left_knee,0.5983878,0.7628604,left_ankle,-0.46254462,0.79882896,0,0,0
Fall__Fall_f_raw_s_1_S_D_0054,62,C:\Users\ASUS\Downloads\3D_Human_Pose_NCKH\paper_baselines\lin2021_yolov8_lstm_gru\data\paper_skeleton_csv\Fall\Fall_Fall_f_raw_s_1_S_D_0054.csv,1,Fall,nose,1.2980165,0.10838597,neck,0.9898059,-0.14242274,right_shoulder,0.8669749,-0.32707077,right_elbow,0.6119106,-0.11320749,right_wrist,1.0876017,0.5731595,left_shoulder,1.1126369,0.04222564,left_elbow,0.7683711,0.38993013,left_wrist,1.1076041,0.76015276,mid_hip,0.0,0.0,right_hip,-0.12792979,-0.12555613,right_knee,-0.6272268,0.2060667,right_ankle,-1.5265646,0.082294896,left_hip,0.12792979,0.12555613,left_knee,0.240407,0.76700217,left_ankle,-0.5282552,0.5999212,0,0,0
Fall__Fall_f_raw_s_1_S_D_0054,63,C:\Users\ASUS\Downloads\3D_Human_Pose_NCKH\paper_baselines\lin2021_yolov8_lstm_gru\data\paper_skeleton_csv\Fall\Fall_Fall_f_raw_s_1_S_D_0054.csv,1,Fall,nose,1.3517934,0.2748432,neck,0.9998698,-0.016137958,right_shoulder,0.9367832,-0.18490942,right_elbow,0.63270646,-0.0057069077,right_wrist,1.1517979,0.668444,left_shoulder,1.0629563,0.1526335,left_elbow,0.7140052,0.4955905,left_wrist,1.0452982,0.992116,mid_hip,0.0,0.0,right_hip,-0.046477195,-0.1119865,right_knee,-0.7342097,0.07065311,right_ankle,-1.6778059,0.09467373,left_hip,0.046476405,0.1119869,left_knee,-0.56695014,0.3126142,left_ankle,-1.5250547,0.019611023,0,0,0
Fall__Fall_f_raw_s_1_S_D_0054,64,C:\Users\ASUS\Downloads\3D_Human_Pose_NCKH\paper_baselines\lin2021_yolov8_lstm_gru\data\paper_skeleton_csv\Fall\Fall_Fall_f_raw_s_1_S_D_0054.csv,1,Fall,nose,-0.5364216,1.3372213,neck,0.43939036,0.89829624,right_shoulder,-3.3921285,0.782723,right_elbow,-4.271992,0.6311895,right_wrist,-4.0788937,2.8462446,left_shoulder,4.2709,1.0138694,left_elbow,3.5521762,1.2306194,left_wrist,2.0666404,2.9352508,mid_hip,0.0,0.0,right_hip,-2.7044907,-0.12213601,right_knee,-3.5708776,5.583131,right_ankle,-3.864046,16.938606,left_hip,2.7044816,0.12213601,left_knee,2.241056,5.7840357,left_ankle,2.1524067,17.235949,0,0,0
Fall__Fall_f_raw_s_1_S_D_0054,65,C:\Users\ASUS\Downloads\3D_Human_Pose_NCKH\paper_baselines\lin2021_yolov8_lstm_gru\data\paper_skeleton_csv\Fall\Fall_Fall_f_raw_s_1_S_D_0054.csv,1,Fall,nose,1.3277407,0.26986974,neck,0.99740875,-0.07194296,right_shoulder,1.0042022,-0.13828544,right_elbow,0.97725195,0.1267071,right_wrist,1.3018557,0.4974405,left_shoulder,0.9906152,-0.005600817,left_elbow,0.92003536,0.35946742,left_wrist,1.1681656,0.7856893,mid_hip,0.0,0.0,right_hip,0.018132688,-0.021433989,right_knee,-0.020574193,0.33669704,right_ankle,0.09062581,0.26676244,left_hip,-0.018132688,0.021433989,left_knee,-0.3243472,0.15800463,left_ankle,-0.40162343,-0.122837864,0,0,0
Fall__Fall_f_raw_s_1_S_D_0054,66,C:\Users\ASUS\Downloads\3D_Human_Pose_NCKH\paper_baselines\lin2021_yolov8_lstm_gru\data\paper_skeleton_csv\Fall\Fall_Fall_f_raw_s_1_S_D_0054.csv,1,Fall,nose,1.2694256,0.30046472,neck,0.9897858,0.14256264,right_shoulder,0.95740473,0.06522843,right_elbow,0.9012149,0.2320629,right_wrist,1.2745961,0.85239685,left_shoulder,1.0221668,0.21989684,left_elbow,0.8788589,0.48559546,left_wrist,1.1275016,0.90163535,mid_hip,0.0,0.0,right_hip,-0.03418983,-0.053500414,right_knee,-0.68758076,-0.15152332,right_ankle,-1.3872792,-0.2542253,left_hip,0.03418983,0.053500414,left_knee,-0.53510094,-0.23017208,left_ankle,-1.1280725,-0.5074207,0,0,0
Fall__Fall_f_raw_s_1_S_D_0054,67,C:\Users\ASUS\Downloads\3D_Human_Pose_NCKH\paper_baselines\lin2021_yolov8_lstm_gru\data\paper_skeleton_csv\Fall\Fall_Fall_f_raw_s_1_S_D_0054.csv,1,Fall,nose,1.222243,0.37639317,neck,0.99934673,0.036140762,right_shoulder,0.9520176,-0.15698634,right_elbow,0.7903309,0.1762923,right_wrist,1.2197446,0.79286,left_shoulder,1.0466758,0.22926787,left_elbow,0.74533135,0.588109,left_wrist,1.134619,0.9347276,mid_hip,0.0,0.0,right_hip,-0.043929573,-0.12406247,right_knee,-0.6100776,-0.051218696,right_ankle,-1.2956734,-0.23606445,left_hip,0.043929573,0.12406247,left_knee,-0.19510695,0.32123032,left_ankle,-0.7676392,-0.20226507,0,0,0
Fall__Fall_f_raw_s_1_S_D_0054,68,C:\Users\ASUS\Downloads\3D_Human_Pose_NCKH\paper_baselines\lin2021_yolov8_lstm_gru\data\paper_skeleton_csv\Fall\Fall_Fall_f_raw_s_1_S_D_0054.csv,1,Fall,nose,1.2564791,0.20552498,neck,0.94926083,-0.31449008,right_shoulder,0.844828,-0.504482,right_elbow,0.8251382,-0.089103624,right_wrist,1.267687,0.5824237,left_shoulder,1.0536945,-0.12449862,left_elbow,1.0085076,0.41534746,left_wrist,1.3113203,0.83904976,mid_hip,0.0,0.0,right_hip,-0.08216639,-0.066613436,right_knee,0.5961909,0.6744972,right_ankle,1.0683078,0.7408657,left_hip,0.08216639,0.06661388,left_knee,0.8075608,0.75522035,left_ankle,1.1639117,0.6917878,0,0,0
Fall__Fall_f_raw_s_1_S_D_0054,69,C:\Users\ASUS\Downloads\3D_Human_Pose_NCKH\paper_baselines\lin2021_yolov8_lstm_gru\data\paper_skeleton_csv\Fall\Fall_Fall_f_raw_s_1_S_D_0054.csv,1,Fall,nose,1.2790561,0.31009892,neck,0.98732597,-0.15870577,right_shoulder,0.8681871,-0.3788817,right_elbow,0.83607626,0.0006330049,right_wrist,1.362452,0.65536875,left_shoulder,1.1064639,0.061470173,left_elbow,1.0392246,0.57224244,left_wrist,1.364513,0.96321213,mid_hip,0.0,0.0,right_hip,-0.08498166,-0.08188534,right_knee,0.6758539,0.68502617,right_ankle,1.285406,0.67042774,left_hip,0.08498166,0.08188534,left_knee,0.81250167,0.8292424,left_ankle,1.1158351,0.6951754,0,0,0
Fall__Fall_f_raw_s_1_S_D_0054,70,C:\Users\ASUS\Downloads\3D_Human_Pose_NCKH\paper_baselines\lin2021_yolov8_lstm_gru\data\paper_skeleton_csv\Fall\Fall_Fall_f_raw_s_1_S_D_0054.csv,1,Fall,nose,1.2784814,0.2933826,neck,0.9878665,-0.1553052,right_shoulder,0.91513187,-0.39017373,right_elbow,0.8389385,-0.05024894,right_wrist,1.3044665,0.58875626,left_shoulder,1.0606011,0.07956374,left_elbow,0.9441694,0.62287337,left_wrist,1.357224,0.9942509,mid_hip,0.0,0.0,right_hip,-0.0668706,-0.09003201,right_knee,0.63485736,0.6098377,right_ankle,0.74192756,0.5375861,left_hip,0.0668706,0.09003161,left_knee,0.8917024,0.75783765,left_ankle,0.93469363,0.550891,0,0,0
Fall__Fall_f_raw_s_1_S_D_0054,71,C:\Users\ASUS\Downloads\3D_Human_Pose_NCKH\paper_baselines\lin2021_yolov8_lstm_gru\data\paper_skeleton_csv\Fall\Fall_Fall_f_raw_s_1_S_D_0054.csv,1,Fall,nose,1.2403829,0.43189037,neck,0.9992924,0.037612695,right_shoulder,1.0001726,-0.21503995,right_elbow,0.7972747,0.031154133,right_wrist,1.2507532,0.67395407,left_shoulder,0.99841213,0.29026535,left_elbow,0.75242966,0.8025422,left_wrist,1.3632114,1.046063,mid_hip,0.0,0.0,right_hip,-0.009147267,-0.110714786,right_knee,0.14428063,0.6008579,right_ankle,-0.50362366,0.54649204,left_hip,0.009147267,0.110714786,left_knee,0.24876262,0.7757261,left_ankle,-0.44401753,0.56036067,0,0,0
Fall__Fall_f_raw_s_1_S_D_0054,72,C:\Users\ASUS\Downloads\3D_Human_Pose_NCKH\paper_baselines\lin2021_yolov8_lstm_gru\data\paper_skeleton_csv\Fall\Fall_Fall_f_raw_s_1_S_D_0054.csv,1,Fall,nose,1.2724364,0.35094053,neck,0.9985808,-0.053257324,right_shoulder,1.0207464,-0.2224233,right_elbow,0.87342554,0.13090022,right_wrist,1.3606712,0.6652978,left_shoulder,0.9764152,0.11590866,left_elbow,0.7562108,0.6946218,left_wrist,1.1852381,1.0149292,mid_hip,0.0,0.0,right_hip,0.004108296,-0.07613036,right_knee,0.43823746,0.6335366,right_ankle,-0.41199416,0.6344922,left_hip,-0.004108296,0.07613036,left_knee,0.2929558,0.7385025,left_ankle,-0.21317947,0.5867097,0,0,0
Fall__Fall_f_raw_s_1_S_D_0054,73,C:\Users\ASUS\Downloads\3D_Human_Pose_NCKH\paper_baselines\lin2021_yolov8_lstm_gru\data\paper_skeleton_csv\Fall\Fall_Fall_f_raw_s_1_S_D_0054.csv,1,Fall,nose,1.2366645,0.29317,neck,0.99863917,-0.052150674,right_shoulder,1.07529,-0.22962108,right_elbow,0.8678997,0.11918386,right_wrist,1.311775,0.6391738,left_shoulder,0.92198896,0.12531942,left_elbow,0.7198504,0.70527285,left_wrist,1.1869845,0.8831161,mid_hip,0.0,0.0,right_hip,0.052649457,-0.083680294,right_knee,0.70959514,0.53995204,right_ankle,-0.2788202,0.5828089,left_hip,-0.052649457,0.08368061,left_knee,0.4470929,0.7641317,left_ankle,-0.42116866,0.7247123,0,0,0
Fall__Fall_f_raw_s_1_S_D_0054,74,C:\Users\ASUS\Downloads\3D_Human_Pose_NCKH\paper_baselines\lin2021_yolov8_lstm_gru\data\paper_skeleton_csv\Fall\Fall_Fall_f_raw_s_1_S_D_0054.csv,1,Fall,nose,1.1960216,0.27728784,neck,0.9999946,-0.0032964419,right_shoulder,1.0008391,-0.163377,right_elbow,0.77843857,0.12176314,right_wrist,1.2106096,0.6255127,left_shoulder,0.9991494,0.1567838,left_elbow,0.7244969,0.6130681,left_wrist,1.1973534,0.77289253,mid_hip,0.0,0.0,right_hip,0.0015200065,-0.08338618,right_knee,0.46866074,0.5787793,right_ankle,-0.46440613,0.95055145,left_hip,-0.0015193662,0.08338586,left_knee,0.37738866,0.8022705,left_ankle,-0.5042778,0.8448835,0,0,0
Fall__Fall_f_raw_s_1_S_D_0054,75,C:\Users\ASUS\Downloads\3D_Human_Pose_NCKH\paper_baselines\lin2021_yolov8_lstm_gru\data\paper_skeleton_csv\Fall\Fall_Fall_f_raw_s_1_S_D_0054.csv,1,Fall,nose,1.2463113,0.20191906,neck,0.9952871,-0.09697192,right_shoulder,1.0195879,-0.2532852,right_elbow,0.8450958,0.05696337,right_wrist,1.306429,0.5355635,left_shoulder,0.970987,0.059341364,left_elbow,0.72384524,0.55674595,left_wrist,1.2419075,0.71968526,mid_hip,0.0,0.0,right_hip,0.018199192,-0.08420151,right_knee,0.55369776,0.5174408,right_ankle,-0.5080221,0.9624676,left_hip,-0.018199192,0.08420151,left_knee,0.4559865,0.79238176,left_ankle,-0.54294175,0.963261,0,0,0
Fall__Fall_f_raw_s_1_S_D_0054,76,C:\Users\ASUS\Downloads\3D_Human_Pose_NCKH\paper_baselines\lin2021_yolov8_lstm_gru\data\paper_skeleton_csv\Fall\Fall_Fall_f_raw_s_1_S_D_0054.csv,1,Fall,nose,1.2552564,0.19897175,neck,0.99278784,-0.11988464,right_shoulder,1.0395937,-0.27236888,right_elbow,0.86190623,0.039570745,right_wrist,1.2967359,0.50161386,left_shoulder,0.9459819,0.032599267,left_elbow,0.7276666,0.54787827,left_wrist,1.2457763,0.7044041,mid_hip,0.0,0.0,right_hip,0.03491112,-0.08466567,right_knee,0.576954,0.52994543,right_ankle,-0.5242647,0.9102237,left_hip,-0.034911778,0.084666,left_knee,0.43881586,0.81747085,left_ankle,-0.5550228,0.9554894,0,0,0
Fall__Fall_f_raw_s_1_S_D_0054,77,C:\Users\ASUS\Downloads\3D_Human_Pose_NCKH\paper_baselines\lin2021_yolov8_lstm_gru\data\paper_skeleton_csv\Fall\Fall_Fall_f_raw_s_1_S_D_0054.csv,1,Fall,nose,1.2379162,0.1954874,neck,0.9913937,-0.13091403,right_shoulder,1.0401369,-0.27862883,right_elbow,0.83361167,0.04801747,right_wrist,1.2786251,0.5219002,left_shoulder,0.94265103,0.01680042,left_elbow,0.7087325,0.5309861,left_wrist,1.2280376,0.69236934,mid_hip,0.0,0.0,right_hip,0.036794547,-0.08485471,right_knee,0.5511102,0.5304317,right_ankle,-0.55323523,0.85133904,left_hip,-0.0367939,0.08485471,left_knee,0.40519476,0.82732743,left_ankle,-0.5749585,0.90387636,0,0,0
Fall__Fall_f_raw_s_1_S_D_0054,78,C:\Users\ASUS\Downloads\3D_Human_Pose_NCKH\paper_baselines\lin2021_yolov8_lstm_gru\data\paper_skeleton_csv\Fall\Fall_Fall_f_raw_s_1_S_D_0054.csv,1,Fall,nose,1.1671026,0.18672375,neck,0.98543954,-0.17002617,right_shoulder,1.0128202,-0.30015418,right_elbow,0.7769128,0.05010515,right_wrist,1.2410722,0.5492492,left_shoulder,0.95805883,-0.039898142,left_elbow,0.66650546,0.4903374,left_wrist,1.1853127,0.6552762,mid_hip,0.0,0.0,right_hip,0.015563128,-0.079313986,right_knee,0.50482,0.5173412,right_ankle,-0.6194949,0.7870516,left_hip,-0.015563128,0.0793143,left_knee,0.47223136,0.79808563,left_ankle,-0.51369107,0.893786,0,0,0
Fall__Fall_f_raw_s_1_S_D_0054,79,C:\Users\ASUS\Downloads\3D_Human_Pose_NCKH\paper_baselines\lin2021_yolov8_lstm_gru\data\paper_skeleton_csv\Fall\Fall_Fall_f_raw_s_1_S_D_0054.csv,1,Fall,nose,1.1870712,0.19810742,neck,0.9854159,-0.17016292,right_shoulder,1.0076911,-0.29520634,right_elbow,0.77561384,0.07208748,right_wrist,1.251071,0.5710958,left_shoulder,0.9631406,-0.04511948,left_elbow,0.6563983,0.50310874,left_wrist,1.1897032,0.67523044,mid_hip,0.0,0.0,right_hip,0.008538019,-0.080283396,right_knee,0.43496487,0.52489996,right_ankle,-0.70679,0.8253361,left_hip,-0.008538019,0.080283396,left_knee,0.48445195,0.8290465,left_ankle,-0.5038318,1.0123987,0,0,0
Fall__Fall_f_raw_s_1_S_D_0054,80,C:\Users\ASUS\Downloads\3D_Human_Pose_NCKH\paper_baselines\lin2021_yolov8_lstm_gru\data\paper_skeleton_csv\Fall\Fall_Fall_f_raw_s_1_S_D_0054.csv,1,Fall,nose,1.2094306,0.23206532,neck,0.9888737,-0.14875732,right_shoulder,1.0098876,-0.26705983,right_elbow,0.7765786,0.116297156,right_wrist,1.2810773,0.59895086,left_shoulder,0.96785986,-0.03045448,left_elbow,0.6546795,0.52160347,left_wrist,1.2090793,0.699538,mid_hip,0.0,0.0,right_hip,0.0036983362,-0.07796324,right_knee,0.36394998,0.5831563,right_ankle,-0.76571673,0.8825254,left_hip,-0.0036983362,0.07796324,left_knee,0.47268105,0.8855871,left_ankle,-0.46517938,1.0906539,0,0,0
Fall__Fall_f_raw_s_1_S_D_0054,81,C:\Users\ASUS\Downloads\3D_Human_Pose_NCKH\paper_baselines\lin2021_yolov8_lstm_gru\data\paper_skeleton_csv\Fall\Fall_Fall_f_raw_s_1_S_D_0054.csv,1,Fall,nose,1.2046732,0.23966955,neck,0.987108,-0.1600559,right_shoulder,1.0036623,-0.25671777,right_elbow,0.7466386,0.14811973,right_wrist,1.2601676,0.6065655,left_shoulder,0.97055364,-0.06339403,left_elbow,0.6379204,0.5009997,left_wrist,1.1784356,0.6925483,mid_hip,0.0,0.0,right_hip,-0.00012607018,-0.06794759,right_knee,0.32360977,0.6308033,right_ankle,-0.7915405,0.877196,left_hip,0.00012607018,0.06794759,left_knee,0.45376906,0.8793517,left_ankle,-0.44645634,1.0673935,0,0,0
Fall__Fall_f_raw_s_1_S_D_0054,82,C:\Users\ASUS\Downloads\3D_Human_Pose_NCKH\paper_baselines\lin2021_yolov8_lstm_gru\data\paper_skeleton_csv\Fall\Fall_Fall_f_raw_s_1_S_D_0054.csv,1,Fall,nose,1.2229531,0.20474689,neck,0.98531365,-0.1707545,right_shoulder,1.003488,-0.2801358,right_elbow,0.71579623,0.14381334,right_wrist,1.2530172,0.59817487,left_shoulder,0.9671393,-0.0613732,left_elbow,0.6185071,0.50227565,left_wrist,1.1778107,0.67103136,mid_hip,0.0,0.0,right_hip,0.003083496,-0.07386819,right_knee,0.3490679,0.61479634,right_ankle,-0.7715719,0.8797305,left_hip,-0.0030828386,0.07386819,left_knee,0.4434898,0.9056662,left_ankle,-0.4772308,1.0648073,0,0,0
Fall__Fall_f_raw_s_1_S_D_0054,83,C:\Users\ASUS\Downloads\3D_Human_Pose_NCKH\paper_baselines\lin2021_yolov8_lstm_gru\data\paper_skeleton_csv\Fall\Fall_Fall_f_raw_s_1_S_D_0054.csv,1,Fall,nose,1.2795558,0.16216314,neck,0.9863841,-0.16445817,right_shoulder,1.020138,-0.28101888,right_elbow,0.77369946,0.06626875,right_wrist,1.3151283,0.5103802,left_shoulder,0.95263076,-0.04789713,left_elbow,0.66126347,0.43733355,left_wrist,1.2453502,0.6237857,mid_hip,0.0,0.0,right_hip,0.019497965,-0.06870221,right_knee,0.4318591,0.5609114,right_ankle,-0.71674323,0.90360796,left_hip,-0.019498637,0.06870221,left_knee,0.46938327,0.7929424,left_ankle,-0.4595963,1.1024411,0,0,0
Fall__Fall_f_raw_s_1_S_D_0054,84,C:\Users\ASUS\Downloads\3D_Human_Pose_NCKH\paper_baselines\lin2021_yolov8_lstm_gru\data\paper_skeleton_csv\Fall\Fall_Fall_f_raw_s_1_S_D_0054.csv,1,Fall,nose,1.257954,0.16347608,neck,0.9831328,-0.18289314,right_shoulder,1.0101373,-0.2994777,right_elbow,0.7432916,0.06101221,right_wrist,1.3035046,0.5068616,left_shoulder,0.9561275,-0.06630891,left_elbow,0.6415331,0.43050432,left_wrist,1.229208,0.6223353,mid_hip,0.0,0.0,right_hip,0.014541746,-0.070614636,right_knee,0.42127073,0.53919387,right_ankle,-0.749711,0.8842336,left_hip,-0.014541072,0.070614636,left_knee,0.48993814,0.7928293,left_ankle,-0.45359454,1.1144706,0,0,0
Fall__Fall_f_raw_s_1_S_D_0054,85,C:\Users\ASUS\Downloads\3D_Human_Pose_NCKH\paper_baselines\lin2021_yolov8_lstm_gru\data\paper_skeleton_csv\Fall\Fall_Fall_f_raw_s_1_S_D_0054.csv,1,Fall,nose,1.2514769,0.18122607,neck,0.9847663,-0.17388284,right_shoulder,1.0123127,-0.30829272,right_elbow,0.7520162,0.028986095,right_wrist,1.3245091,0.4803621,left_shoulder,0.95722,-0.03947296,left_elbow,0.65541726,0.45356888,left_wrist,1.2288512,0.61590177,mid_hip,0.0,0.0,right_hip,0.017570069,-0.07648019,right_knee,0.43368888,0.5184985,right_ankle,-0.70996624,0.90535194,left_hip,-0.017570069,0.07648019,left_knee,0.46346453,0.7809585,left_ankle,-0.47239727,1.0828968,0,0,0
Fall__Fall_f_raw_s_1_S_D_0054,86,C:\Users\ASUS\Downloads\3D_Human_Pose_NCKH\paper_baselines\lin2021_yolov8_lstm_gru\data\paper_skeleton_csv\Fall\Fall_Fall_f_raw_s_1_S_D_0054.csv,1,Fall,nose,1.2585839,0.20715888,neck,0.9849026,-0.17310928,right_shoulder,1.0138034,-0.31699178,right_elbow,0.7786494,0.009478663,right_wrist,1.3447995,0.47181153,left_shoulder,0.9560026,-0.029227128,left_elbow,0.6697408,0.47048888,left_wrist,1.2394316,0.6323379,mid_hip,0.0,0.0,right_hip,0.017938592,-0.080729455,right_knee,0.4239552,0.5114485,right_ankle,-0.7172875,0.9120362,left_hip,-0.017938592,0.080729455,left_knee,0.4674037,0.79056484,left_ankle,-0.47971848,1.0932851,0,0,0
Fall__Fall_f_raw_s_1_S_D_0054,87,C:\Users\ASUS\Downloads\3D_Human_Pose_NCKH\paper_baselines\lin2021_yolov8_lstm_gru\data\paper_skeleton_csv\Fall\Fall_Fall_f_raw_s_1_S_D_0054.csv,1,Fall,nose,1.2226009,0.2854952,neck,0.9902221,-0.13949965,right_shoulder,1.0038702,-0.29563212,right_elbow,0.75781345,0.08135593,right_wrist,1.2900562,0.5399666,left_shoulder,0.9765746,0.01663282,left_elbow,0.63802254,0.56338495,left_wrist,1.1844536,0.6980647,mid_hip,0.0,0.0,right_hip,-0.0029275494,-0.09506457,right_knee,0.32717103,0.54363126,right_ankle,-0.8031246,0.9008098,left_hip,0.0029268733,0.095064916,left_knee,0.48700267,0.9354213,left_ankle,-0.46152332,1.0907348,0,0,0
Fall__Fall_f_raw_s_1_S_D_0054,88,C:\Users\ASUS\Downloads\3D_Human_Pose_NCKH\paper_baselines\lin2021_yolov8_lstm_gru\data\paper_skeleton_csv\Fall\Fall_Fall_f_raw_s_1_S_D_0054.csv,1,Fall,nose,1.2076184,0.2766595,neck,0.9893408,-0.14561889,right_shoulder,1.0029222,-0.3035104,right_elbow,0.7572083,0.073209,right_wrist,1.2805307,0.5466018,left_shoulder,0.9757601,0.012272953,left_elbow,0.6345057,0.5634686,left_wrist,1.181373,0.6976453,mid_hip,0.0,0.0,right_hip,-0.0020795332,-0.095443495,right_knee,0.32400003,0.5516486,right_ankle,-0.79728764,0.9110216,left_hip,0.0020795332,0.095443495,left_knee,0.46971095,0.9349096,left_ankle,-0.4698707,1.0818076,0,0,0
Fall__Fall_f_raw_s_1_S_D_0054,89,C:\Users\ASUS\Downloads\3D_Human_Pose_NCKH\paper_baselines\lin2021_yolov8_lstm_gru\data\paper_skeleton_csv\Fall\Fall_Fall_f_raw_s_1_S_D_0054.csv,1,Fall,nose,1.2518302,0.23186381,neck,0.9852291,-0.17124157,right_shoulder,1.0182685,-0.33023283,right_elbow,0.816233,-0.016810691,right_wrist,1.3471856,0.47940737,left_shoulder,0.95218974,-0.012249959,left_elbow,0.67622644,0.50327325,left_wrist,1.2361255,0.65671885,mid_hip,0.0,0.0,right_hip,0.017807925,-0.08716143,right_knee,0.4019409,0.51795334,right_ankle,-0.7188359,0.9415981,left_hip,-0.01780724,0.08716143,left_knee,0.47742897,0.8148059,left_ankle,-0.43742886,1.1237777,0,0,0
Fall__Fall_f_raw_s_1_S_D_0054,90,C:\Users\ASUS\Downloads\3D_Human_Pose_NCKH\paper_baselines\lin2021_yolov8_lstm_gru\data\paper_skeleton_csv\Fall\Fall_Fall_f_raw_s_1_S_D_0054.csv,1,Fall,nose,1.2501332,0.21187255,neck,0.9839817,-0.1782694,right_shoulder,1.014165,-0.3382344,right_elbow,0.81030345,-0.03877768,right_wrist,1.335217,0.46017018,left_shoulder,0.9537978,-0.01830405,left_elbow,0.6826485,0.48387116,left_wrist,1.2315873,0.64497787,mid_hip,0.0,0.0,right_hip,0.016239403,-0.08703202,right_knee,0.40996155,0.5024163,right_ankle,-0.69732857,0.94317067,left_hip,-0.016238723,0.08703202,left_knee,0.48126388,0.79677564,left_ankle,-0.4341682,1.1143959,0,0,0
Fall__Fall_f_raw_s_1_S_D_0054,91,C:\Users\ASUS\Downloads\3D_Human_Pose_NCKH\paper_baselines\lin2021_yolov8_lstm_gru\data\paper_skeleton_csv\Fall\Fall_Fall_f_raw_s_1_S_D_0054.csv,1,Fall,nose,1.2547328,0.20002171,neck,0.98353887,-0.18069713,right_shoulder,1.0186547,-0.3341065,right_elbow,0.8325719,-0.027007373,right_wrist,1.3626478,0.4596403,left_shoulder,0.9484224,-0.027287776,left_elbow,0.6871726,0.47596774,left_wrist,1.2342931,0.6355416,mid_hip,0.0,0.0,right_hip,0.020523379,-0.082829915,right_knee,0.45324934,0.50092334,right_ankle,-0.659929,0.9441041,left_hip,-0.020523379,0.08282957,left_knee,0.4879978,0.7741721,left_ankle,-0.4346672,1.0993735,0,0,0
Fall__Fall_f_raw_s_1_S_D_0054,92,C:\Users\ASUS\Downloads\3D_Human_Pose_NCKH\paper_baselines\lin2021_yolov8_lstm_gru\data\paper_skeleton_csv\Fall\Fall_Fall_f_raw_s_1_S_D_0054.csv,1,Fall,nose,1.2420336,0.1930541,neck,0.9823547,-0.18702766,right_shoulder,1.0216434,-0.33641624,right_elbow,0.8315684,-0.020458302,right_wrist,1.3504183,0.46546814,left_shoulder,0.943066,-0.037639428,left_elbow,0.68222696,0.47550818,left_wrist,1.2290478,0.63428825,mid_hip,0.0,0.0,right_hip,0.025621995,-0.08119735,right_knee,0.46760792,0.49749145,right_ankle,-0.63459563,0.9404918,left_hip,-0.025621327,0.08119735,left_knee,0.46875802,0.7603754,left_ankle,-0.45371532,1.0924041,0,0,0
Fall__Fall_f_raw_s_1_S_D_0054,93,C:\Users\ASUS\Downloads\3D_Human_Pose_NCKH\paper_baselines\lin2021_yolov8_lstm_gru\data\paper_skeleton_csv\Fall\Fall_Fall_f_raw_s_1_S_D_0054.csv,1,Fall,nose,1.287531,0.16129194,neck,0.9864948,-0.16379264,right_shoulder,1.0128311,-0.33195612,right_elbow,0.8324119,-0.0367446,right_wrist,1.372293,0.45987982,left_shoulder,0.96015906,0.0043708286,left_elbow,0.7021958,0.49487445,left_wrist,1.2469162,0.6502164,mid_hip,0.0,0.0,right_hip,0.014854335,-0.08783313,right_knee,0.4720427,0.4974825,right_ankle,-0.6292818,0.9640381,left_hip,-0.014854335,0.08783313,left_knee,0.4871266,0.7921502,left_ankle,-0.4451325,1.092749,0,0,0
Fall__Fall_f_raw_s_1_S_D_0054,94,C:\Users\ASUS\Downloads\3D_Human_Pose_NCKH\paper_baselines\lin2021_yolov8_lstm_gru\data\paper_skeleton_csv\Fall\Fall_Fall_f_raw_s_1_S_D_0054.csv,1,Fall,nose,1.2904866,0.16068442,neck,0.9859771,-0.16688061,right_shoulder,1.0056032,-0.3397896,right_elbow,0.81915355,-0.052211493,right_wrist,1.3590958,0.44989148,left_shoulder,0.966351,0.0060283877,left_elbow,0.71015143,0.4974583,left_wrist,1.2541077,0.6478987,mid_hip,0.0,0.0,right_hip,0.008253412,-0.09037351,right_knee,0.45048213,0.48700398,right_ankle,-0.66786003,0.9496577,left_hip,-0.008254091,0.09037351,left_knee,0.5125736,0.7951558,left_ankle,-0.4260493,1.0992105,0,0,0
Fall__Fall_f_raw_s_1_S_D_0054,95,C:\Users\ASUS\Downloads\3D_Human_Pose_NCKH\paper_baselines\lin2021_yolov8_lstm_gru\data\paper_skeleton_csv\Fall\Fall_Fall_f_raw_s_1_S_D_0054.csv,1,Fall,nose,1.2984443,0.163971,neck,0.98679996,-0.16194431,right_shoulder,1.0213608,-0.3286078,right_elbow,0.82407826,-0.032978393,right_wrist,1.3558385,0.45940858,left_shoulder,0.95223916,0.004718808,left_elbow,0.7133444,0.50216436,left_wrist,1.2545186,0.65320367,mid_hip,0.0,0.0,right_hip,0.02535306,-0.085309364,right_knee,0.51908237,0.5247845,right_ankle,-0.57607955,0.98437613,left_hip,-0.025352385,0.085309364,left_knee,0.45851457,0.7967848,left_ankle,-0.48555517,1.075326,0,0,0
Fall__Fall_f_raw_s_1_S_D_0054,96,C:\Users\ASUS\Downloads\3D_Human_Pose_NCKH\paper_baselines\lin2021_yolov8_lstm_gru\data\paper_skeleton_csv\Fall\Fall_Fall_f_raw_s_1_S_D_0054.csv,1,Fall,nose,1.287075,0.17091796,neck,0.9866001,-0.16315746,right_shoulder,1.0282706,-0.32129946,right_elbow,0.82594144,-0.015983034,right_wrist,1.3545634,0.46790728,left_shoulder,0.94492954,-0.005015145,left_elbow,0.70812094,0.49913102,left_wrist,1.2448925,0.65297085,mid_hip,0.0,0.0,right_hip,0.036287796,-0.080378234,right_knee,0.5473557,0.5591644,right_ankle,-0.52692074,1.0177834,left_hip,-0.036287796,0.080378234,left_knee,0.39689526,0.79287857,left_ankle,-0.5563209,1.0579565,0,0,0
Fall__Fall_f_raw_s_1_S_D_0054,97,C:\Users\ASUS\Downloads\3D_Human_Pose_NCKH\paper_baselines\lin2021_yolov8_lstm_gru\data\paper_skeleton_csv\Fall\Fall_Fall_f_raw_s_1_S_D_0054.csv,1,Fall,nose,1.3007854,0.15740858,neck,0.98638356,-0.164461,right_shoulder,1.0244724,-0.32223827,right_elbow,0.8360888,-0.02052655,right_wrist,1.3694403,0.456101,left_shoulder,0.9482947,-0.0066833906,left_elbow,0.72469735,0.4842345,left_wrist,1.2636077,0.6442689,mid_hip,0.0,0.0,right_hip,0.030699583,-0.080848835,right_knee,0.5357435,0.5290453,right_ankle,-0.5384212,0.99596983,left_hip,-0.030700253,0.08084917,left_knee,0.42787656,0.7786211,left_ankle,-0.5114502,1.0652286,0,0,0
Fall__Fall_f_raw_s_1_S_D_0054,98,C:\Users\ASUS\Downloads\3D_Human_Pose_NCKH\paper_baselines\lin2021_yolov8_lstm_gru\data\paper_skeleton_csv\Fall\Fall_Fall_f_raw_s_1_S_D_0054.csv,1,Fall,nose,1.3093566,0.15179351,neck,0.9888948,-0.14861672,right_shoulder,1.0171674,-0.3140614,right_elbow,0.8297038,-0.031079646,right_wrist,1.3604376,0.44102827,left_shoulder,0.96062297,0.016827967,left_elbow,0.73346674,0.49524406,left_wrist,1.2617077,0.6481212,mid_hip,0.0,0.0,right_hip,0.020550434,-0.08501083,right_knee,0.51194215,0.50954384,right_ankle,-0.5772584,0.9798294,left_hip,-0.020551106,0.08501049,left_knee,0.45590568,0.78348607,left_ankle,-0.482225,1.0769993,0,0,0
Fall__Fall_f_raw_s_1_S_D_0054,99,C:\Users\ASUS\Downloads\3D_Human_Pose_NCKH\paper_baselines\lin2021_yolov8_lstm_gru\data\paper_skeleton_csv\Fall\Fall_Fall_f_raw_s_1_S_D_0054.csv,1,Fall,nose,1.3089736,0.1569501,neck,0.9897982,-0.14247595,right_shoulder,1.0274745,-0.30440533,right_elbow,0.82967204,-0.014526674,right_wrist,1.364705,0.45717853,left_shoulder,0.9521212,0.019453438,left_elbow,0.7207155,0.496944,left_wrist,1.2403724,0.64711654,mid_hip,0.0,0.0,right_hip,0.030946672,-0.08248224,right_knee,0.544786,0.5242184,right_ankle,-0.52214724,0.9987273,left_hip,-0.030946007,0.08248191,left_knee,0.41169092,0.77950466,left_ankle,-0.5223187,1.055553,0,0,0
Fall__Fall_f_raw_s_1_S_D_0054,100,C:\Users\ASUS\Downloads\3D_Human_Pose_NCKH\paper_baselines\lin2021_yolov8_lstm_gru\data\paper_skeleton_csv\Fall\Fall_Fall_f_raw_s_1_S_D_0054.csv,1,Fall,nose,1.3118898,0.16210374,neck,0.98962396,-0.14368166,right_shoulder,1.0278656,-0.30506828,right_elbow,0.83137655,-0.019350518,right_wrist,1.3707659,0.4489192,left_shoulder,0.95138234,0.01770498,left_elbow,0.7202611,0.49750414,left_wrist,1.2501819,0.65045875,mid_hip,0.0,0.0,right_hip,0.02951019,-0.08250528,right_knee,0.5258165,0.5289537,right_ankle,-0.5532221,0.9959017,left_hip,-0.02951019,0.08250528,left_knee,0.42206442,0.7857087,left_ankle,-0.509737,1.0657377,0,0,0
Fall__Fall_f_raw_s_1_S_D_0054,101,C:\Users\ASUS\Downloads\3D_Human_Pose_NCKH\paper_baselines\lin2021_yolov8_lstm_gru\data\paper_skeleton_csv\Fall\Fall_Fall_f_raw_s_1_S_D_0054.csv,1,Fall,nose,1.3113803,0.17532179,neck,0.9921375,-0.12515259,right_shoulder,1.0395585,-0.28858387,right_elbow,0.83885086,0.002515861,right_wrist,1.3729559,0.48363277,left_shoulder,0.94471645,0.03827835,left_elbow,0.74155366,0.52370495,left_wrist,1.2764791,0.6715842,mid_hip,0.0,0.0,right_hip,0.049514968,-0.080003716,right_knee,0.5955095,0.57741046,right_ankle,-0.42118838,1.0829904,left_hip,-0.049514968,0.080003716,left_knee,0.29300937,0.78954166,left_ankle,-0.67280203,1.0346178,0,0,0
Fall__Fall_f_raw_s_1_S_D_0054,102,C:\Users\ASUS\Downloads\3D_Human_Pose_NCKH\paper_baselines\lin2021_yolov8_lstm_gru\data\paper_skeleton_csv\Fall\Fall_Fall_f_raw_s_1_S_D_0054.csv,1,Fall,nose,1.2973086,0.16332567,neck,0.9887542,-0.1495497,right_shoulder,1.024264,-0.31240258,right_elbow,0.8362321,-0.013447601,right_wrist,1.3682437,0.45838952,left_shoulder,0.95324445,0.013303188,left_elbow,0.72051454,0.50312805,left_wrist,1.2584239,0.65381294,mid_hip,0.0,0.0,right_hip,0.026930049,-0.08459149,right_knee,0.5090105,0.5164447,right_ankle,-0.5671253,0.9858435,left_hip,-0.026930049,0.08459149,left_knee,0.4340492,0.7911364,left_ankle,-0.503313,1.0838789,0,0,0
Fall__Fall_f_raw_s_1_S_D_0054,103,C:\Users\ASUS\Downloads\3D_Human_Pose_NCKH\paper_baselines\lin2021_yolov8_lstm_gru\data\paper_skeleton_csv\Fall\Fall_Fall_f_raw_s_1_S_D_0054.csv,1,Fall,nose,1.2991989,0.1822365,neck,0.99040014,-0.13823026,right_shoulder,1.0419616,-0.29744878,right_elbow,0.8407071,0.00092170644,right_wrist,1.3616779,0.47165397,left_shoulder,0.93883866,0.0209886,left_elbow,0.7237235,0.51364887,left_wrist,1.2465597,0.67192435,mid_hip,0.0,0.0,right_hip,0.046270933,-0.080593064,right_knee,0.5630428,0.56064653,right_ankle,-0.4802528,1.0409881,left_hip,-0.046270266,0.0805934,left_knee,0.34465477,0.79479307,left_ankle,-0.5908509,1.0600488,0,0,0
Fall__Fall_f_raw_s_1_S_D_0054,104,C:\Users\ASUS\Downloads\3D_Human_Pose_NCKH\paper_baselines\lin2021_yolov8_lstm_gru\data\paper_skeleton_csv\Fall\Fall_Fall_f_raw_s_1_S_D_0054.csv,1,Fall,nose,1.2882453,0.18557356,neck,0.9873219,-0.1587309,right_shoulder,1.0320603,-0.32172924,right_elbow,0.8398291,-0.01424432,right_wrist,1.3601413,0.4660538,left_shoulder,0.94258356,0.0042674616,left_elbow,0.71375227,0.5052658,left_wrist,1.2455733,0.66343254,mid_hip,0.0,0.0,right_hip,0.03450309,-0.084489405,right_knee,0.50488603,0.52082866,right_ankle,-0.5585114,0.99520034,left_hip,-0.03450309,0.084489405,left_knee,0.41012573,0.78955805,left_ankle,-0.5078226,1.0743327,0,0,0
Fall__Fall_f_raw_s_1_S_D_0054,105,C:\Users\ASUS\Downloads\3D_Human_Pose_NCKH\paper_baselines\lin2021_yolov8_lstm_gru\data\paper_skeleton_csv\Fall\Fall_Fall_f_raw_s_1_S_D_0054.csv,1,Fall,nose,1.2887743,0.18840002,neck,0.98742974,-0.15805864,right_shoulder,1.0225167,-0.3238316,right_elbow,0.8317021,-0.019092267,right_wrist,1.3604846,0.48207748,left_shoulder,0.9523434,0.007714295,left_elbow,0.6985036,0.5033293,left_wrist,1.2300735,0.6603506,mid_hip,0.0,0.0,right_hip,0.023072746,-0.086642265,right_knee,0.47919777,0.50931126,right_ankle,-0.6043293,0.9921452,left_hip,-0.023072075,0.086642265,left_knee,0.46176365,0.795853,left_ankle,-0.4626362,1.0983912,0,0,0
Fall__Fall_f_raw_s_1_S_D_0054,106,C:\Users\ASUS\Downloads\3D_Human_Pose_NCKH\paper_baselines\lin2021_yolov8_lstm_gru\data\paper_skeleton_csv\Fall\Fall_Fall_f_raw_s_1_S_D_0054.csv,1,Fall,nose,1.2636703,0.18618444,neck,0.98699576,-0.16074632,right_shoulder,1.0283676,-0.32022375,right_elbow,0.8273992,-0.004217403,right_wrist,1.3519077,0.49032512,left_shoulder,0.9456239,-0.0012689033,left_elbow,0.6959999,0.49802145,left_wrist,1.2259595,0.6541397,mid_hip,0.0,0.0,right_hip,0.037467975,-0.08263463,right_knee,0.53942156,0.5315915,right_ankle,-0.51657003,1.0124922,left_hip,-0.037467975,0.08263463,left_knee,0.37356776,0.7812629,left_ankle,-0.5832941,1.0471908,0,0,0
Fall__Fall_f_raw_s_1_S_D_0054,107,C:\Users\ASUS\Downloads\3D_Human_Pose_NCKH\paper_baselines\lin2021_yolov8_lstm_gru\data\paper_skeleton_csv\Fall\Fall_Fall_f_raw_s_1_S_D_0054.csv,1,Fall,nose,1.2742207,0.18640508,neck,0.9868631,-0.16155903,right_shoulder,1.0222558,-0.32822216,right_elbow,0.81265426,-0.016819136,right_wrist,1.3460208,0.4818495,left_shoulder,0.951471,0.0051040906,left_elbow,0.6898954,0.5048181,left_wrist,1.2194777,0.65990984,mid_hip,0.0,0.0,right_hip,0.025878372,-0.088663734,right_knee,0.47523353,0.5069676,right_ankle,-0.607597,0.9841197,left_hip,-0.025877703,0.088663734,left_knee,0.42810732,0.8073841,left_ankle,-0.5042125,1.0974457,0,0,0
Fall__Fall_f_raw_s_1_S_D_0054,108,C:\Users\ASUS\Downloads\3D_Human_Pose_NCKH\paper_baselines\lin2021_yolov8_lstm_gru\data\paper_skeleton_csv\Fall\Fall_Fall_f_raw_s_1_S_D_0054.csv,1,Fall,nose,1.2601601,0.18748875,neck,0.98812485,-0.15365347,right_shoulder,1.0206652,-0.3205863,right_elbow,0.79842293,-0.0043315026,right_wrist,1.3436413,0.49399263,left_shoulder,0.9555838,0.013279335,left_elbow,0.6976664,0.51535165,left_wrist,1.234366,0.663148,mid_hip,0.0,0.0,right_hip,0.027405469,-0.0889307,right_knee,0.47558042,0.5225137,right_ankle,-0.6020114,0.990162,left_hip,-0.0274048,0.0889307,left_knee,0.38517517,0.81811905,left_ankle,-0.5523794,1.0875998,0,0,0
Fall__Fall_f_raw_s_1_S_D_0054,109,C:\Users\ASUS\Downloads\3D_Human_Pose_NCKH\paper_baselines\lin2021_yolov8_lstm_gru\data\paper_skeleton_csv\Fall\Fall_Fall_f_raw_s_1_S_D_0054.csv,1,Fall,nose,1.2688651,0.1855981,neck,0.9864706,-0.16393848,right_shoulder,1.0247431,-0.32609263,right_elbow,0.8080251,-0.013254726,right_wrist,1.3446845,0.48546928,left_shoulder,0.948198,-0.0017840151,left_elbow,0.7049986,0.50213206,left_wrist,1.2390656,0.6575788,mid_hip,0.0,0.0,right_hip,0.03136195,-0.08563871,right_knee,0.49343982,0.53125304,right_ankle,-0.5842536,0.98904645,left_hip,-0.03136195,0.08563871,left_knee,0.39777884,0.8071857,left_ankle,-0.5377868,1.0736315,0,0,0
Fall__Fall_f_raw_s_1_S_D_0054,110,C:\Users\ASUS\Downloads\3D_Human_Pose_NCKH\paper_baselines\lin2021_yolov8_lstm_gru\data\paper_skeleton_csv\Fall\Fall_Fall_f_raw_s_1_S_D_0054.csv,1,Fall,nose,1.2628964,0.19868639,neck,0.9882455,-0.15287536,right_shoulder,1.0084928,-0.31492284,right_elbow,0.81915987,0.011640549,right_wrist,1.3187971,0.4867872,left_shoulder,0.96799886,0.009172418,left_elbow,0.69733006,0.5057271,left_wrist,1.2186866,0.66971165,mid_hip,0.0,0.0,right_hip,0.0037396885,-0.08327514,right_knee,0.42339998,0.49414247,right_ankle,-0.6441198,0.9197449,left_hip,-0.0037390422,0.08327514,left_knee,0.4891629,0.79971737,left_ankle,-0.4191315,1.0795295,0,0,0
Fall__Fall_f_raw_s_1_S_D_0054,111,C:\Users\ASUS\Downloads\3D_Human_Pose_NCKH\paper_baselines\lin2021_yolov8_lstm_gru\data\paper_skeleton_csv\Fall\Fall_Fall_f_raw_s_1_S_D_0054.csv,1,Fall,nose,1.2818553,0.16788405,neck,0.9870828,-0.16021143,right_shoulder,1.0177226,-0.3306849,right_elbow,0.81381166,-0.027306924,right_wrist,1.3517605,0.47550544,left_shoulder,0.95644224,0.010262041,left_elbow,0.71252245,0.50577956,left_wrist,1.2522908,0.649586,mid_hip,0.0,0.0,right_hip,0.021842606,-0.09015339,right_knee,0.47619733,0.504437,right_ankle,-0.60985404,0.96322936,left_hip,-0.021842606,0.090153724,left_knee,0.4390208,0.8123059,left_ankle,-0.49582797,1.082472,0,0,0
Fall__Fall_f_raw_s_1_S_D_0054,112,C:\Users\ASUS\Downloads\3D_Human_Pose_NCKH\paper_baselines\lin2021_yolov8_lstm_gru\data\paper_skeleton_csv\Fall\Fall_Fall_f_raw_s_1_S_D_0054.csv,1,Fall,nose,1.2726893,0.19285198,neck,0.98868567,-0.15000257,right_shoulder,1.0101821,-0.31544122,right_elbow,0.82628286,0.010127181,right_wrist,1.3141555,0.49013048,left_shoulder,0.9671897,0.015436404,left_elbow,0.7047193,0.50788695,left_wrist,1.2228972,0.6628753,mid_hip,0.0,0.0,right_hip,0.004592458,-0.08430298,right_knee,0.4366198,0.48569074,right_ankle,-0.62938255,0.9248068,left_hip,-0.004592458,0.08430298,left_knee,0.49258038,0.7957203,left_ankle,-0.41947088,1.0739776,0,0,0
Fall__Fall_f_raw_s_1_S_D_0054,113,C:\Users\ASUS\Downloads\3D_Human_Pose_NCKH\paper_baselines\lin2021_yolov8_lstm_gru\data\paper_skeleton_csv\Fall\Fall_Fall_f_raw_s_1_S_D_0054.csv,1,Fall,nose,1.2802509,0.17213865,neck,0.98643833,-0.16413237,right_shoulder,1.016369,-0.33206934,right_elbow,0.8168375,-0.029893653,right_wrist,1.3426148,0.47159,left_shoulder,0.9565076,0.0038045747,left_elbow,0.70049673,0.49961874,left_wrist,1.2326776,0.6469956,mid_hip,0.0,0.0,right_hip,0.01853548,-0.08947628,right_knee,0.46499005,0.4990388,right_ankle,-0.6243781,0.9516542,left_hip,-0.01853548,0.08947595,left_knee,0.4666731,0.80772316,left_ankle,-0.4595077,1.0880498,0,0,0
Fall__Fall_f_raw_s_1_S_D_0054,114,C:\Users\ASUS\Downloads\3D_Human_Pose_NCKH\paper_baselines\lin2021_yolov8_lstm_gru\data\paper_skeleton_csv\Fall\Fall_Fall_f_raw_s_1_S_D_0054.csv,1,Fall,nose,1.2661803,0.19429739,neck,0.9907157,-0.13595034,right_shoulder,1.0110291,-0.2988297,right_elbow,0.8238653,0.025822783,right_wrist,1.3092908,0.49490905,left_shoulder,0.97040224,0.026929012,left_elbow,0.6932406,0.5151847,left_wrist,1.2119927,0.6669165,mid_hip,0.0,0.0,right_hip,0.0032407902,-0.08411854,right_knee,0.41650468,0.49616787,right_ankle,-0.64686173,0.9180091,left_hip,-0.0032401492,0.08411854,left_knee,0.4771123,0.80603456,left_ankle,-0.42871264,1.076152,0,0,0
Fall__Fall_f_raw_s_1_S_D_0054,115,C:\Users\ASUS\Downloads\3D_Human_Pose_NCKH\paper_baselines\lin2021_yolov8_lstm_gru\data\paper_skeleton_csv\Fall\Fall_Fall_f_raw_s_1_S_D_0054.csv,1,Fall,nose,1.2799495,0.1664635,neck,0.9865007,-0.1637576,right_shoulder,1.0267264,-0.32544568,right_elbow,0.82979333,-0.017355468,right_wrist,1.3518039,0.47852698,left_shoulder,0.9462743,-0.0020695373,left_elbow,0.7147779,0.49819756,left_wrist,1.2591891,0.6504135,mid_hip,0.0,0.0,right_hip,0.03385428,-0.083830215,right_knee,0.53380233,0.5265766,right_ankle,-0.5454028,0.9931918,left_hip,-0.033854943,0.083830215,left_knee,0.4091483,0.7892938,left_ankle,-0.55829185,1.0575296,0,0,0
Fall__Fall_f_raw_s_1_S_D_0054,116,C:\Users\ASUS\Downloads\3D_Human_Pose_NCKH\paper_baselines\lin2021_yolov8_lstm_gru\data\paper_skeleton_csv\Fall\Fall_Fall_f_raw_s_1_S_D_0054.csv,1,Fall,nose,1.2768878,0.17167786,neck,0.98801833,-0.15433623,right_shoulder,1.0341959,-0.3109355,right_elbow,0.83786,-0.012081302,right_wrist,1.331565,0.48118967,left_shoulder,0.94184077,0.0022627155,left_elbow,0.7160468,0.50111634,left_wrist,1.2536597,0.6618975,mid_hip,0.0,0.0,right_hip,0.039229907,-0.080974236,right_knee,0.545848,0.5527744,right_ankle,-0.5274359,1.0163628,left_hip,-0.039229907,0.080974236,left_knee,0.39384115,0.79346263,left_ankle,-0.56721896,1.0716112,0,0,0
Fall__Fall_f_raw_s_1_S_D_0054,117,C:\Users\ASUS\Downloads\3D_Human_Pose_NCKH\paper_baselines\lin2021_yolov8_lstm_gru\data\paper_skeleton_csv\Fall\Fall_Fall_f_raw_s_1_S_D_0054.csv,1,Fall,nose,1.2877718,0.1630515,neck,0.98919517,-0.14660455,right_shoulder,1.0331376,-0.31043163,right_elbow,0.8403311,-0.020100951,right_wrist,1.3335967,0.47633493,left_shoulder,0.9452528,0.017222542,left_elbow,0.7176292,0.50294065,left_wrist,1.2523592,0.658789,mid_hip,0.0,0.0,right_hip,0.040290408,-0.08324661,right_knee,0.56035113,0.54482114,right_ankle,-0.4994191,1.0226833,left_hip,-0.040290408,0.083246276,left_knee,0.36517164,0.78926134,left_ankle,-0.62310517,1.0420576,0,0,0
Fall__Fall_f_raw_s_1_S_D_0054,118,C:\Users\ASUS\Downloads\3D_Human_Pose_NCKH\paper_baselines\lin2021_yolov8_lstm_gru\data\paper_skeleton_csv\Fall\Fall_Fall_f_raw_s_1_S_D_0054.csv,1,Fall,nose,1.2826602,0.18226962,neck,0.9908184,-0.13519934,right_shoulder,1.0294765,-0.30134812,right_elbow,0.8241641,-0.010705945,right_wrist,1.3271792,0.49185553,left_shoulder,0.9521596,0.030949805,left_elbow,0.70925057,0.51661247,left_wrist,1.2326026,0.6726759,mid_hip,0.0,0.0,right_hip,0.03497768,-0.08486222,right_knee,0.5422376,0.5485702,right_ankle,-0.5243231,1.035102,left_hip,-0.034978345,0.08486189,left_knee,0.37802383,0.8031446,left_ankle,-0.59402555,1.0644479,0,0,0
Fall__Fall_f_raw_s_1_S_D_0054,119,C:\Users\ASUS\Downloads\3D_Human_Pose_NCKH\paper_baselines\lin2021_yolov8_lstm_gru\data\paper_skeleton_csv\Fall\Fall_Fall_f_raw_s_1_S_D_0054.csv,1,Fall,nose,1.2932913,0.16960841,neck,0.9884248,-0.15171166,right_shoulder,1.024944,-0.31766057,right_elbow,0.83013254,-0.029294077,right_wrist,1.338603,0.47322756,left_shoulder,0.95190626,0.014236925,left_elbow,0.71581596,0.50668985,left_wrist,1.2499568,0.6657728,mid_hip,0.0,0.0,right_hip,0.028704561,-0.08501547,right_knee,0.506775,0.5399774,right_ankle,-0.5702745,1.01164,left_hip,-0.028704561,0.08501513,left_knee,0.41780427,0.8002503,left_ankle,-0.52914846,1.0784391,0,0,0
