video_id,frame_idx,source_file,label,label_name,joint_0_name,joint_0_x,joint_0_y,joint_1_name,joint_1_x,joint_1_y,joint_2_name,joint_2_x,joint_2_y,joint_3_name,joint_3_x,joint_3_y,joint_4_name,joint_4_x,joint_4_y,joint_5_name,joint_5_x,joint_5_y,joint_6_name,joint_6_x,joint_6_y,joint_7_name,joint_7_x,joint_7_y,joint_8_name,joint_8_x,joint_8_y,joint_9_name,joint_9_x,joint_9_y,joint_10_name,joint_10_x,joint_10_y,joint_11_name,joint_11_x,joint_11_y,joint_12_name,joint_12_x,joint_12_y,joint_13_name,joint_13_x,joint_13_y,joint_14_name,joint_14_x,joint_14_y,num_missing_joints_before_interpolation,all_joints_missing_before_interpolation,num_zero_joints_after_interpolation
Fall__Fall_f_raw_c_1_C_M_62,0,C:\Users\ASUS\Downloads\3D_Human_Pose_NCKH\paper_baselines\lin2021_yolov8_lstm_gru\data\paper_skeleton_csv\Fall\Fall_Fall_f_raw_c_1_C_M_62.csv,1,Fall,nose,0.12652132,-1.4527489,neck,0.022386393,-0.9997494,right_shoulder,-0.35051897,-1.0218604,right_elbow,-0.47255024,-0.37427735,right_wrist,-0.38872913,-0.0044510304,left_shoulder,0.39529112,-0.97763854,left_elbow,0.4601208,-0.32626888,left_wrist,0.36422122,0.033173796,mid_hip,0.0,0.0,right_hip,-0.25934774,-0.009092421,right_knee,-0.5213302,0.6131827,right_ankle,-0.6595053,1.4468982,left_hip,0.25934774,0.009092112,left_knee,0.5091403,0.6082494,left_ankle,0.3036847,1.4451431,0,0,0
Fall__Fall_f_raw_c_1_C_M_62,1,C:\Users\ASUS\Downloads\3D_Human_Pose_NCKH\paper_baselines\lin2021_yolov8_lstm_gru\data\paper_skeleton_csv\Fall\Fall_Fall_f_raw_c_1_C_M_62.csv,1,Fall,nose,0.13689145,-1.450633,neck,0.030027078,-0.9995491,right_shoulder,-0.34619835,-1.021189,right_elbow,-0.46161652,-0.35620284,right_wrist,-0.38159528,0.00732543,left_shoulder,0.4062525,-0.97790915,left_elbow,0.46690497,-0.3234162,left_wrist,0.37497824,0.034330804,mid_hip,0.0,0.0,right_hip,-0.26094112,-0.008757024,right_knee,-0.5195698,0.6048869,right_ankle,-0.65115374,1.4499408,left_hip,0.26094112,0.008757024,left_knee,0.5301233,0.60218966,left_ankle,0.31055716,1.4423869,0,0,0
Fall__Fall_f_raw_c_1_C_M_62,2,C:\Users\ASUS\Downloads\3D_Human_Pose_NCKH\paper_baselines\lin2021_yolov8_lstm_gru\data\paper_skeleton_csv\Fall\Fall_Fall_f_raw_c_1_C_M_62.csv,1,Fall,nose,0.15547998,-1.4521766,neck,0.03450714,-0.9994045,right_shoulder,-0.34495708,-1.0197457,right_elbow,-0.46528015,-0.3486605,right_wrist,-0.39170545,0.036606878,left_shoulder,0.41397136,-0.9790633,left_elbow,0.47239006,-0.32084164,left_wrist,0.38928887,0.05330787,mid_hip,0.0,0.0,right_hip,-0.2642526,-0.007837675,right_knee,-0.5231453,0.61432236,right_ankle,-0.6542702,1.476712,left_hip,0.2642526,0.007837675,left_knee,0.5514222,0.6047866,left_ankle,0.32406035,1.46924,0,0,0
Fall__Fall_f_raw_c_1_C_M_62,3,C:\Users\ASUS\Downloads\3D_Human_Pose_NCKH\paper_baselines\lin2021_yolov8_lstm_gru\data\paper_skeleton_csv\Fall\Fall_Fall_f_raw_c_1_C_M_62.csv,1,Fall,nose,0.16063118,-1.451582,neck,0.03874261,-0.9992492,right_shoulder,-0.34509957,-1.021059,right_elbow,-0.47004578,-0.3347721,right_wrist,-0.40712854,0.07609836,left_shoulder,0.42258477,-0.9774394,left_elbow,0.47392243,-0.31080347,left_wrist,0.40808794,0.06787889,mid_hip,0.0,0.0,right_hip,-0.26734114,-0.009469409,right_knee,-0.5384387,0.61948264,right_ankle,-0.66447645,1.4984319,left_hip,0.26734114,0.009469723,left_knee,0.5615714,0.6241594,left_ankle,0.33603746,1.512942,0,0,0
Fall__Fall_f_raw_c_1_C_M_62,4,C:\Users\ASUS\Downloads\3D_Human_Pose_NCKH\paper_baselines\lin2021_yolov8_lstm_gru\data\paper_skeleton_csv\Fall\Fall_Fall_f_raw_c_1_C_M_62.csv,1,Fall,nose,0.16286096,-1.4554344,neck,0.0413904,-0.999143,right_shoulder,-0.3470649,-1.0196108,right_elbow,-0.46901146,-0.3337001,right_wrist,-0.43187183,0.091115646,left_shoulder,0.42984572,-0.9786753,left_elbow,0.47646686,-0.31502846,left_wrist,0.41510162,0.081598476,mid_hip,0.0,0.0,right_hip,-0.27138826,-0.0077929944,right_knee,-0.54043096,0.6267565,right_ankle,-0.66689616,1.5211284,left_hip,0.27138826,0.0077926763,left_knee,0.59706056,0.6178493,left_ankle,0.36094487,1.5216708,0,0,0
Fall__Fall_f_raw_c_1_C_M_62,5,C:\Users\ASUS\Downloads\3D_Human_Pose_NCKH\paper_baselines\lin2021_yolov8_lstm_gru\data\paper_skeleton_csv\Fall\Fall_Fall_f_raw_c_1_C_M_62.csv,1,Fall,nose,0.16772217,-1.4509786,neck,0.04291256,-0.99907887,right_shoulder,-0.34654352,-1.0176814,right_elbow,-0.4634843,-0.31589448,right_wrist,-0.43097696,0.13498975,left_shoulder,0.43236864,-0.9804765,left_elbow,0.472722,-0.31301302,left_wrist,0.41785425,0.08465094,mid_hip,0.0,0.0,right_hip,-0.27202144,-0.008038824,right_knee,-0.54202944,0.6005926,right_ankle,-0.66393226,1.5075152,left_hip,0.27202207,0.008038824,left_knee,0.60199535,0.59811187,left_ankle,0.3424236,1.5211467,0,0,0
Fall__Fall_f_raw_c_1_C_M_62,6,C:\Users\ASUS\Downloads\3D_Human_Pose_NCKH\paper_baselines\lin2021_yolov8_lstm_gru\data\paper_skeleton_csv\Fall\Fall_Fall_f_raw_c_1_C_M_62.csv,1,Fall,nose,0.17243232,-1.4502859,neck,0.044290002,-0.9990187,right_shoulder,-0.3458514,-1.0181442,right_elbow,-0.46416035,-0.31912675,right_wrist,-0.42929465,0.12523721,left_shoulder,0.43443137,-0.97989297,left_elbow,0.47876513,-0.31016794,left_wrist,0.42190918,0.08463582,mid_hip,0.0,0.0,right_hip,-0.2728845,-0.0077792876,right_knee,-0.54332495,0.6053655,right_ankle,-0.6637,1.5069396,left_hip,0.27288514,0.0077792876,left_knee,0.60813266,0.59693426,left_ankle,0.35831776,1.5116987,0,0,0
Fall__Fall_f_raw_c_1_C_M_62,7,C:\Users\ASUS\Downloads\3D_Human_Pose_NCKH\paper_baselines\lin2021_yolov8_lstm_gru\data\paper_skeleton_csv\Fall\Fall_Fall_f_raw_c_1_C_M_62.csv,1,Fall,nose,0.17282775,-1.4551266,neck,0.04660709,-0.9989133,right_shoulder,-0.34663498,-1.0188882,right_elbow,-0.46142718,-0.323042,right_wrist,-0.42111003,0.10374816,left_shoulder,0.43984917,-0.9789385,left_elbow,0.48385146,-0.3095164,left_wrist,0.4249544,0.080556266,mid_hip,0.0,0.0,right_hip,-0.27455094,-0.008099526,right_knee,-0.54286146,0.6075469,right_ankle,-0.6621971,1.5133334,left_hip,0.27455157,0.008099526,left_knee,0.61325294,0.5999479,left_ankle,0.348528,1.5155107,0,0,0
Fall__Fall_f_raw_c_1_C_M_62,8,C:\Users\ASUS\Downloads\3D_Human_Pose_NCKH\paper_baselines\lin2021_yolov8_lstm_gru\data\paper_skeleton_csv\Fall\Fall_Fall_f_raw_c_1_C_M_62.csv,1,Fall,nose,0.1740076,-1.4491725,neck,0.052837964,-0.9986031,right_shoulder,-0.3400448,-1.0198559,right_elbow,-0.45700192,-0.33196315,right_wrist,-0.41657734,0.096668944,left_shoulder,0.4457201,-0.97735053,left_elbow,0.4921212,-0.31123525,left_wrist,0.42981365,0.079527445,mid_hip,0.0,0.0,right_hip,-0.27415594,-0.008729811,right_knee,-0.5358083,0.6072575,right_ankle,-0.65340614,1.518694,left_hip,0.27415657,0.008729493,left_knee,0.611944,0.6007955,left_ankle,0.35971484,1.5224104,0,0,0
Fall__Fall_f_raw_c_1_C_M_62,9,C:\Users\ASUS\Downloads\3D_Human_Pose_NCKH\paper_baselines\lin2021_yolov8_lstm_gru\data\paper_skeleton_csv\Fall\Fall_Fall_f_raw_c_1_C_M_62.csv,1,Fall,nose,0.16892564,-1.4503645,neck,0.04686109,-0.9989014,right_shoulder,-0.34298724,-1.0212108,right_elbow,-0.45841464,-0.33694527,right_wrist,-0.41946304,0.08763324,left_shoulder,0.43671006,-0.97659194,left_elbow,0.48866045,-0.31409904,left_wrist,0.42255872,0.068154275,mid_hip,0.0,0.0,right_hip,-0.27175775,-0.009243283,right_knee,-0.5414362,0.59112215,right_ankle,-0.65195644,1.4956106,left_hip,0.27175775,0.009243283,left_knee,0.60528326,0.58768666,left_ankle,0.35598162,1.4970238,0,0,0
Fall__Fall_f_raw_c_1_C_M_62,10,C:\Users\ASUS\Downloads\3D_Human_Pose_NCKH\paper_baselines\lin2021_yolov8_lstm_gru\data\paper_skeleton_csv\Fall\Fall_Fall_f_raw_c_1_C_M_62.csv,1,Fall,nose,0.1663474,-1.4546695,neck,0.041847344,-0.999124,right_shoulder,-0.34891152,-1.0223024,right_elbow,-0.46247804,-0.3386742,right_wrist,-0.42134348,0.086832635,left_shoulder,0.43260622,-0.9759456,left_elbow,0.48829883,-0.31349647,left_wrist,0.4234072,0.06707859,mid_hip,0.0,0.0,right_hip,-0.2727736,-0.009672925,right_knee,-0.5425874,0.58127403,right_ankle,-0.65726477,1.4982036,left_hip,0.2727736,0.009673241,left_knee,0.60528827,0.581456,left_ankle,0.35539344,1.5040274,0,0,0
Fall__Fall_f_raw_c_1_C_M_62,11,C:\Users\ASUS\Downloads\3D_Human_Pose_NCKH\paper_baselines\lin2021_yolov8_lstm_gru\data\paper_skeleton_csv\Fall\Fall_Fall_f_raw_c_1_C_M_62.csv,1,Fall,nose,0.16106346,-1.4546716,neck,0.03991311,-0.99920315,right_shoulder,-0.3540063,-1.0190631,right_elbow,-0.4743834,-0.333555,right_wrist,-0.4208891,0.091032706,left_shoulder,0.4338325,-0.97934324,left_elbow,0.49093735,-0.32777134,left_wrist,0.44410902,0.07182967,mid_hip,0.0,0.0,right_hip,-0.2743791,-0.00684242,right_knee,-0.54647285,0.58625114,right_ankle,-0.69439894,1.515552,left_hip,0.2743791,0.00684242,left_knee,0.62390304,0.59762293,left_ankle,0.38026637,1.5179976,0,0,0
Fall__Fall_f_raw_c_1_C_M_62,12,C:\Users\ASUS\Downloads\3D_Human_Pose_NCKH\paper_baselines\lin2021_yolov8_lstm_gru\data\paper_skeleton_csv\Fall\Fall_Fall_f_raw_c_1_C_M_62.csv,1,Fall,nose,0.15531674,-1.4561665,neck,0.034275636,-0.9994125,right_shoulder,-0.35982192,-1.0231135,right_elbow,-0.46774518,-0.32878768,right_wrist,-0.4271914,0.09968434,left_shoulder,0.4283738,-0.9757114,left_elbow,0.48845917,-0.301981,left_wrist,0.41516554,0.07278423,mid_hip,0.0,0.0,right_hip,-0.27517545,-0.0104095265,right_knee,-0.5587971,0.5893195,right_ankle,-0.67904294,1.525396,left_hip,0.27517483,0.010409845,left_knee,0.6037334,0.5945273,left_ankle,0.35534382,1.5352067,0,0,0
Fall__Fall_f_raw_c_1_C_M_62,13,C:\Users\ASUS\Downloads\3D_Human_Pose_NCKH\paper_baselines\lin2021_yolov8_lstm_gru\data\paper_skeleton_csv\Fall\Fall_Fall_f_raw_c_1_C_M_62.csv,1,Fall,nose,0.14841402,-1.4595176,neck,0.039011385,-0.9992387,right_shoulder,-0.35666743,-1.0230808,right_elbow,-0.4646242,-0.32438892,right_wrist,-0.42454007,0.10342607,left_shoulder,0.43469018,-0.97539663,left_elbow,0.4907014,-0.29328775,left_wrist,0.41886815,0.08198591,mid_hip,0.0,0.0,right_hip,-0.2772886,-0.01082974,right_knee,-0.5688286,0.58816236,right_ankle,-0.67930526,1.5075073,left_hip,0.2772886,0.01082974,left_knee,0.61025226,0.5956016,left_ankle,0.36407992,1.5205444,0,0,0
Fall__Fall_f_raw_c_1_C_M_62,14,C:\Users\ASUS\Downloads\3D_Human_Pose_NCKH\paper_baselines\lin2021_yolov8_lstm_gru\data\paper_skeleton_csv\Fall\Fall_Fall_f_raw_c_1_C_M_62.csv,1,Fall,nose,0.13976286,-1.4581407,neck,0.04565552,-0.99895734,right_shoulder,-0.3446682,-1.0214922,right_elbow,-0.45593554,-0.32447094,right_wrist,-0.4171334,0.0992259,left_shoulder,0.43597925,-0.9764223,left_elbow,0.49330318,-0.29564506,left_wrist,0.42439544,0.07154456,mid_hip,0.0,0.0,right_hip,-0.2737695,-0.010506202,right_knee,-0.56272954,0.59226346,right_ankle,-0.67293376,1.4891875,left_hip,0.2737695,0.010506202,left_knee,0.603889,0.59894,left_ankle,0.36101082,1.4987541,0,0,0
Fall__Fall_f_raw_c_1_C_M_62,15,C:\Users\ASUS\Downloads\3D_Human_Pose_NCKH\paper_baselines\lin2021_yolov8_lstm_gru\data\paper_skeleton_csv\Fall\Fall_Fall_f_raw_c_1_C_M_62.csv,1,Fall,nose,0.12918377,-1.4613202,neck,0.03748177,-0.9992974,right_shoulder,-0.35263622,-1.0196223,right_elbow,-0.45606652,-0.32026857,right_wrist,-0.4237927,0.11955046,left_shoulder,0.42759976,-0.9789724,left_elbow,0.48838773,-0.30070686,left_wrist,0.41780943,0.07534108,mid_hip,0.0,0.0,right_hip,-0.27479005,-0.009514194,right_knee,-0.56771123,0.59772354,right_ankle,-0.6741935,1.5006027,left_hip,0.27479005,0.009513878,left_knee,0.60362595,0.6003898,left_ankle,0.36779246,1.5069051,0,0,0
Fall__Fall_f_raw_c_1_C_M_62,16,C:\Users\ASUS\Downloads\3D_Human_Pose_NCKH\paper_baselines\lin2021_yolov8_lstm_gru\data\paper_skeleton_csv\Fall\Fall_Fall_f_raw_c_1_C_M_62.csv,1,Fall,nose,0.1264319,-1.4661736,neck,0.03789468,-0.9992817,right_shoulder,-0.3542709,-1.0158641,right_elbow,-0.45711747,-0.30533934,right_wrist,-0.42126024,0.12270014,left_shoulder,0.4300609,-0.9826993,left_elbow,0.49200678,-0.30463582,left_wrist,0.42526084,0.078209415,mid_hip,0.0,0.0,right_hip,-0.27577296,-0.008299232,right_knee,-0.56412345,0.606605,right_ankle,-0.6746115,1.5293807,left_hip,0.2757736,0.008299232,left_knee,0.5958835,0.60983217,left_ankle,0.35973763,1.5366789,0,0,0
Fall__Fall_f_raw_c_1_C_M_62,17,C:\Users\ASUS\Downloads\3D_Human_Pose_NCKH\paper_baselines\lin2021_yolov8_lstm_gru\data\paper_skeleton_csv\Fall\Fall_Fall_f_raw_c_1_C_M_62.csv,1,Fall,nose,0.119009994,-1.4692473,neck,0.03300925,-0.99945503,right_shoulder,-0.36049545,-1.0148542,right_elbow,-0.46239308,-0.30192286,right_wrist,-0.43139452,0.13355254,left_shoulder,0.42651394,-0.9840557,left_elbow,0.4946628,-0.30834106,left_wrist,0.42502144,0.07901959,mid_hip,0.0,0.0,right_hip,-0.27584904,-0.0079877805,right_knee,-0.5760772,0.6146125,right_ankle,-0.6787509,1.5446081,left_hip,0.27584904,0.00798746,left_knee,0.58079976,0.6168174,left_ankle,0.3477045,1.5452535,0,0,0
Fall__Fall_f_raw_c_1_C_M_62,18,C:\Users\ASUS\Downloads\3D_Human_Pose_NCKH\paper_baselines\lin2021_yolov8_lstm_gru\data\paper_skeleton_csv\Fall\Fall_Fall_f_raw_c_1_C_M_62.csv,1,Fall,nose,0.12193157,-1.4684732,neck,0.03252233,-0.99947095,right_shoulder,-0.36028397,-1.0151637,right_elbow,-0.46515727,-0.3014663,right_wrist,-0.43080866,0.13223837,left_shoulder,0.42532927,-0.98377824,left_elbow,0.49326256,-0.30512902,left_wrist,0.42977825,0.071708545,mid_hip,0.0,0.0,right_hip,-0.27464166,-0.008578677,right_knee,-0.57920724,0.6177571,right_ankle,-0.6735084,1.5422387,left_hip,0.27464166,0.008578357,left_knee,0.5649321,0.6238112,left_ankle,0.33676827,1.5525992,0,0,0
Fall__Fall_f_raw_c_1_C_M_62,19,C:\Users\ASUS\Downloads\3D_Human_Pose_NCKH\paper_baselines\lin2021_yolov8_lstm_gru\data\paper_skeleton_csv\Fall\Fall_Fall_f_raw_c_1_C_M_62.csv,1,Fall,nose,0.12441294,-1.4709474,neck,0.037156023,-0.9993094,right_shoulder,-0.35592055,-1.0170016,right_elbow,-0.45844534,-0.30460215,right_wrist,-0.42975774,0.12803665,left_shoulder,0.43023258,-0.9816173,left_elbow,0.49240866,-0.30554512,left_wrist,0.451068,0.07144796,mid_hip,0.0,0.0,right_hip,-0.27400976,-0.009190613,right_knee,-0.5714243,0.61667854,right_ankle,-0.67158896,1.53454,left_hip,0.2740104,0.009190294,left_knee,0.572493,0.62645155,left_ankle,0.3263255,1.5437342,0,0,0
Fall__Fall_f_raw_c_1_C_M_62,20,C:\Users\ASUS\Downloads\3D_Human_Pose_NCKH\paper_baselines\lin2021_yolov8_lstm_gru\data\paper_skeleton_csv\Fall\Fall_Fall_f_raw_c_1_C_M_62.csv,1,Fall,nose,0.13140954,-1.4797004,neck,0.046759345,-0.99890614,right_shoulder,-0.3508926,-1.0141569,right_elbow,-0.4542286,-0.30189916,right_wrist,-0.42432338,0.13139802,left_shoulder,0.4444113,-0.98365533,left_elbow,0.4915759,-0.30852044,left_wrist,0.46642375,0.07106255,mid_hip,0.0,0.0,right_hip,-0.2764842,-0.008622325,right_knee,-0.56412446,0.6228715,right_ankle,-0.6775371,1.5239363,left_hip,0.27648357,0.008622005,left_knee,0.56985,0.62688476,left_ankle,0.25470477,1.5325919,0,0,0
Fall__Fall_f_raw_c_1_C_M_62,21,C:\Users\ASUS\Downloads\3D_Human_Pose_NCKH\paper_baselines\lin2021_yolov8_lstm_gru\data\paper_skeleton_csv\Fall\Fall_Fall_f_raw_c_1_C_M_62.csv,1,Fall,nose,0.14455761,-1.4947864,neck,0.07877705,-0.9968923,right_shoulder,-0.29633155,-1.0046982,right_elbow,-0.40610462,-0.3284791,right_wrist,-0.40120083,0.10009123,left_shoulder,0.4538863,-0.9890864,left_elbow,0.4679816,-0.34488097,left_wrist,0.51771694,0.055466875,mid_hip,0.0,0.0,right_hip,-0.26958603,-0.0036770462,right_knee,-0.52212286,0.61789984,right_ankle,-0.60511816,1.4969498,left_hip,0.26958603,0.0036767302,left_knee,0.5619755,0.5887153,left_ankle,0.21021494,1.4444776,0,0,0
Fall__Fall_f_raw_c_1_C_M_62,22,C:\Users\ASUS\Downloads\3D_Human_Pose_NCKH\paper_baselines\lin2021_yolov8_lstm_gru\data\paper_skeleton_csv\Fall\Fall_Fall_f_raw_c_1_C_M_62.csv,1,Fall,nose,0.14910741,-1.4661131,neck,0.07042567,-0.99751705,right_shoulder,-0.3083318,-1.0129634,right_elbow,-0.41523397,-0.3262371,right_wrist,-0.39287513,0.09466219,left_shoulder,0.4491831,-0.98207074,left_elbow,0.4713575,-0.3082085,left_wrist,0.5330718,0.08299673,mid_hip,0.0,0.0,right_hip,-0.2702341,-0.006066584,right_knee,-0.49751642,0.58563125,right_ankle,-0.60355276,1.451731,left_hip,0.2702341,0.0060662734,left_knee,0.56307864,0.56327146,left_ankle,0.15295221,1.4020902,0,0,0
Fall__Fall_f_raw_c_1_C_M_62,23,C:\Users\ASUS\Downloads\3D_Human_Pose_NCKH\paper_baselines\lin2021_yolov8_lstm_gru\data\paper_skeleton_csv\Fall\Fall_Fall_f_raw_c_1_C_M_62.csv,1,Fall,nose,0.13232201,-1.4677514,neck,0.060833614,-0.9981479,right_shoulder,-0.31526646,-1.0188555,right_elbow,-0.44511598,-0.33940816,right_wrist,-0.40489507,0.085731804,left_shoulder,0.4369343,-0.97744054,left_elbow,0.46086484,-0.3044131,left_wrist,0.5134001,0.115276724,mid_hip,0.0,0.0,right_hip,-0.2680168,-0.0067639006,right_knee,-0.5100317,0.61466205,right_ankle,-0.63377964,1.4882253,left_hip,0.26801616,0.006764212,left_knee,0.49996215,0.5888608,left_ankle,0.11152965,1.413572,0,0,0
Fall__Fall_f_raw_c_1_C_M_62,24,C:\Users\ASUS\Downloads\3D_Human_Pose_NCKH\paper_baselines\lin2021_yolov8_lstm_gru\data\paper_skeleton_csv\Fall\Fall_Fall_f_raw_c_1_C_M_62.csv,1,Fall,nose,0.13723394,-1.4723606,neck,0.06243092,-0.99804926,right_shoulder,-0.336453,-1.0160949,right_elbow,-0.43708727,-0.34331915,right_wrist,-0.42456338,0.08339552,left_shoulder,0.46131483,-0.9800036,left_elbow,0.48220354,-0.30810687,left_wrist,0.5213877,0.10596537,mid_hip,0.0,0.0,right_hip,-0.27035946,-0.0072882553,right_knee,-0.53766525,0.6094336,right_ankle,-0.67882425,1.4490731,left_hip,0.27035946,0.007287939,left_knee,0.53922087,0.5970469,left_ankle,0.11089682,1.4019731,0,0,0
Fall__Fall_f_raw_c_1_C_M_62,25,C:\Users\ASUS\Downloads\3D_Human_Pose_NCKH\paper_baselines\lin2021_yolov8_lstm_gru\data\paper_skeleton_csv\Fall\Fall_Fall_f_raw_c_1_C_M_62.csv,1,Fall,nose,0.14125893,-1.4709255,neck,0.067025565,-0.99775124,right_shoulder,-0.33400577,-1.0152222,right_elbow,-0.43949303,-0.34053585,right_wrist,-0.42564222,0.07871621,left_shoulder,0.46805626,-0.9802804,left_elbow,0.48310834,-0.3086049,left_wrist,0.5236808,0.12706158,mid_hip,0.0,0.0,right_hip,-0.26930857,-0.007478243,right_knee,-0.5414971,0.6006806,right_ankle,-0.67389977,1.4236257,left_hip,0.26930794,0.0074785575,left_knee,0.52489465,0.58996326,left_ankle,0.09187673,1.371968,0,0,0
Fall__Fall_f_raw_c_1_C_M_62,26,C:\Users\ASUS\Downloads\3D_Human_Pose_NCKH\paper_baselines\lin2021_yolov8_lstm_gru\data\paper_skeleton_csv\Fall\Fall_Fall_f_raw_c_1_C_M_62.csv,1,Fall,nose,0.14613646,-1.4645581,neck,0.06533935,-0.9978632,right_shoulder,-0.3375302,-1.0205144,right_elbow,-0.44163492,-0.3463707,right_wrist,-0.4339629,0.07861315,left_shoulder,0.46820888,-0.97521204,left_elbow,0.478309,-0.29526815,left_wrist,0.522826,0.13154933,mid_hip,0.0,0.0,right_hip,-0.26944855,-0.009046929,right_knee,-0.55412924,0.60307866,right_ankle,-0.6791003,1.4069086,left_hip,0.26944917,0.009046929,left_knee,0.5147726,0.58889776,left_ankle,0.068476275,1.3307167,0,0,0
Fall__Fall_f_raw_c_1_C_M_62,27,C:\Users\ASUS\Downloads\3D_Human_Pose_NCKH\paper_baselines\lin2021_yolov8_lstm_gru\data\paper_skeleton_csv\Fall\Fall_Fall_f_raw_c_1_C_M_62.csv,1,Fall,nose,0.15364437,-1.445593,neck,0.07857355,-0.99690837,right_shoulder,-0.32900852,-1.0213594,right_elbow,-0.43804368,-0.35476032,right_wrist,-0.43141833,0.0665206,left_shoulder,0.48615563,-0.9724573,left_elbow,0.4840997,-0.28286016,left_wrist,0.530836,0.1422421,mid_hip,0.0,0.0,right_hip,-0.2712672,-0.010619279,right_knee,-0.5534876,0.59376055,right_ankle,-0.6748385,1.3919709,left_hip,0.2712672,0.010618967,left_knee,0.5224187,0.5809396,left_ankle,0.0665774,1.3288473,0,0,0
Fall__Fall_f_raw_c_1_C_M_62,28,C:\Users\ASUS\Downloads\3D_Human_Pose_NCKH\paper_baselines\lin2021_yolov8_lstm_gru\data\paper_skeleton_csv\Fall\Fall_Fall_f_raw_c_1_C_M_62.csv,1,Fall,nose,0.15992083,-1.4452761,neck,0.084383935,-0.99643326,right_shoulder,-0.32774544,-1.0263054,right_elbow,-0.4418562,-0.3518899,right_wrist,-0.4408112,0.081534915,left_shoulder,0.49651268,-0.966561,left_elbow,0.5026975,-0.2742832,left_wrist,0.55085874,0.17426519,mid_hip,0.0,0.0,right_hip,-0.27337283,-0.013352444,right_knee,-0.5575797,0.6143449,right_ankle,-0.6870707,1.4089619,left_hip,0.27337345,0.013352444,left_knee,0.52466404,0.6171067,left_ankle,0.05906926,1.3314358,0,0,0
Fall__Fall_f_raw_c_1_C_M_62,29,C:\Users\ASUS\Downloads\3D_Human_Pose_NCKH\paper_baselines\lin2021_yolov8_lstm_gru\data\paper_skeleton_csv\Fall\Fall_Fall_f_raw_c_1_C_M_62.csv,1,Fall,nose,0.15619148,-1.4358406,neck,0.097959846,-0.9951904,right_shoulder,-0.31122774,-1.0264292,right_elbow,-0.43870828,-0.36124402,right_wrist,-0.4414277,0.06529065,left_shoulder,0.507148,-0.96395177,left_elbow,0.5087757,-0.27008107,left_wrist,0.55186975,0.16613108,mid_hip,0.0,0.0,right_hip,-0.26970038,-0.013744557,right_knee,-0.55312115,0.6221159,right_ankle,-0.6757344,1.3973999,left_hip,0.26970038,0.013744871,left_knee,0.50377905,0.6112017,left_ankle,0.046272725,1.2867087,0,0,0
Fall__Fall_f_raw_c_1_C_M_62,30,C:\Users\ASUS\Downloads\3D_Human_Pose_NCKH\paper_baselines\lin2021_yolov8_lstm_gru\data\paper_skeleton_csv\Fall\Fall_Fall_f_raw_c_1_C_M_62.csv,1,Fall,nose,0.1958033,-1.4227493,neck,0.10446305,-0.99452883,right_shoulder,-0.30989257,-1.0255252,right_elbow,-0.42356423,-0.3453231,right_wrist,-0.43352398,0.08926189,left_shoulder,0.5188186,-0.9635323,left_elbow,0.53605014,-0.2548287,left_wrist,0.5610841,0.20175509,mid_hip,0.0,0.0,right_hip,-0.27540234,-0.0132254455,right_knee,-0.5673419,0.65085924,right_ankle,-0.6452436,1.4090964,left_hip,0.27540234,0.0132254455,left_knee,0.520633,0.61052465,left_ankle,0.0574464,1.270471,0,0,0
Fall__Fall_f_raw_c_1_C_M_62,31,C:\Users\ASUS\Downloads\3D_Human_Pose_NCKH\paper_baselines\lin2021_yolov8_lstm_gru\data\paper_skeleton_csv\Fall\Fall_Fall_f_raw_c_1_C_M_62.csv,1,Fall,nose,0.21627654,-1.4303225,neck,0.115901545,-0.99326074,right_shoulder,-0.300573,-1.0282154,right_elbow,-0.42173204,-0.3482114,right_wrist,-0.42249206,0.081086315,left_shoulder,0.5323761,-0.9583061,left_elbow,0.5407141,-0.24376225,left_wrist,0.57400805,0.20080248,mid_hip,0.0,0.0,right_hip,-0.27660853,-0.016657718,right_knee,-0.56466913,0.6546394,right_ankle,-0.6437561,1.3967851,left_hip,0.27660915,0.0166574,left_knee,0.5032692,0.6327612,left_ankle,0.019687658,1.2750611,0,0,0
Fall__Fall_f_raw_c_1_C_M_62,32,C:\Users\ASUS\Downloads\3D_Human_Pose_NCKH\paper_baselines\lin2021_yolov8_lstm_gru\data\paper_skeleton_csv\Fall\Fall_Fall_f_raw_c_1_C_M_62.csv,1,Fall,nose,0.22249292,-1.3999944,neck,0.14019318,-0.99012417,right_shoulder,-0.274571,-1.0274043,right_elbow,-0.40130544,-0.37984598,right_wrist,-0.40606704,0.068290405,left_shoulder,0.554958,-0.95284384,left_elbow,0.5431426,-0.24393602,left_wrist,0.6044962,0.24303386,mid_hip,0.0,0.0,right_hip,-0.27740037,-0.016741076,right_knee,-0.56022996,0.6609175,right_ankle,-0.62361306,1.3810403,left_hip,0.27739978,0.016741076,left_knee,0.5170399,0.62068635,left_ankle,0.016494013,1.2295299,0,0,0
Fall__Fall_f_raw_c_1_C_M_62,33,C:\Users\ASUS\Downloads\3D_Human_Pose_NCKH\paper_baselines\lin2021_yolov8_lstm_gru\data\paper_skeleton_csv\Fall\Fall_Fall_f_raw_c_1_C_M_62.csv,1,Fall,nose,0.24591754,-1.3955762,neck,0.15473914,-0.98795533,right_shoulder,-0.26521423,-1.0352625,right_elbow,-0.40365046,-0.38443837,right_wrist,-0.40173185,0.09405097,left_shoulder,0.57469255,-0.94064826,left_elbow,0.5631612,-0.19786899,left_wrist,0.64297056,0.32890818,mid_hip,0.0,0.0,right_hip,-0.28085238,-0.021500053,right_knee,-0.56922644,0.65881485,right_ankle,-0.6414459,1.3976817,left_hip,0.280853,0.021500053,left_knee,0.533993,0.6339914,left_ankle,0.04026138,1.2703097,0,0,0
Fall__Fall_f_raw_c_1_C_M_62,34,C:\Users\ASUS\Downloads\3D_Human_Pose_NCKH\paper_baselines\lin2021_yolov8_lstm_gru\data\paper_skeleton_csv\Fall\Fall_Fall_f_raw_c_1_C_M_62.csv,1,Fall,nose,0.27416903,-1.414388,neck,0.16046849,-0.98704094,right_shoulder,-0.26794142,-1.0427351,right_elbow,-0.41761622,-0.40924883,right_wrist,-0.39687458,0.0710904,left_shoulder,0.588879,-0.9313468,left_elbow,0.5686997,-0.17168249,left_wrist,0.6675031,0.36653164,mid_hip,0.0,0.0,right_hip,-0.27954713,-0.024375841,right_knee,-0.59135073,0.62238693,right_ankle,-0.6678564,1.3664808,left_hip,0.27954775,0.024375841,left_knee,0.5218994,0.61139977,left_ankle,0.032284446,1.2530503,0,0,0
Fall__Fall_f_raw_c_1_C_M_62,35,C:\Users\ASUS\Downloads\3D_Human_Pose_NCKH\paper_baselines\lin2021_yolov8_lstm_gru\data\paper_skeleton_csv\Fall\Fall_Fall_f_raw_c_1_C_M_62.csv,1,Fall,nose,0.2816049,-1.3689796,neck,0.17380093,-0.9847807,right_shoulder,-0.24332784,-1.0455672,right_elbow,-0.3825736,-0.40787193,right_wrist,-0.3605676,0.06331187,left_shoulder,0.5909297,-0.9239941,left_elbow,0.58050776,-0.16050377,left_wrist,0.6887202,0.40086976,mid_hip,0.0,0.0,right_hip,-0.273378,-0.02740581,right_knee,-0.56797826,0.59031135,right_ankle,-0.63553655,1.3306452,left_hip,0.273378,0.02740581,left_knee,0.50570995,0.599313,left_ankle,0.047974516,1.2198254,0,0,0
Fall__Fall_f_raw_c_1_C_M_62,36,C:\Users\ASUS\Downloads\3D_Human_Pose_NCKH\paper_baselines\lin2021_yolov8_lstm_gru\data\paper_skeleton_csv\Fall\Fall_Fall_f_raw_c_1_C_M_62.csv,1,Fall,nose,0.32180023,-1.3425169,neck,0.18077509,-0.98352444,right_shoulder,-0.24074101,-1.0614077,right_elbow,-0.36181942,-0.42161283,right_wrist,-0.3368786,0.09318801,left_shoulder,0.6022918,-0.9056412,left_elbow,0.6068836,-0.10946436,left_wrist,0.73763776,0.50999403,mid_hip,0.0,0.0,right_hip,-0.27452713,-0.03410896,right_knee,-0.5630674,0.567231,right_ankle,-0.64000803,1.3206534,left_hip,0.27452713,0.03410927,left_knee,0.51043856,0.5913989,left_ankle,0.02926952,1.1966622,0,0,0
Fall__Fall_f_raw_c_1_C_M_62,37,C:\Users\ASUS\Downloads\3D_Human_Pose_NCKH\paper_baselines\lin2021_yolov8_lstm_gru\data\paper_skeleton_csv\Fall\Fall_Fall_f_raw_c_1_C_M_62.csv,1,Fall,nose,0.38874903,-1.3633525,neck,0.23520224,-0.9719464,right_shoulder,-0.19854823,-1.0566908,right_elbow,-0.33899736,-0.40660203,right_wrist,-0.3148632,0.13216366,left_shoulder,0.6689527,-0.887202,left_elbow,0.7097588,-0.048122637,left_wrist,0.81972784,0.6254676,mid_hip,0.0,0.0,right_hip,-0.286855,-0.039118674,right_knee,-0.5863353,0.60200554,right_ankle,-0.6500571,1.322911,left_hip,0.2868544,0.039118353,left_knee,0.50457954,0.61426723,left_ankle,0.053063072,1.2286323,0,0,0
Fall__Fall_f_raw_c_1_C_M_62,38,C:\Users\ASUS\Downloads\3D_Human_Pose_NCKH\paper_baselines\lin2021_yolov8_lstm_gru\data\paper_skeleton_csv\Fall\Fall_Fall_f_raw_c_1_C_M_62.csv,1,Fall,nose,0.3979138,-1.3044951,neck,0.25237873,-0.96762854,right_shoulder,-0.19509955,-1.0509553,right_elbow,-0.31392574,-0.38074252,right_wrist,-0.29386196,0.16968028,left_shoulder,0.69985765,-0.88430166,left_elbow,0.7574597,-0.017486062,left_wrist,0.88697565,0.663963,mid_hip,0.0,0.0,right_hip,-0.294868,-0.034025002,right_knee,-0.54665834,0.590622,right_ankle,-0.6712782,1.2921162,left_hip,0.29486737,0.034025002,left_knee,0.5257936,0.6042407,left_ankle,0.037046503,1.1399406,0,0,0
Fall__Fall_f_raw_c_1_C_M_62,39,C:\Users\ASUS\Downloads\3D_Human_Pose_NCKH\paper_baselines\lin2021_yolov8_lstm_gru\data\paper_skeleton_csv\Fall\Fall_Fall_f_raw_c_1_C_M_62.csv,1,Fall,nose,0.45839924,-1.2835169,neck,0.28968358,-0.9571225,right_shoulder,-0.17740081,-1.0483855,right_elbow,-0.30570406,-0.33715788,right_wrist,-0.24887888,0.23639552,left_shoulder,0.7567686,-0.86585945,left_elbow,0.836319,0.058819488,left_wrist,0.97807366,0.8038969,mid_hip,0.0,0.0,right_hip,-0.3047167,-0.0363848,right_knee,-0.5476044,0.597196,right_ankle,-0.6812632,1.3166596,left_hip,0.3047167,0.036385115,left_knee,0.55828136,0.6044105,left_ankle,0.070197955,1.1523442,0,0,0
Fall__Fall_f_raw_c_1_C_M_62,40,C:\Users\ASUS\Downloads\3D_Human_Pose_NCKH\paper_baselines\lin2021_yolov8_lstm_gru\data\paper_skeleton_csv\Fall\Fall_Fall_f_raw_c_1_C_M_62.csv,1,Fall,nose,0.52222484,-1.2296306,neck,0.35484937,-0.93492347,right_shoulder,-0.115588486,-1.0359241,right_elbow,-0.28280517,-0.27058667,right_wrist,-0.18826152,0.36605194,left_shoulder,0.8252872,-0.8339229,left_elbow,0.8986588,0.14705537,left_wrist,1.1039971,0.9751904,mid_hip,0.0,0.0,right_hip,-0.30708846,-0.042706594,right_knee,-0.55490386,0.6237532,right_ankle,-0.70318884,1.3539189,left_hip,0.30708912,0.042706594,left_knee,0.5709587,0.6571605,left_ankle,0.12068894,1.20772,0,0,0
Fall__Fall_f_raw_c_1_C_M_62,41,C:\Users\ASUS\Downloads\3D_Human_Pose_NCKH\paper_baselines\lin2021_yolov8_lstm_gru\data\paper_skeleton_csv\Fall\Fall_Fall_f_raw_c_1_C_M_62.csv,1,Fall,nose,0.6096015,-1.2368894,neck,0.39690027,-0.91786176,right_shoulder,-0.10929739,-1.0150841,right_elbow,-0.29219574,-0.19155884,right_wrist,-0.13975875,0.4910122,left_shoulder,0.9030979,-0.8206393,left_elbow,0.9976008,0.21156518,left_wrist,1.2425612,1.0943495,mid_hip,0.0,0.0,right_hip,-0.3320998,-0.03797162,right_knee,-0.633065,0.7113374,right_ankle,-0.7553705,1.450788,left_hip,0.3320998,0.03797162,left_knee,0.55547833,0.6623093,left_ankle,0.15234119,1.2450193,0,0,0
Fall__Fall_f_raw_c_1_C_M_62,42,C:\Users\ASUS\Downloads\3D_Human_Pose_NCKH\paper_baselines\lin2021_yolov8_lstm_gru\data\paper_skeleton_csv\Fall\Fall_Fall_f_raw_c_1_C_M_62.csv,1,Fall,nose,0.67378277,-1.1259017,neck,0.4585387,-0.88867444,right_shoulder,-0.058661357,-1.001995,right_elbow,-0.27226314,-0.13009216,right_wrist,-0.116106674,0.5742016,left_shoulder,0.9757381,-0.77535397,left_elbow,1.068918,0.29443246,left_wrist,1.3815547,1.2282872,mid_hip,0.0,0.0,right_hip,-0.33824772,-0.049070615,right_knee,-0.6516957,0.69132906,right_ankle,-0.7448447,1.478372,left_hip,0.33824772,0.04907095,left_knee,0.52873594,0.7018185,left_ankle,0.14142974,1.2966344,0,0,0
Fall__Fall_f_raw_c_1_C_M_62,43,C:\Users\ASUS\Downloads\3D_Human_Pose_NCKH\paper_baselines\lin2021_yolov8_lstm_gru\data\paper_skeleton_csv\Fall\Fall_Fall_f_raw_c_1_C_M_62.csv,1,Fall,nose,0.74637836,-1.0605959,neck,0.479437,-0.8775763,right_shoulder,-0.054269873,-0.9949482,right_elbow,-0.24975118,-0.027698,right_wrist,-0.04826428,0.73461944,left_shoulder,1.0131439,-0.76020455,left_elbow,1.1255057,0.33530706,left_wrist,1.4357929,1.2709945,mid_hip,0.0,0.0,right_hip,-0.34224933,-0.056482457,right_knee,-0.6668198,0.61908287,right_ankle,-0.7317056,1.3891001,left_hip,0.34224933,0.05648213,left_knee,0.4833239,0.6917299,left_ankle,-0.036980484,1.259183,0,0,0
Fall__Fall_f_raw_c_1_C_M_62,44,C:\Users\ASUS\Downloads\3D_Human_Pose_NCKH\paper_baselines\lin2021_yolov8_lstm_gru\data\paper_skeleton_csv\Fall\Fall_Fall_f_raw_c_1_C_M_62.csv,1,Fall,nose,0.913981,-1.0299337,neck,0.53244483,-0.84646475,right_shoulder,-0.0038098681,-0.9570962,right_elbow,-0.29021055,0.08348362,right_wrist,-0.0941875,1.0093563,left_shoulder,1.0686988,-0.7358332,left_elbow,1.2379366,0.40158212,left_wrist,1.581782,1.3940924,mid_hip,0.0,0.0,right_hip,-0.35326844,-0.059979755,right_knee,-0.7455206,0.6293685,right_ankle,-0.7996751,1.450018,left_hip,0.35326844,0.059979755,left_knee,0.38900658,0.7481608,left_ankle,-0.12905972,1.4851257,0,0,0
Fall__Fall_f_raw_c_1_C_M_62,45,C:\Users\ASUS\Downloads\3D_Human_Pose_NCKH\paper_baselines\lin2021_yolov8_lstm_gru\data\paper_skeleton_csv\Fall\Fall_Fall_f_raw_c_1_C_M_62.csv,1,Fall,nose,1.1850994,-1.017379,neck,0.6217724,-0.78319794,right_shoulder,0.08616029,-0.87857175,right_elbow,-0.1769381,0.2837148,right_wrist,0.09581007,1.3032849,left_shoulder,1.1573838,-0.68782413,left_elbow,1.3129065,0.4912778,left_wrist,1.741207,1.6566563,mid_hip,0.0,0.0,right_hip,-0.36166012,-0.055664103,right_knee,-0.8901145,0.7698298,right_ankle,-0.9042512,1.3938643,left_hip,0.36165938,0.055664103,left_knee,0.5263229,0.88679975,left_ankle,0.041339666,1.4703016,0,0,0
Fall__Fall_f_raw_c_1_C_M_62,46,C:\Users\ASUS\Downloads\3D_Human_Pose_NCKH\paper_baselines\lin2021_yolov8_lstm_gru\data\paper_skeleton_csv\Fall\Fall_Fall_f_raw_c_1_C_M_62.csv,1,Fall,nose,0.9353435,-0.77995265,neck,0.68878907,-0.7249618,right_shoulder,0.07219964,-0.83907616,right_elbow,-0.23726816,0.4837565,right_wrist,-0.007704924,1.4641854,left_shoulder,1.3053784,-0.6108475,left_elbow,1.3625773,0.6938791,left_wrist,1.7443323,1.8607829,mid_hip,0.0,0.0,right_hip,-0.4218133,-0.07089476,right_knee,-0.9862052,0.7965962,right_ankle,-1.0889204,1.6023695,left_hip,0.4218133,0.07089437,left_knee,0.45190957,1.0095065,left_ankle,-0.03471126,1.4888955,0,0,0
Fall__Fall_f_raw_c_1_C_M_62,47,C:\Users\ASUS\Downloads\3D_Human_Pose_NCKH\paper_baselines\lin2021_yolov8_lstm_gru\data\paper_skeleton_csv\Fall\Fall_Fall_f_raw_c_1_C_M_62.csv,1,Fall,nose,1.5959556,-0.8621654,neck,0.82596874,-0.563716,right_shoulder,0.25571883,-0.66516125,right_elbow,-0.0024286683,0.7516596,right_wrist,0.32897827,1.9532207,left_shoulder,1.3962187,-0.46227098,left_elbow,1.558585,0.91605896,left_wrist,1.9415739,2.1358898,mid_hip,0.0,0.0,right_hip,-0.40766922,-0.06133958,right_knee,-1.0885862,0.83676165,right_ankle,-1.0943873,1.632496,left_hip,0.40766922,0.06133998,left_knee,0.65646845,0.9824463,left_ankle,0.05581106,1.688146,0,0,0
Fall__Fall_f_raw_c_1_C_M_62,48,C:\Users\ASUS\Downloads\3D_Human_Pose_NCKH\paper_baselines\lin2021_yolov8_lstm_gru\data\paper_skeleton_csv\Fall\Fall_Fall_f_raw_c_1_C_M_62.csv,1,Fall,nose,1.732004,-0.68143475,neck,0.89921474,-0.43750748,right_shoulder,0.3507217,-0.53339136,right_elbow,0.11664475,0.83328724,right_wrist,0.5934819,2.1066844,left_shoulder,1.4477069,-0.34162402,left_elbow,1.611656,0.93488836,left_wrist,1.8450314,2.0416574,mid_hip,0.0,0.0,right_hip,-0.39376023,-0.053974375,right_knee,-0.95466375,0.8231007,right_ankle,-0.98116934,1.5900401,left_hip,0.39376023,0.053974774,left_knee,0.68356776,0.8989284,left_ankle,0.19177252,1.5834299,0,0,0
Fall__Fall_f_raw_c_1_C_M_62,49,C:\Users\ASUS\Downloads\3D_Human_Pose_NCKH\paper_baselines\lin2021_yolov8_lstm_gru\data\paper_skeleton_csv\Fall\Fall_Fall_f_raw_c_1_C_M_62.csv,1,Fall,nose,1.8420725,-0.22797419,neck,0.9587164,-0.28436422,right_shoulder,0.47484404,-0.33186027,right_elbow,0.18673217,1.1528686,right_wrist,0.7119225,2.3760073,left_shoulder,1.4425887,-0.23686779,left_elbow,1.4790771,1.1538268,left_wrist,1.6374063,2.14543,mid_hip,0.0,0.0,right_hip,-0.3578283,-0.017011628,right_knee,-0.91762227,0.91300446,right_ankle,-0.99798393,1.5829424,left_hip,0.3578283,0.017011628,left_knee,0.73852843,0.7171048,left_ankle,0.48494297,1.4695948,0,0,0
Fall__Fall_f_raw_c_1_C_M_62,50,C:\Users\ASUS\Downloads\3D_Human_Pose_NCKH\paper_baselines\lin2021_yolov8_lstm_gru\data\paper_skeleton_csv\Fall\Fall_Fall_f_raw_c_1_C_M_62.csv,1,Fall,nose,1.8645128,0.15146688,neck,0.99969685,0.024620129,right_shoulder,0.5229495,-0.0035147737,right_elbow,0.22698532,1.4902165,right_wrist,0.65503937,2.6037803,left_shoulder,1.4764434,0.05275503,left_elbow,1.328513,1.4008411,left_wrist,1.4609743,2.3602633,mid_hip,0.0,0.0,right_hip,-0.3695401,-0.027587155,right_knee,-1.0794598,1.0044842,right_ankle,-1.0733085,1.7881312,left_hip,0.3695401,0.027587535,left_knee,0.57870424,1.0013264,left_ankle,0.47995406,2.0903003,0,0,0
Fall__Fall_f_raw_c_1_C_M_62,51,C:\Users\ASUS\Downloads\3D_Human_Pose_NCKH\paper_baselines\lin2021_yolov8_lstm_gru\data\paper_skeleton_csv\Fall\Fall_Fall_f_raw_c_1_C_M_62.csv,1,Fall,nose,1.5054717,0.4217818,neck,0.9857713,0.1680922,right_shoulder,0.5987493,0.19277172,right_elbow,0.31355277,1.6034014,right_wrist,0.7889295,2.616006,left_shoulder,1.3727939,0.14341302,left_elbow,1.1890444,1.2109646,left_wrist,1.3511236,2.0447147,mid_hip,0.0,0.0,right_hip,-0.29777086,-0.017683886,right_knee,-0.9854111,0.9022783,right_ankle,-0.9919129,1.5639477,left_hip,0.29777086,0.017683547,left_knee,0.3727714,1.0018111,left_ankle,0.34277824,1.8253115,0,0,0
Fall__Fall_f_raw_c_1_C_M_62,52,C:\Users\ASUS\Downloads\3D_Human_Pose_NCKH\paper_baselines\lin2021_yolov8_lstm_gru\data\paper_skeleton_csv\Fall\Fall_Fall_f_raw_c_1_C_M_62.csv,1,Fall,nose,1.61421,0.40764818,neck,0.9979355,0.06422359,right_shoulder,0.63949704,0.090568446,right_elbow,0.44299957,1.4770463,right_wrist,0.8474599,2.3708897,left_shoulder,1.3563746,0.037878726,left_elbow,1.0787051,0.98133665,left_wrist,1.2619525,1.8732821,mid_hip,0.0,0.0,right_hip,-0.2723273,-0.023211516,right_knee,-0.9722345,0.9356657,right_ankle,-1.0704845,1.2661515,left_hip,0.2723273,0.023211516,left_knee,0.26226315,1.0695554,left_ankle,-0.06343195,1.5101047,0,0,0
Fall__Fall_f_raw_c_1_C_M_62,53,C:\Users\ASUS\Downloads\3D_Human_Pose_NCKH\paper_baselines\lin2021_yolov8_lstm_gru\data\paper_skeleton_csv\Fall\Fall_Fall_f_raw_c_1_C_M_62.csv,1,Fall,nose,1.7775583,0.45462033,neck,0.99532384,0.096593745,right_shoulder,0.66973966,0.19830129,right_elbow,0.46914497,1.4195093,right_wrist,0.6996255,2.1138904,left_shoulder,1.320908,-0.0051138056,left_elbow,1.0093066,0.71710914,left_wrist,1.0535302,1.5444965,mid_hip,0.0,0.0,right_hip,-0.26405382,0.016827654,right_knee,-0.9574775,0.92359704,right_ankle,-0.9977436,1.0644932,left_hip,0.26405382,-0.016827654,left_knee,0.31176072,0.8700116,left_ankle,-0.14293507,1.2694688,0,0,0
Fall__Fall_f_raw_c_1_C_M_62,54,C:\Users\ASUS\Downloads\3D_Human_Pose_NCKH\paper_baselines\lin2021_yolov8_lstm_gru\data\paper_skeleton_csv\Fall\Fall_Fall_f_raw_c_1_C_M_62.csv,1,Fall,nose,1.6569979,0.51349056,neck,0.9965326,0.083203174,right_shoulder,0.70831645,0.14990142,right_elbow,0.4015537,1.2974688,right_wrist,0.6636931,2.0331182,left_shoulder,1.2847488,0.016504657,left_elbow,0.9016634,0.6871923,left_wrist,1.0009407,1.4653814,mid_hip,0.0,0.0,right_hip,-0.23324576,-0.002444192,right_knee,-1.012803,0.7666181,right_ankle,-1.0060343,1.0022748,left_hip,0.23324576,0.0024439127,left_knee,0.15399054,0.8068434,left_ankle,-0.21034925,1.1593966,0,0,0
Fall__Fall_f_raw_c_1_C_M_62,55,C:\Users\ASUS\Downloads\3D_Human_Pose_NCKH\paper_baselines\lin2021_yolov8_lstm_gru\data\paper_skeleton_csv\Fall\Fall_Fall_f_raw_c_1_C_M_62.csv,1,Fall,nose,1.8121336,0.5077792,neck,0.99427867,0.10681741,right_shoulder,0.7108506,0.15476646,right_elbow,0.34857583,1.2257141,right_wrist,0.6598904,2.0247223,left_shoulder,1.2777067,0.058868643,left_elbow,0.8602497,0.50861174,left_wrist,0.91315496,1.1985444,mid_hip,0.0,0.0,right_hip,-0.23135842,-0.01320275,right_knee,-1.0396464,0.69346446,right_ankle,-0.98573065,0.8251606,left_hip,0.23135898,0.01320275,left_knee,0.08121628,0.8435285,left_ankle,-0.22445428,1.0903068,0,0,0
Fall__Fall_f_raw_c_1_C_M_62,56,C:\Users\ASUS\Downloads\3D_Human_Pose_NCKH\paper_baselines\lin2021_yolov8_lstm_gru\data\paper_skeleton_csv\Fall\Fall_Fall_f_raw_c_1_C_M_62.csv,1,Fall,nose,1.6363777,0.4452713,neck,0.99881834,0.04859987,right_shoulder,0.73399043,0.09018202,right_elbow,0.4064018,1.0423613,right_wrist,0.6777556,1.7467798,left_shoulder,1.2636462,0.0070174625,left_elbow,0.95228183,0.4203318,left_wrist,0.94210327,1.0580739,mid_hip,0.0,0.0,right_hip,-0.20726095,-0.009251678,right_knee,-0.880735,0.5600716,right_ankle,-0.8728152,0.7880285,left_hip,0.20726095,0.009251936,left_knee,0.086438596,0.64747274,left_ankle,-0.23846708,0.77391243,0,0,0
Fall__Fall_f_raw_c_1_C_M_62,57,C:\Users\ASUS\Downloads\3D_Human_Pose_NCKH\paper_baselines\lin2021_yolov8_lstm_gru\data\paper_skeleton_csv\Fall\Fall_Fall_f_raw_c_1_C_M_62.csv,1,Fall,nose,1.370649,0.29475865,neck,0.9946657,0.10315076,right_shoulder,0.73391616,0.16749881,right_elbow,0.32881808,1.1461629,right_wrist,0.7189675,1.8235091,left_shoulder,1.2554147,0.03880299,left_elbow,0.8985277,0.5193301,left_wrist,0.98605305,1.1182086,mid_hip,0.0,0.0,right_hip,-0.19940837,-0.0038408698,right_knee,-0.9484012,0.5562754,right_ankle,-0.87676626,0.82004607,left_hip,0.19940892,0.0038408698,left_knee,-0.0699133,0.6437281,left_ankle,-0.32807764,0.75405574,0,0,0
Fall__Fall_f_raw_c_1_C_M_62,58,C:\Users\ASUS\Downloads\3D_Human_Pose_NCKH\paper_baselines\lin2021_yolov8_lstm_gru\data\paper_skeleton_csv\Fall\Fall_Fall_f_raw_c_1_C_M_62.csv,1,Fall,nose,1.4125884,0.4449353,neck,0.99598974,0.08946751,right_shoulder,0.70286155,0.24543582,right_elbow,0.2169029,1.0946686,right_wrist,0.60670936,1.7815057,left_shoulder,1.2891178,-0.06650053,left_elbow,1.2148592,-0.049498502,left_wrist,1.6795712,0.5102965,mid_hip,0.0,0.0,right_hip,-0.20616253,0.031700075,right_knee,-0.98489684,0.6728526,right_ankle,-0.81101686,0.69184107,left_hip,0.20616199,-0.031699806,left_knee,-0.07980502,0.6857981,left_ankle,-0.32340235,0.71458554,0,0,0
Fall__Fall_f_raw_c_1_C_M_62,59,C:\Users\ASUS\Downloads\3D_Human_Pose_NCKH\paper_baselines\lin2021_yolov8_lstm_gru\data\paper_skeleton_csv\Fall\Fall_Fall_f_raw_c_1_C_M_62.csv,1,Fall,nose,1.6177292,0.53170985,neck,0.99738264,0.07230423,right_shoulder,0.69824785,0.18099977,right_elbow,0.12662905,1.117073,right_wrist,0.50184554,1.7765441,left_shoulder,1.2965174,-0.036391325,left_elbow,0.8031424,0.40164348,left_wrist,0.8462558,1.0627749,mid_hip,0.0,0.0,right_hip,-0.20431183,0.02120504,right_knee,-1.0833237,0.8053272,right_ankle,-0.85316944,0.5376506,left_hip,0.20431183,-0.02120504,left_knee,-0.26948327,0.6276411,left_ankle,-0.62520653,0.45134297,0,0,0
Fall__Fall_f_raw_c_1_C_M_62,61,C:\Users\ASUS\Downloads\3D_Human_Pose_NCKH\paper_baselines\lin2021_yolov8_lstm_gru\data\paper_skeleton_csv\Fall\Fall_Fall_f_raw_c_1_C_M_62.csv,1,Fall,nose,1.5824775,0.67497754,neck,0.9700332,0.24297236,right_shoulder,0.68476903,0.31296703,right_elbow,0.008589756,0.948926,right_wrist,0.4220054,1.5518085,left_shoulder,1.2552974,0.1729774,left_elbow,0.8522307,0.44090873,left_wrist,0.9350898,0.9928923,mid_hip,0.0,0.0,right_hip,-0.19759081,0.010325175,right_knee,-0.8949816,0.7681864,right_ankle,-0.9650701,0.5336113,left_hip,0.19759135,-0.010324905,left_knee,-0.23360762,0.6579698,left_ankle,-0.6521066,0.4959084,0,0,0
Fall__Fall_f_raw_c_1_C_M_62,62,C:\Users\ASUS\Downloads\3D_Human_Pose_NCKH\paper_baselines\lin2021_yolov8_lstm_gru\data\paper_skeleton_csv\Fall\Fall_Fall_f_raw_c_1_C_M_62.csv,1,Fall,nose,1.3289878,0.89492506,neck,0.92248493,0.38603297,right_shoulder,0.49984902,0.47129083,right_elbow,-0.41949156,1.4940523,right_wrist,0.12548392,2.3084686,left_shoulder,1.3451208,0.3007751,left_elbow,0.9560785,0.9167585,left_wrist,0.9812767,1.6479974,mid_hip,0.0,0.0,right_hip,-0.30927613,0.036042668,right_knee,-0.48317522,1.3863453,right_ankle,-0.5669874,1.6092061,left_hip,0.30927536,-0.036043055,left_knee,0.5696498,1.2531871,left_ankle,0.83170354,1.4448591,0,0,0
Fall__Fall_f_raw_c_1_C_M_62,63,C:\Users\ASUS\Downloads\3D_Human_Pose_NCKH\paper_baselines\lin2021_yolov8_lstm_gru\data\paper_skeleton_csv\Fall\Fall_Fall_f_raw_c_1_C_M_62.csv,1,Fall,nose,1.5460914,0.47937775,neck,0.9521565,-0.30561092,right_shoulder,0.26274505,-0.2194119,right_elbow,-0.9829132,1.0967389,right_wrist,0.020749927,2.276106,left_shoulder,1.641568,-0.39180997,left_elbow,1.3927529,0.19827268,left_wrist,1.4916059,0.8458167,mid_hip,0.0,0.0,right_hip,-0.48527992,0.04940858,right_knee,-0.5404239,1.5538037,right_ankle,-0.6697769,1.6045154,left_hip,0.48528102,-0.04940804,left_knee,0.8731602,1.4232931,left_ankle,1.0196776,1.4563271,0,0,0
Fall__Fall_f_raw_c_1_C_M_62,64,C:\Users\ASUS\Downloads\3D_Human_Pose_NCKH\paper_baselines\lin2021_yolov8_lstm_gru\data\paper_skeleton_csv\Fall\Fall_Fall_f_raw_c_1_C_M_62.csv,1,Fall,nose,1.2580863,0.5363487,neck,0.88814837,-0.45955673,right_shoulder,0.082808174,-0.22578968,right_elbow,-1.5337565,1.4510311,right_wrist,-0.3200313,3.0490212,left_shoulder,1.6934901,-0.69332373,left_elbow,1.6985388,-0.29868695,left_wrist,1.9021412,0.32520306,mid_hip,0.0,0.0,right_hip,-0.5583823,0.10246288,right_knee,-0.91058105,1.8122479,right_ankle,-1.2444291,1.7628441,left_hip,0.5583823,-0.102463625,left_knee,0.7615744,1.5631788,left_ankle,1.0682573,1.5333096,0,0,0
Fall__Fall_f_raw_c_1_C_M_62,65,C:\Users\ASUS\Downloads\3D_Human_Pose_NCKH\paper_baselines\lin2021_yolov8_lstm_gru\data\paper_skeleton_csv\Fall\Fall_Fall_f_raw_c_1_C_M_62.csv,1,Fall,nose,0.9553614,-0.2861183,neck,0.6100956,-0.79232776,right_shoulder,0.16242962,-0.7523473,right_elbow,-0.93150187,0.21347955,right_wrist,-0.21427111,1.1631138,left_shoulder,1.0577625,-0.8323082,left_elbow,0.8323027,-0.3835401,left_wrist,1.0225039,-0.11932367,mid_hip,0.0,0.0,right_hip,-0.32849124,0.022566173,right_knee,-0.6802473,0.7080273,right_ankle,-0.9241946,0.6737668,left_hip,0.32849038,-0.022566173,left_knee,0.53820896,0.66343415,left_ankle,0.74349046,0.6185334,0,0,0
Fall__Fall_f_raw_c_1_C_M_62,66,C:\Users\ASUS\Downloads\3D_Human_Pose_NCKH\paper_baselines\lin2021_yolov8_lstm_gru\data\paper_skeleton_csv\Fall\Fall_Fall_f_raw_c_1_C_M_62.csv,1,Fall,nose,1.2471361,0.3267971,neck,0.8770881,-0.48032957,right_shoulder,0.13517107,-0.38164368,right_elbow,-1.0805745,0.6757225,right_wrist,-0.09886713,1.7698848,left_shoulder,1.6190052,-0.57901543,left_elbow,1.4627061,-0.2959657,left_wrist,1.3948193,0.22555833,mid_hip,0.0,0.0,right_hip,-0.51981467,0.03290114,right_knee,-0.59590614,1.2531923,right_ankle,-0.77893,1.2176793,left_hip,0.51981574,-0.032900613,left_knee,0.92928135,1.2635612,left_ankle,1.0214088,1.273253,0,0,0
Fall__Fall_f_raw_c_1_C_M_62,67,C:\Users\ASUS\Downloads\3D_Human_Pose_NCKH\paper_baselines\lin2021_yolov8_lstm_gru\data\paper_skeleton_csv\Fall\Fall_Fall_f_raw_c_1_C_M_62.csv,1,Fall,nose,1.1983377,0.88416016,neck,0.90387994,0.42778623,right_shoulder,0.54426765,0.3962682,right_elbow,-0.29853836,0.8722038,right_wrist,0.27482656,1.473562,left_shoulder,1.2634922,0.45930457,left_elbow,1.128966,0.81877726,left_wrist,1.4688675,1.2486358,mid_hip,0.0,0.0,right_hip,-0.21520202,-0.038043816,right_knee,-1.0382329,0.42742592,right_ankle,-1.5183078,0.5033886,left_hip,0.2152026,0.038043816,left_knee,-0.5033734,0.3998141,left_ankle,-1.0739653,0.2645872,0,0,0
Fall__Fall_f_raw_c_1_C_M_62,68,C:\Users\ASUS\Downloads\3D_Human_Pose_NCKH\paper_baselines\lin2021_yolov8_lstm_gru\data\paper_skeleton_csv\Fall\Fall_Fall_f_raw_c_1_C_M_62.csv,1,Fall,nose,1.0351659,0.8553159,neck,0.8821665,0.4709377,right_shoulder,0.58453196,0.38426024,right_elbow,-0.30913684,0.80299234,right_wrist,0.17503248,1.3921175,left_shoulder,1.179801,0.55761516,left_elbow,0.7340974,0.95050985,left_wrist,0.59917116,1.2358595,mid_hip,0.0,0.0,right_hip,-0.17561148,-0.06844797,right_knee,-1.081069,0.41670734,right_ankle,-1.5117288,0.5041741,left_hip,0.17561206,0.06844768,left_knee,-0.75070333,0.46991172,left_ankle,-1.2323841,0.2504811,0,0,0
Fall__Fall_f_raw_c_1_C_M_62,69,C:\Users\ASUS\Downloads\3D_Human_Pose_NCKH\paper_baselines\lin2021_yolov8_lstm_gru\data\paper_skeleton_csv\Fall\Fall_Fall_f_raw_c_1_C_M_62.csv,1,Fall,nose,1.2244593,0.78709525,neck,0.9342036,0.3567402,right_shoulder,0.70374364,0.3078626,right_elbow,-0.07845641,0.6486948,right_wrist,0.37508094,1.2473842,left_shoulder,1.1646637,0.4056178,left_elbow,0.7608535,0.62190247,left_wrist,1.0947534,1.0221407,mid_hip,0.0,0.0,right_hip,-0.15008228,-0.050157797,right_knee,-0.8877796,0.33728454,right_ankle,-1.3052471,0.24733819,left_hip,0.15008175,0.050157536,left_knee,-0.48715362,0.42489895,left_ankle,-0.96689713,0.1779316,0,0,0
Fall__Fall_f_raw_c_1_C_M_62,70,C:\Users\ASUS\Downloads\3D_Human_Pose_NCKH\paper_baselines\lin2021_yolov8_lstm_gru\data\paper_skeleton_csv\Fall\Fall_Fall_f_raw_c_1_C_M_62.csv,1,Fall,nose,1.2296394,0.79157174,neck,0.9266336,0.37596563,right_shoulder,0.6592493,0.38188982,right_elbow,-0.01057147,0.67381626,right_wrist,0.3893917,1.1870939,left_shoulder,1.1940179,0.37004167,left_elbow,1.1258806,0.35338005,left_wrist,1.150013,0.5902695,mid_hip,0.0,0.0,right_hip,-0.16295554,-0.030410578,right_knee,-0.81155396,0.40968695,right_ankle,-1.293702,0.25517198,left_hip,0.16295554,0.03041083,left_knee,-0.4950868,0.39831987,left_ankle,-0.9605578,0.1344113,0,0,0
Fall__Fall_f_raw_c_1_C_M_62,71,C:\Users\ASUS\Downloads\3D_Human_Pose_NCKH\paper_baselines\lin2021_yolov8_lstm_gru\data\paper_skeleton_csv\Fall\Fall_Fall_f_raw_c_1_C_M_62.csv,1,Fall,nose,1.2065629,0.70014435,neck,0.9307969,0.36553672,right_shoulder,0.6862061,0.30389664,right_elbow,-0.06062126,0.57136357,right_wrist,0.3405171,1.1382701,left_shoulder,1.1753877,0.42717677,left_elbow,0.895693,0.6346145,left_wrist,1.2192652,0.8987589,mid_hip,0.0,0.0,right_hip,-0.1537571,-0.05304167,right_knee,-0.84281164,0.34905168,right_ankle,-1.2979167,0.1520246,left_hip,0.15375757,0.053041913,left_knee,-0.49124247,0.38484627,left_ankle,-0.9255419,0.05636522,0,0,0
Fall__Fall_f_raw_c_1_C_M_62,72,C:\Users\ASUS\Downloads\3D_Human_Pose_NCKH\paper_baselines\lin2021_yolov8_lstm_gru\data\paper_skeleton_csv\Fall\Fall_Fall_f_raw_c_1_C_M_62.csv,1,Fall,nose,1.1517475,0.82433087,neck,0.887283,0.4612254,right_shoulder,0.6968636,0.41657645,right_elbow,-0.006411191,0.5959036,right_wrist,0.32641858,1.0622215,left_shoulder,1.0777029,0.50587434,left_elbow,0.83616656,0.5561866,left_wrist,1.029434,0.6548519,mid_hip,0.0,0.0,right_hip,-0.11490449,-0.041787338,right_knee,-0.6932921,0.389394,right_ankle,-1.1433568,0.25558305,left_hip,0.11490449,0.041787338,left_knee,-0.46643937,0.37242994,left_ankle,-0.8891012,0.08944269,0,0,0
Fall__Fall_f_raw_c_1_C_M_62,73,C:\Users\ASUS\Downloads\3D_Human_Pose_NCKH\paper_baselines\lin2021_yolov8_lstm_gru\data\paper_skeleton_csv\Fall\Fall_Fall_f_raw_c_1_C_M_62.csv,1,Fall,nose,1.1368686,0.78320485,neck,0.8854745,0.4646879,right_shoulder,0.7336723,0.39929014,right_elbow,0.034890365,0.54335463,right_wrist,0.33856636,0.9785268,left_shoulder,1.0372771,0.5300857,left_elbow,0.7134922,0.5920054,left_wrist,0.95817953,0.6255139,mid_hip,0.0,0.0,right_hip,-0.090626284,-0.050353363,right_knee,-0.6313603,0.34231865,right_ankle,-1.0953455,0.23487297,left_hip,0.090626694,0.050353162,left_knee,-0.43517622,0.3607211,left_ankle,-0.88665897,0.07199032,0,0,0
Fall__Fall_f_raw_c_1_C_M_62,74,C:\Users\ASUS\Downloads\3D_Human_Pose_NCKH\paper_baselines\lin2021_yolov8_lstm_gru\data\paper_skeleton_csv\Fall\Fall_Fall_f_raw_c_1_C_M_62.csv,1,Fall,nose,1.153861,0.72534436,neck,0.9034049,0.42878845,right_shoulder,0.7320747,0.38018364,right_elbow,0.07327766,0.48498067,right_wrist,0.373252,0.9327915,left_shoulder,1.0747347,0.47739348,left_elbow,0.8829831,0.44905034,left_wrist,1.0972612,0.56065464,mid_hip,0.0,0.0,right_hip,-0.10146566,-0.046364494,right_knee,-0.6203764,0.2781848,right_ankle,-1.0749333,0.17003308,left_hip,0.10146566,0.046364296,left_knee,-0.42155936,0.29618144,left_ankle,-0.8647581,0.032975025,0,0,0
Fall__Fall_f_raw_c_1_C_M_62,75,C:\Users\ASUS\Downloads\3D_Human_Pose_NCKH\paper_baselines\lin2021_yolov8_lstm_gru\data\paper_skeleton_csv\Fall\Fall_Fall_f_raw_c_1_C_M_62.csv,1,Fall,nose,1.0496135,0.78829604,neck,0.8626869,0.50573844,right_shoulder,0.6543408,0.47786832,right_elbow,-0.03428365,0.4912931,right_wrist,0.31365624,0.9364229,left_shoulder,1.0710329,0.53360856,left_elbow,0.90385133,0.39911705,left_wrist,1.1955256,0.593134,mid_hip,0.0,0.0,right_hip,-0.119043596,-0.040662598,right_knee,-0.7085839,0.25030175,right_ankle,-1.2153248,0.16483244,left_hip,0.119044006,0.040662598,left_knee,-0.45736432,0.26105228,left_ankle,-1.0653584,0.00764054,0,0,0
Fall__Fall_f_raw_c_1_C_M_62,76,C:\Users\ASUS\Downloads\3D_Human_Pose_NCKH\paper_baselines\lin2021_yolov8_lstm_gru\data\paper_skeleton_csv\Fall\Fall_Fall_f_raw_c_1_C_M_62.csv,1,Fall,nose,1.157247,0.8575909,neck,0.8528201,0.52220494,right_shoulder,0.65099823,0.5313462,right_elbow,-0.055066586,0.5272235,right_wrist,0.27580157,0.99208313,left_shoulder,1.054642,0.5130636,left_elbow,0.93914986,0.24579912,left_wrist,1.1898928,0.51538587,mid_hip,0.0,0.0,right_hip,-0.11007234,-0.023447035,right_knee,-0.674402,0.25857964,right_ankle,-1.3316696,0.19808686,left_hip,0.11007191,0.023447035,left_knee,-0.49957028,0.21886085,left_ankle,-1.2521334,0.020936122,0,0,0
Fall__Fall_f_raw_c_1_C_M_62,77,C:\Users\ASUS\Downloads\3D_Human_Pose_NCKH\paper_baselines\lin2021_yolov8_lstm_gru\data\paper_skeleton_csv\Fall\Fall_Fall_f_raw_c_1_C_M_62.csv,1,Fall,nose,1.0950645,0.79495287,neck,0.8768885,0.48069385,right_shoulder,0.71469074,0.4337016,right_elbow,0.031278487,0.3663303,right_wrist,0.3137974,0.85094285,left_shoulder,1.0390867,0.52768606,left_elbow,0.80193806,0.25486803,left_wrist,1.1026514,0.31304225,mid_hip,0.0,0.0,right_hip,-0.092785954,-0.05002463,right_knee,-0.64203495,0.14658353,right_ankle,-1.272942,0.062412843,left_hip,0.092786364,0.05002463,left_knee,-0.5139816,0.1868634,left_ankle,-1.1358336,-0.008691806,0,0,0
Fall__Fall_f_raw_c_1_C_M_62,78,C:\Users\ASUS\Downloads\3D_Human_Pose_NCKH\paper_baselines\lin2021_yolov8_lstm_gru\data\paper_skeleton_csv\Fall\Fall_Fall_f_raw_c_1_C_M_62.csv,1,Fall,nose,1.0502714,0.82932335,neck,0.8519001,0.52370435,right_shoulder,0.7087486,0.4015452,right_elbow,-0.05513709,0.34029967,right_wrist,0.22380014,0.8440813,left_shoulder,0.99505204,0.6458635,left_elbow,0.51738393,0.6602155,left_wrist,0.64855564,0.6677943,mid_hip,0.0,0.0,right_hip,-0.08730093,-0.08161707,right_knee,-0.6938789,0.13484092,right_ankle,-1.3025736,0.09517464,left_hip,0.08730093,0.081617266,left_knee,-0.5245541,0.24362423,left_ankle,-1.1364034,0.026677249,0,0,0
Fall__Fall_f_raw_c_1_C_M_62,79,C:\Users\ASUS\Downloads\3D_Human_Pose_NCKH\paper_baselines\lin2021_yolov8_lstm_gru\data\paper_skeleton_csv\Fall\Fall_Fall_f_raw_c_1_C_M_62.csv,1,Fall,nose,1.130188,0.87836033,neck,0.83655095,0.5478891,right_shoulder,0.6115776,0.4273529,right_elbow,-0.21192981,0.39498016,right_wrist,0.12976222,0.85783917,left_shoulder,1.0615244,0.6684251,left_elbow,0.7862102,0.69272524,left_wrist,1.049387,0.76580876,mid_hip,0.0,0.0,right_hip,-0.11880068,-0.08010322,right_knee,-0.94756055,0.116910726,right_ankle,-1.4814607,0.12170064,left_hip,0.1188011,0.08010322,left_knee,-0.7226186,0.16209422,left_ankle,-1.299141,-0.076422594,0,0,0
Fall__Fall_f_raw_c_1_C_M_62,80,C:\Users\ASUS\Downloads\3D_Human_Pose_NCKH\paper_baselines\lin2021_yolov8_lstm_gru\data\paper_skeleton_csv\Fall\Fall_Fall_f_raw_c_1_C_M_62.csv,1,Fall,nose,1.1569006,0.874263,neck,0.833503,0.55251503,right_shoulder,0.6130742,0.44170612,right_elbow,-0.14674412,0.40010267,right_wrist,0.20110275,0.82539505,left_shoulder,1.0539318,0.663324,left_elbow,0.795746,0.63045114,left_wrist,1.0352708,0.7135804,mid_hip,0.0,0.0,right_hip,-0.1160716,-0.071972586,right_knee,-0.7792412,0.152306,right_ankle,-1.3445226,0.18489304,left_hip,0.116072014,0.071972586,left_knee,-0.528958,0.19408573,left_ankle,-1.0943421,0.0049806163,0,0,0
Fall__Fall_f_raw_c_1_C_M_62,81,C:\Users\ASUS\Downloads\3D_Human_Pose_NCKH\paper_baselines\lin2021_yolov8_lstm_gru\data\paper_skeleton_csv\Fall\Fall_Fall_f_raw_c_1_C_M_62.csv,1,Fall,nose,1.0490633,0.8996882,neck,0.8261147,0.563502,right_shoulder,0.569127,0.45582145,right_elbow,-0.17967395,0.44801703,right_wrist,0.1517184,0.85585564,left_shoulder,1.0831025,0.6711825,left_elbow,0.9626038,0.66916025,left_wrist,1.1847986,0.7616601,mid_hip,0.0,0.0,right_hip,-0.13474801,-0.07644588,right_knee,-0.8755052,0.18594116,right_ankle,-1.4060906,0.17865588,left_hip,0.13474843,0.07644588,left_knee,-0.68327844,0.24829929,left_ankle,-1.2705455,-0.025006628,0,0,0
Fall__Fall_f_raw_c_1_C_M_62,82,C:\Users\ASUS\Downloads\3D_Human_Pose_NCKH\paper_baselines\lin2021_yolov8_lstm_gru\data\paper_skeleton_csv\Fall\Fall_Fall_f_raw_c_1_C_M_62.csv,1,Fall,nose,1.0881393,0.9281188,neck,0.8068245,0.59079117,right_shoulder,0.5252713,0.48551798,right_elbow,-0.25923294,0.47719073,right_wrist,0.09441021,0.9131715,left_shoulder,1.0883776,0.6960642,left_elbow,0.9934148,0.7032232,left_wrist,1.1395887,0.8040668,mid_hip,0.0,0.0,right_hip,-0.14975311,-0.07523231,right_knee,-0.9315188,0.15833691,right_ankle,-1.5053475,0.1777013,left_hip,0.14975268,0.075232096,left_knee,-0.70377886,0.20779422,left_ankle,-1.320967,3.7805716e-05,0,0,0
Fall__Fall_f_raw_c_1_C_M_62,83,C:\Users\ASUS\Downloads\3D_Human_Pose_NCKH\paper_baselines\lin2021_yolov8_lstm_gru\data\paper_skeleton_csv\Fall\Fall_Fall_f_raw_c_1_C_M_62.csv,1,Fall,nose,1.1274267,0.8821479,neck,0.81534886,0.57897,right_shoulder,0.54673684,0.48512992,right_elbow,-0.24227819,0.4924101,right_wrist,0.0934954,0.90481347,left_shoulder,1.0839612,0.6728104,left_elbow,0.94658434,0.6606701,left_wrist,1.1512934,0.7824245,mid_hip,0.0,0.0,right_hip,-0.14371724,-0.07023531,right_knee,-0.9447774,0.14459436,right_ankle,-1.5100222,0.17105544,left_hip,0.14371724,0.07023552,left_knee,-0.7098593,0.18585145,left_ankle,-1.3369248,-0.02313347,0,0,0
Fall__Fall_f_raw_c_1_C_M_62,84,C:\Users\ASUS\Downloads\3D_Human_Pose_NCKH\paper_baselines\lin2021_yolov8_lstm_gru\data\paper_skeleton_csv\Fall\Fall_Fall_f_raw_c_1_C_M_62.csv,1,Fall,nose,1.139744,0.8544041,neck,0.82276773,0.5683777,right_shoulder,0.55578107,0.4859467,right_elbow,-0.25387636,0.50108904,right_wrist,0.084832944,0.89576614,left_shoulder,1.0897545,0.65080833,left_elbow,0.91862047,0.6126935,left_wrist,1.1792959,0.7459485,mid_hip,0.0,0.0,right_hip,-0.14467674,-0.065108635,right_knee,-0.95242983,0.14401151,right_ankle,-1.5455645,0.16265666,left_hip,0.14467674,0.065108635,left_knee,-0.6782399,0.17902157,left_ankle,-1.3425404,-0.037651706,0,0,0
Fall__Fall_f_raw_c_1_C_M_62,85,C:\Users\ASUS\Downloads\3D_Human_Pose_NCKH\paper_baselines\lin2021_yolov8_lstm_gru\data\paper_skeleton_csv\Fall\Fall_Fall_f_raw_c_1_C_M_62.csv,1,Fall,nose,1.1330618,0.84636503,neck,0.82806647,0.56062996,right_shoulder,0.54361,0.48291034,right_elbow,-0.23411503,0.49526224,right_wrist,0.07788998,0.8806036,left_shoulder,1.112523,0.6383494,left_elbow,0.99887335,0.5985654,left_wrist,1.182471,0.7163708,mid_hip,0.0,0.0,right_hip,-0.15394525,-0.0642379,right_knee,-0.9627787,0.17334327,right_ankle,-1.5246825,0.1478871,left_hip,0.15394567,0.0642379,left_knee,-0.7155463,0.19347763,left_ankle,-1.3437581,-0.050701372,0,0,0
Fall__Fall_f_raw_c_1_C_M_62,86,C:\Users\ASUS\Downloads\3D_Human_Pose_NCKH\paper_baselines\lin2021_yolov8_lstm_gru\data\paper_skeleton_csv\Fall\Fall_Fall_f_raw_c_1_C_M_62.csv,1,Fall,nose,1.0969119,0.8457883,neck,0.8282337,0.56038284,right_shoulder,0.5355776,0.5076645,right_elbow,-0.2891204,0.5029296,right_wrist,0.016093325,0.8547317,left_shoulder,1.1208898,0.61310124,left_elbow,0.9664376,0.5106358,left_wrist,0.90762484,0.4725604,mid_hip,0.0,0.0,right_hip,-0.15883932,-0.059156485,right_knee,-1.0185912,0.15831143,right_ankle,-1.558785,0.10837373,left_hip,0.15883932,0.059156485,left_knee,-0.80007994,0.16908768,left_ankle,-1.4111165,-0.07067015,0,0,0
Fall__Fall_f_raw_c_1_C_M_62,87,C:\Users\ASUS\Downloads\3D_Human_Pose_NCKH\paper_baselines\lin2021_yolov8_lstm_gru\data\paper_skeleton_csv\Fall\Fall_Fall_f_raw_c_1_C_M_62.csv,1,Fall,nose,1.1132143,0.85329866,neck,0.82707137,0.56209683,right_shoulder,0.5450856,0.4996723,right_elbow,-0.24938846,0.50479573,right_wrist,0.009147904,0.8549352,left_shoulder,1.1090571,0.6245214,left_elbow,0.92054737,0.556036,left_wrist,1.0037279,0.64362246,mid_hip,0.0,0.0,right_hip,-0.15256831,-0.061542373,right_knee,-1.0177786,0.15150377,right_ankle,-1.5300881,0.11918439,left_hip,0.15256831,0.061542373,left_knee,-0.7881003,0.16848616,left_ankle,-1.4074053,-0.072298676,0,0,0
Fall__Fall_f_raw_c_1_C_M_62,88,C:\Users\ASUS\Downloads\3D_Human_Pose_NCKH\paper_baselines\lin2021_yolov8_lstm_gru\data\paper_skeleton_csv\Fall\Fall_Fall_f_raw_c_1_C_M_62.csv,1,Fall,nose,1.1912631,0.7837803,neck,0.83951926,0.5433299,right_shoulder,0.61513364,0.47473076,right_elbow,-0.105436265,0.47077197,right_wrist,0.10403657,0.80342686,left_shoulder,1.0639049,0.61192924,left_elbow,0.85428286,0.54508466,left_wrist,1.113386,0.7139117,mid_hip,0.0,0.0,right_hip,-0.11741851,-0.05463268,right_knee,-0.78875196,0.17843096,right_ankle,-1.3182234,0.13784873,left_hip,0.1174181,0.05463268,left_knee,-0.5495167,0.17731911,left_ankle,-1.1185638,-0.048454095,0,0,0
Fall__Fall_f_raw_c_1_C_M_62,89,C:\Users\ASUS\Downloads\3D_Human_Pose_NCKH\paper_baselines\lin2021_yolov8_lstm_gru\data\paper_skeleton_csv\Fall\Fall_Fall_f_raw_c_1_C_M_62.csv,1,Fall,nose,1.0717245,0.8145014,neck,0.7995305,0.60062546,right_shoulder,0.5743862,0.53454244,right_elbow,-0.14961983,0.5417942,right_wrist,0.15081722,0.85435814,left_shoulder,1.0246753,0.66670865,left_elbow,0.76920444,0.58438313,left_wrist,0.94331175,0.7320578,mid_hip,0.0,0.0,right_hip,-0.12995532,-0.05302744,right_knee,-0.70663375,0.24999726,right_ankle,-1.159852,0.20737241,left_hip,0.12995495,0.05302744,left_knee,-0.4904263,0.2952689,left_ankle,-1.0377601,0.0673037,0,0,0
