frame,bbox_x1,bbox_y1,bbox_x2,bbox_y2,bbox_conf,person_index,num_persons,x0,y0,c0,x1,y1,c1,x2,y2,c2,x3,y3,c3,x4,y4,c4,x5,y5,c5,x6,y6,c6,x7,y7,c7,x8,y8,c8,x9,y9,c9,x10,y10,c10,x11,y11,c11,x12,y12,c12,x13,y13,c13,x14,y14,c14,x15,y15,c15,x16,y16,c16
0,1180.925048828125,145.78060913085938,1466.365478515625,828.147216796875,0.9145188331604004,0,2,1289.8819580078125,242.57351684570312,0.9924485683441162,1302.7291259765625,228.50836181640625,0.9765360951423645,1273.184814453125,231.48956298828125,0.9837275743484497,1323.53515625,242.0230712890625,0.7685611844062805,1250.9451904296875,248.14109802246094,0.8942044377326965,1359.3623046875,331.44427490234375,0.9992082715034485,1221.623046875,339.24041748046875,0.9990641474723816,1399.94873046875,432.3148498535156,0.9929346442222595,1204.54931640625,444.572021484375,0.9917722344398499,1441.1304931640625,521.7136840820312,0.9843279123306274,1216.26904296875,526.8676147460938,0.9839810729026794,1356.70654296875,527.346923828125,0.9997063279151917,1262.884521484375,534.3001708984375,0.9997250437736511,1403.123046875,653.5321044921875,0.9988068342208862,1261.7142333984375,661.0509033203125,0.9990008473396301,1388.333740234375,776.3812866210938,0.9896658658981323,1267.1614990234375,783.3594360351562,0.9907042384147644
1,1180.8922119140625,145.46075439453125,1466.3748779296875,828.55029296875,0.9142993688583374,0,2,1290.024658203125,242.65708923339844,0.9924421310424805,1302.763427734375,228.5126953125,0.9763027429580688,1273.1787109375,231.60830688476562,0.983953058719635,1323.34130859375,242.0279541015625,0.76338791847229,1250.77685546875,248.42913818359375,0.8968018293380737,1359.2562255859375,331.43536376953125,0.9991983771324158,1221.822265625,339.3365173339844,0.9990472197532654,1399.721435546875,432.5606689453125,0.9928972721099854,1204.6390380859375,444.936279296875,0.9916973114013672,1441.0350341796875,521.7963256835938,0.984333336353302,1216.1571044921875,527.0234985351562,0.9839676022529602,1356.798583984375,527.0765380859375,0.9997009038925171,1263.2034912109375,533.951904296875,0.9997187256813049,1403.724609375,653.6192626953125,0.9988000392913818,1261.4893798828125,660.50537109375,0.9989896416664124,1388.0648193359375,777.8743286132812,0.9896059036254883,1267.6317138671875,783.6743774414062,0.9906114935874939
2,1181.115966796875,165.21710205078125,1470.141357421875,827.8624267578125,0.9072063565254211,0,2,1291.201416015625,249.59121704101562,0.9918125867843628,1303.91845703125,234.9691162109375,0.9708867073059082,1273.8250732421875,238.09133911132812,0.9835149049758911,1323.1357421875,249.40042114257812,0.697786808013916,1249.697021484375,255.9484405517578,0.8906766176223755,1357.537841796875,338.3750305175781,0.9988202452659607,1221.13525390625,349.0655822753906,0.998367965221405,1397.562744140625,434.4923400878906,0.9913167953491211,1203.40185546875,452.08392333984375,0.9867308139801025,1444.048583984375,526.2953491210938,0.9826236367225647,1219.804931640625,531.5545654296875,0.9771872162818909,1360.1025390625,533.2321166992188,0.9993752837181091,1265.946533203125,541.4502563476562,0.9993565678596497,1408.3590087890625,659.2245483398438,0.9973881840705872,1262.28125,669.4007568359375,0.9974070191383362,1389.9095458984375,775.5386962890625,0.9779044389724731,1270.2991943359375,782.7618408203125,0.9764644503593445
3,1181.6220703125,183.7930908203125,1472.1925048828125,827.6922607421875,0.908543050289154,0,2,1290.9822998046875,259.9237365722656,0.9929145574569702,1303.9456787109375,244.81170654296875,0.9760484099388123,1273.328369140625,248.07418823242188,0.9850332140922546,1324.747802734375,257.62274169921875,0.745465874671936,1250.577880859375,264.3179626464844,0.8990831971168518,1363.448486328125,349.4090881347656,0.9991406202316284,1222.916748046875,357.28302001953125,0.9991151690483093,1400.7042236328125,445.23870849609375,0.9930818676948547,1205.104736328125,457.7642822265625,0.9936150312423706,1448.480224609375,535.7095947265625,0.9867751598358154,1219.7181396484375,540.2360229492188,0.9887540340423584,1361.04296875,545.47802734375,0.9996668100357056,1265.0986328125,551.90673828125,0.9997144341468811,1411.914306640625,667.1265869140625,0.998773992061615,1251.2457275390625,673.6151123046875,0.9990788698196411,1380.1575927734375,774.4617919921875,0.9895277619361877,1270.744873046875,780.5103149414062,0.9913210272789001
4,1181.090087890625,193.81170654296875,1473.3651123046875,827.572021484375,0.9064215421676636,0,1,1289.1453857421875,269.323486328125,0.9929307699203491,1302.9423828125,254.52635192871094,0.9779798984527588,1271.8243408203125,257.47900390625,0.983009397983551,1325.1627197265625,268.3984375,0.7781316637992859,1249.6907958984375,274.289794921875,0.8808378577232361,1364.1190185546875,359.3041076660156,0.9993263483047485,1220.15283203125,367.43682861328125,0.9990647435188293,1401.3419189453125,456.433837890625,0.994847297668457,1204.622314453125,470.0644226074219,0.9925899505615234,1447.680419921875,549.2833251953125,0.9893878698348999,1220.618896484375,550.0269165039062,0.9873635172843933,1359.564697265625,557.5703125,0.9997181296348572,1260.66455078125,564.14697265625,0.9997177720069885,1415.91259765625,679.564208984375,0.9987533092498779,1248.3826904296875,686.7609252929688,0.9988996982574463,1379.3212890625,776.599365234375,0.9884402751922607,1267.265869140625,782.842529296875,0.9891562461853027
5,1180.5882568359375,215.49160766601562,1473.274169921875,827.7440185546875,0.905038595199585,0,1,1288.7091064453125,278.7245788574219,0.9930291771888733,1303.3201904296875,264.71270751953125,0.9786997437477112,1271.8590087890625,266.76495361328125,0.9831677079200745,1326.0064697265625,280.4889221191406,0.7900153994560242,1249.8804931640625,284.0882873535156,0.8827179074287415,1364.484619140625,370.565185546875,0.9993452429771423,1219.4127197265625,376.49755859375,0.9991351962089539,1403.5147705078125,468.3928527832031,0.9947977066040039,1204.315673828125,480.5351257324219,0.9929532408714294,1448.1842041015625,560.7334594726562,0.9892390966415405,1220.8507080078125,560.5132446289062,0.9877405762672424,1361.463623046875,564.1321411132812,0.9997153878211975,1262.2606201171875,569.62353515625,0.9997218251228333,1411.6402587890625,685.6302490234375,0.9986420273780823,1248.0894775390625,690.436767578125,0.9988162517547607,1382.0078125,777.4974975585938,0.9870343804359436,1273.347900390625,779.8427124023438,0.9879849553108215
6,1178.6900634765625,230.19876098632812,1471.4786376953125,830.0745849609375,0.9158244132995605,0,1,1286.508544921875,289.2310485839844,0.9931018352508545,1301.72021484375,275.1127014160156,0.9799937009811401,1269.8441162109375,276.79449462890625,0.9827436208724976,1325.2044677734375,290.9844970703125,0.8060215711593628,1248.1019287109375,293.6641540527344,0.8736979961395264,1364.187255859375,382.4934997558594,0.9993094205856323,1217.0999755859375,388.08099365234375,0.9990450739860535,1401.81298828125,481.1325988769531,0.9945047497749329,1203.01708984375,495.8687438964844,0.9919405579566956,1447.8472900390625,571.973388671875,0.9883516430854797,1220.3564453125,576.6290283203125,0.9857839941978455,1361.36962890625,578.6388549804688,0.9996123909950256,1260.17333984375,583.472412109375,0.999610960483551,1409.8839111328125,698.8453369140625,0.9976831674575806,1242.513427734375,701.3453369140625,0.9979027509689331,1381.739990234375,780.699462890625,0.977150559425354,1267.7952880859375,779.2171630859375,0.9782372117042542
7,1177.3311767578125,240.83779907226562,1470.0538330078125,834.395751953125,0.922353208065033,0,1,1284.9437255859375,300.537841796875,0.9936239719390869,1299.453857421875,285.76605224609375,0.9830378293991089,1268.075439453125,289.025634765625,0.9810001850128174,1324.1307373046875,300.6156005859375,0.8415994644165039,1248.1806640625,307.15313720703125,0.8371155858039856,1365.19091796875,392.76165771484375,0.9993581175804138,1218.4320068359375,399.2672119140625,0.9989055395126343,1400.681396484375,497.01837158203125,0.9953489899635315,1201.6461181640625,504.92962646484375,0.9907268285751343,1446.9578857421875,588.4502563476562,0.9898524880409241,1217.699462890625,585.871337890625,0.9844914078712463,1358.903564453125,589.08447265625,0.9995179176330566,1256.7464599609375,594.2319946289062,0.9994633793830872,1418.11962890625,711.3009033203125,0.9961383938789368,1239.7548828125,716.140625,0.996203601360321,1378.3197021484375,779.85205078125,0.9587733149528503,1251.9935302734375,782.9827880859375,0.9582375288009644
8,1174.046875,256.437744140625,1469.641357421875,833.1441650390625,0.9288392066955566,0,1,1282.21826171875,312.55523681640625,0.9935801029205322,1298.04052734375,298.7468566894531,0.98533034324646,1266.3028564453125,300.9112548828125,0.9770610928535461,1323.892333984375,315.4805908203125,0.8737128376960754,1247.12939453125,319.2603759765625,0.7866076827049255,1362.253173828125,405.2934265136719,0.9994251728057861,1215.334716796875,410.9045104980469,0.9985527396202087,1398.3388671875,508.32965087890625,0.9965489506721497,1198.0667724609375,517.2271118164062,0.9869652986526489,1442.5631103515625,602.60400390625,0.9920205473899841,1215.641845703125,605.9404907226562,0.9798697233200073,1357.560546875,601.0620727539062,0.999376118183136,1255.028564453125,606.86767578125,0.9991346001625061,1417.2967529296875,717.8883056640625,0.9932267069816589,1236.522705078125,726.7786865234375,0.9914180040359497,1381.810302734375,768.8343505859375,0.9227159023284912,1254.368896484375,778.3902587890625,0.9059650897979736
9,1169.403564453125,264.8372497558594,1470.620361328125,830.81103515625,0.916672945022583,0,1,1279.0809326171875,327.0294494628906,0.9940264225006104,1294.9649658203125,311.7901916503906,0.9854841828346252,1262.2445068359375,315.292724609375,0.9786620736122131,1320.7891845703125,325.3623962402344,0.8677718043327332,1242.696044921875,332.7990417480469,0.7952789068222046,1360.48486328125,413.7740478515625,0.9994847774505615,1209.880615234375,422.24530029296875,0.9986532926559448,1396.5101318359375,523.6383056640625,0.9969112277030945,1191.7867431640625,526.53125,0.9874889254570007,1440.87158203125,619.9934692382812,0.9928286671638489,1207.7080078125,615.0155639648438,0.9808865189552307,1353.3482666015625,612.395263671875,0.9993440508842468,1248.351806640625,621.429443359375,0.9990748167037964,1412.33984375,722.7891845703125,0.9894636869430542,1222.622802734375,744.714599609375,0.9862993359565735,1390.212646484375,722.998046875,0.8734145760536194,1272.8472900390625,755.001708984375,0.8397231698036194
10,1163.48486328125,280.2523193359375,1476.575439453125,838.2188720703125,0.9228078126907349,0,1,1275.46630859375,340.2598876953125,0.9916250109672546,1291.8955078125,326.33282470703125,0.9748507142066956,1259.978515625,327.1763916015625,0.9778971672058105,1314.0679931640625,344.31256103515625,0.759005069732666,1238.9288330078125,345.35040283203125,0.8165645003318787,1355.560302734375,434.9592590332031,0.9986756443977356,1197.975341796875,441.1081237792969,0.9970512390136719,1392.8271484375,539.6369018554688,0.991466760635376,1189.81591796875,542.570556640625,0.9724830985069275,1443.6287841796875,639.727294921875,0.9833918809890747,1200.7001953125,623.0681762695312,0.9612745046615601,1353.4755859375,627.63818359375,0.997929573059082,1242.7359619140625,636.3826904296875,0.9972665309906006,1418.82958984375,740.818603515625,0.9767284393310547,1227.14892578125,762.0184936523438,0.9705731868743896,1390.57080078125,727.95166015625,0.8081620931625366,1295.27685546875,756.0730590820312,0.7583320736885071
11,1157.656982421875,290.340087890625,1481.681640625,842.9024047851562,0.9221584796905518,0,1,1271.5673828125,352.3048095703125,0.9954534769058228,1286.94921875,339.2480163574219,0.9883445501327515,1256.236328125,341.4571533203125,0.9825100302696228,1312.8389892578125,355.75311279296875,0.8893058896064758,1238.587158203125,360.3272705078125,0.7825599908828735,1353.7569580078125,443.75054931640625,0.9993818998336792,1203.593994140625,445.1069641113281,0.9990216493606567,1390.0924072265625,554.3045043945312,0.9950495362281799,1177.851318359375,544.474365234375,0.9915697574615479,1435.3187255859375,650.3035888671875,0.9867759346961975,1193.234130859375,643.483154296875,0.9824681878089905,1335.826416015625,639.3865356445312,0.9988987445831299,1229.4862060546875,646.4063720703125,0.99880051612854,1423.8873291015625,740.2022094726562,0.9696466326713562,1215.9798583984375,759.2642822265625,0.9736126065254211,1410.68505859375,745.8104248046875,0.701479434967041,1249.7490234375,782.1549682617188,0.7190841436386108
12,1148.915283203125,312.0834045410156,1485.807373046875,848.8148803710938,0.9196965098381042,0,1,1267.7117919921875,365.4319152832031,0.9948902130126953,1281.635498046875,352.1795654296875,0.9838681221008301,1251.089111328125,355.3062744140625,0.9871587753295898,1304.2880859375,368.65252685546875,0.8093740344047546,1231.51416015625,375.1582946777344,0.8759336471557617,1344.740478515625,456.17510986328125,0.999066174030304,1198.94580078125,457.88824462890625,0.9988052845001221,1388.82177734375,567.8265380859375,0.9911264777183533,1171.618896484375,556.9302368164062,0.9900864958763123,1436.496826171875,662.9182739257812,0.9762639999389648,1177.671142578125,652.8624267578125,0.9779447913169861,1330.2998046875,648.3225708007812,0.9981164932250977,1227.2095947265625,654.510986328125,0.9981511235237122,1423.4854736328125,742.4783935546875,0.9546041488647461,1218.40380859375,757.88525390625,0.9652332663536072,1397.239990234375,752.2425537109375,0.6614207029342651,1228.5228271484375,780.8776245117188,0.6997879147529602
13,1137.4619140625,327.2337341308594,1485.6075439453125,861.5333251953125,0.9206984639167786,0,1,1259.3779296875,379.1080627441406,0.995800793170929,1274.716064453125,365.07708740234375,0.9871161580085754,1242.3447265625,368.41943359375,0.9867042303085327,1299.310302734375,382.7498779296875,0.8488429188728333,1223.2652587890625,389.62127685546875,0.8519342541694641,1340.3472900390625,472.9417419433594,0.9994189739227295,1187.19482421875,475.23919677734375,0.9989137649536133,1381.294921875,590.8526611328125,0.9955140948295593,1163.3221435546875,578.6245727539062,0.9909061193466187,1443.005615234375,689.5831909179688,0.988241970539093,1166.668701171875,679.9979248046875,0.9828578233718872,1321.126708984375,662.236572265625,0.9986947178840637,1213.08642578125,670.18505859375,0.9984498023986816,1437.8743896484375,750.0775146484375,0.9687684774398804,1198.3076171875,772.555908203125,0.971904993057251,1384.1251220703125,739.9161987304688,0.7170501947402954,1240.4892578125,780.3491821289062,0.7240529656410217
14,1126.1612548828125,328.8613586425781,1487.781982421875,866.8584594726562,0.9121115803718567,0,1,1250.298095703125,393.964599609375,0.995964765548706,1265.381591796875,378.11773681640625,0.9848548769950867,1232.22998046875,381.88055419921875,0.9892684817314148,1288.992431640625,392.6792907714844,0.7991461753845215,1211.4561767578125,400.4171447753906,0.8980637788772583,1328.6973876953125,485.92132568359375,0.9995059967041016,1173.908203125,490.55596923828125,0.9991329312324524,1374.9132080078125,601.974365234375,0.9959663152694702,1151.250732421875,593.908203125,0.9929627776145935,1437.9228515625,696.670166015625,0.9894306659698486,1156.4423828125,698.4334716796875,0.9862804412841797,1310.7122802734375,678.9005737304688,0.998884379863739,1201.999267578125,688.75390625,0.9987297654151917,1436.602294921875,761.6130981445312,0.9706779718399048,1200.089599609375,789.484130859375,0.975406289100647,1361.0211181640625,740.073486328125,0.7294027209281921,1223.4715576171875,788.9906005859375,0.7426457405090332
15,1115.298828125,354.8064880371094,1489.425048828125,873.00927734375,0.9257155060768127,0,1,1234.2845458984375,406.58319091796875,0.996713399887085,1249.8040771484375,392.01654052734375,0.9882500171661377,1217.05810546875,394.97149658203125,0.9892504215240479,1275.481689453125,408.8581237792969,0.8398128747940063,1198.6519775390625,414.9764099121094,0.8523566126823425,1318.2159423828125,500.9940490722656,0.999330997467041,1164.21044921875,504.57952880859375,0.9991969466209412,1365.439697265625,610.0462036132812,0.9941410422325134,1134.6693115234375,605.6144409179688,0.9941839575767517,1439.6793212890625,708.4591064453125,0.987605094909668,1137.034423828125,718.8439331054688,0.9893656969070435,1297.837158203125,691.5714721679688,0.9985983967781067,1189.66796875,700.3961791992188,0.9986876845359802,1420.704345703125,773.73828125,0.9637292623519897,1183.2469482421875,798.050537109375,0.9765050411224365,1358.468017578125,740.812255859375,0.6932076811790466,1212.97216796875,786.842041015625,0.7561594843864441
16,1101.498046875,367.9856872558594,1493.55615234375,872.714111328125,0.9247503280639648,0,2,1220.9842529296875,426.3323974609375,0.9964157342910767,1237.28076171875,412.3091125488281,0.9876677393913269,1204.93408203125,414.24285888671875,0.9888941645622253,1262.028564453125,429.04449462890625,0.8383321762084961,1186.57958984375,432.50408935546875,0.8628009557723999,1303.3719482421875,517.0477294921875,0.9994109869003296,1148.357177734375,521.6511840820312,0.9991614818572998,1358.779052734375,623.4581909179688,0.9944671392440796,1123.97265625,627.064208984375,0.9927581548690796,1441.544921875,723.9091796875,0.986794650554657,1124.9781494140625,743.5724487304688,0.9855572581291199,1287.04443359375,701.482666015625,0.9987688660621643,1179.4349365234375,710.8771362304688,0.9987255930900574,1400.155029296875,779.3837890625,0.9713790416717529,1162.4755859375,804.7037353515625,0.9787051677703857,1341.484130859375,743.4986572265625,0.7583220601081848,1212.5006103515625,787.9119873046875,0.792111337184906
17,1085.570068359375,373.05377197265625,1487.69873046875,876.2091064453125,0.9347695708274841,0,1,1198.3465576171875,450.7750244140625,0.995793342590332,1213.9407958984375,433.79888916015625,0.9895544052124023,1183.167236328125,436.11895751953125,0.984102725982666,1241.223388671875,441.00030517578125,0.8985483050346375,1166.34326171875,446.0852966308594,0.7685000896453857,1283.9661865234375,530.8892822265625,0.9993987083435059,1134.13818359375,540.5732421875,0.9989739656448364,1353.927001953125,637.489501953125,0.9940003156661987,1115.56884765625,650.5802001953125,0.9895558953285217,1432.4638671875,734.1557006835938,0.9809190630912781,1113.71142578125,757.1251831054688,0.9733304977416992,1270.3948974609375,717.6635131835938,0.9984102249145508,1164.63330078125,728.5291748046875,0.9981973767280579,1380.100341796875,790.420654296875,0.9580577611923218,1160.0885009765625,813.7969970703125,0.9652292132377625,1352.71240234375,789.4070434570312,0.6973986625671387,1164.1175537109375,829.4910278320312,0.7255317568778992
18,1072.45361328125,390.3544921875,1478.915771484375,877.2890625,0.9311546087265015,0,2,1186.7822265625,474.89593505859375,0.9935812950134277,1201.072021484375,456.1051940917969,0.9845519661903381,1170.3316650390625,459.84112548828125,0.9778563380241394,1225.01806640625,458.0245361328125,0.868439257144928,1152.096435546875,466.64739990234375,0.7894735336303711,1271.1854248046875,545.8187255859375,0.9993516802787781,1120.8023681640625,557.7879638671875,0.9984332919120789,1338.8057861328125,651.246337890625,0.9962010979652405,1100.3992919921875,669.3634033203125,0.9877833724021912,1430.7894287109375,754.54541015625,0.9887012243270874,1100.119873046875,776.0392456054688,0.9747562408447266,1259.626220703125,721.0728759765625,0.9975403547286987,1156.9012451171875,732.2105712890625,0.9965332746505737,1355.7408447265625,784.4994506835938,0.9350634813308716,1134.4510498046875,802.5377197265625,0.9252833724021912,1334.02880859375,765.0469970703125,0.5393668413162231,1213.102783203125,793.534912109375,0.49967482686042786
19,1060.76123046875,409.9105224609375,1465.206298828125,878.60009765625,0.9149616360664368,0,2,1168.17578125,499.6131591796875,0.9943540096282959,1181.29443359375,479.3597717285156,0.986229419708252,1150.998291015625,484.1729736328125,0.9831770062446594,1204.7091064453125,476.0100402832031,0.8610246777534485,1131.9805908203125,488.12677001953125,0.8037910461425781,1252.080810546875,565.3948974609375,0.9986799359321594,1109.63720703125,579.1133422851562,0.9983124732971191,1329.11669921875,662.9746704101562,0.9894281029701233,1088.26025390625,685.1444091796875,0.987210750579834,1413.07080078125,761.0593872070312,0.9721060395240784,1087.57275390625,794.4571533203125,0.9699646234512329,1246.1650390625,747.6765747070312,0.9945791959762573,1149.258056640625,758.0489501953125,0.9943431615829468,1334.37255859375,787.2574462890625,0.8835440278053284,1133.6412353515625,794.2178955078125,0.9042741656303406,1357.9207763671875,800.2125244140625,0.45900610089302063,1208.7659912109375,812.262939453125,0.5017719268798828
20,1048.7823486328125,430.09112548828125,1456.686767578125,892.2786254882812,0.9176343679428101,0,2,1151.3031005859375,525.2254638671875,0.9918326139450073,1162.16455078125,504.1929016113281,0.98288893699646,1132.841552734375,511.7159729003906,0.9765048027038574,1184.65673828125,496.528564453125,0.858878493309021,1113.3707275390625,515.841552734375,0.7683051228523254,1231.36328125,578.4866943359375,0.998336136341095,1097.0765380859375,598.10205078125,0.9971567392349243,1310.371337890625,674.155029296875,0.9898327589035034,1077.08984375,700.0903930664062,0.9803977608680725,1392.12158203125,773.6936645507812,0.971062958240509,1077.5882568359375,805.9337158203125,0.9552579522132874,1220.400146484375,751.4249267578125,0.9918789863586426,1129.282958984375,764.064453125,0.9899325370788574,1305.5419921875,781.8715209960938,0.839910089969635,1125.439697265625,790.457763671875,0.8386654853820801,1355.072265625,815.9000244140625,0.3749057650566101,1196.3092041015625,827.272705078125,0.37113404273986816
21,1032.09130859375,453.33782958984375,1457.93798828125,902.3615112304688,0.8787350654602051,0,2,1140.1849365234375,549.4497680664062,0.9798713326454163,1149.7623291015625,529.4755859375,0.9415358304977417,1121.3555908203125,537.027587890625,0.9646397829055786,1166.0401611328125,518.8915405273438,0.5915496945381165,1094.963134765625,538.906005859375,0.7966734170913696,1207.85986328125,582.6318969726562,0.9954362511634827,1075.230224609375,612.529296875,0.994584858417511,1291.239501953125,677.774658203125,0.9839522242546082,1061.6864013671875,726.2894287109375,0.9808277487754822,1382.9169921875,781.6909790039062,0.9730781316757202,1068.0201416015625,821.2984619140625,0.9696869850158691,1221.980224609375,743.2767333984375,0.9928027987480164,1132.0528564453125,764.304443359375,0.9927196502685547,1301.9564208984375,775.2892456054688,0.9415571093559265,1122.53857421875,798.123779296875,0.9446196556091309,1388.866943359375,812.704833984375,0.7199484705924988,1248.394775390625,840.182373046875,0.7142053842544556
22,1020.363525390625,474.4400939941406,1413.6004638671875,907.2372436523438,0.9100168347358704,0,2,1108.008544921875,582.4683837890625,0.9848517775535583,1121.058349609375,562.7067260742188,0.9671136140823364,1091.8216552734375,567.455810546875,0.9535344839096069,1144.0615234375,548.1902465820312,0.7914941310882568,1072.5283203125,560.5946044921875,0.6789114475250244,1188.1195068359375,602.9102783203125,0.9982530474662781,1057.33349609375,627.6832275390625,0.9967418313026428,1267.2449951171875,690.276611328125,0.9920023679733276,1049.1669921875,736.8604736328125,0.9798256754875183,1354.552734375,790.2086181640625,0.9776332974433899,1044.6826171875,824.955078125,0.955286979675293,1209.4796142578125,763.5814208984375,0.9964615702629089,1123.6480712890625,780.3953857421875,0.9952943921089172,1269.1591796875,805.1801147460938,0.9471214413642883,1105.4310302734375,819.5220947265625,0.9345503449440002,1342.6162109375,834.645751953125,0.6590566635131836,1257.200927734375,845.5881958007812,0.6107494235038757
23,1004.7879638671875,497.32379150390625,1392.1080322265625,912.7774658203125,0.9179776310920715,0,1,1086.05029296875,614.8642578125,0.9756764769554138,1095.7247314453125,593.1161499023438,0.9609103202819824,1069.61328125,601.6678466796875,0.9092026948928833,1119.90283203125,565.9553833007812,0.8261709809303284,1053.473388671875,587.70751953125,0.4918898642063141,1174.2230224609375,618.464111328125,0.9970744848251343,1044.2320556640625,648.95849609375,0.9937647581100464,1254.3634033203125,707.7589111328125,0.9908081889152527,1031.59423828125,753.81640625,0.9720944166183472,1338.732666015625,806.081298828125,0.9765133261680603,1028.9671630859375,825.1173706054688,0.9487797021865845,1190.171630859375,786.6768798828125,0.991004467010498,1103.8402099609375,804.3804931640625,0.9873775839805603,1245.7548828125,814.0125732421875,0.8302183151245117,1086.9888916015625,828.9451904296875,0.7966404557228088,1314.537353515625,828.4894409179688,0.33526235818862915,1192.757080078125,842.3226928710938,0.29756370186805725
24,987.59619140625,517.6629638671875,1376.92822265625,917.6237182617188,0.9053817391395569,0,1,1070.7108154296875,624.1546630859375,0.9522402286529541,1076.6778564453125,604.9664306640625,0.8875889182090759,1052.6380615234375,613.7161865234375,0.8887239098548889,1093.3468017578125,588.390869140625,0.5327592492103577,1029.63232421875,611.6754150390625,0.5019805431365967,1148.440673828125,629.648681640625,0.9908425807952881,1024.087890625,663.1791381835938,0.9754258990287781,1250.64013671875,713.283447265625,0.9846307635307312,1019.1966552734375,760.101318359375,0.9371041655540466,1322.635009765625,815.5224609375,0.9706008434295654,1022.865966796875,832.3206787109375,0.9116950035095215,1169.174072265625,796.0220947265625,0.9727569222450256,1079.625,813.477294921875,0.9579288959503174,1228.5535888671875,796.93994140625,0.7093130946159363,1053.995361328125,815.1749267578125,0.5907573103904724,1324.850341796875,832.3244018554688,0.25076913833618164,1126.586669921875,842.8472900390625,0.1670314520597458
25,974.9384765625,540.7640380859375,1365.2823486328125,917.9148559570312,0.8795944452285767,0,2,1039.82568359375,624.5735473632812,0.4421319365501404,1032.8076171875,613.4483032226562,0.2740749716758728,1037.28564453125,616.0252685546875,0.1952076256275177,1018.5367431640625,607.166015625,0.5355797410011292,1039.0556640625,615.697509765625,0.302091121673584,1078.104736328125,647.84033203125,0.9911912083625793,1053.2652587890625,661.953857421875,0.9623382091522217,1220.5689697265625,729.6676635742188,0.9842271208763123,1050.5386962890625,755.8877563476562,0.8724166750907898,1309.859130859375,821.3340454101562,0.9476842284202576,1028.354248046875,840.747802734375,0.7630181908607483,1146.411376953125,796.9803466796875,0.989052951335907,1137.0340576171875,804.316162109375,0.9778724312782288,1129.79638671875,805.705810546875,0.9080264568328857,1097.07666015625,801.1854248046875,0.7987577319145203,1283.8609619140625,836.7974853515625,0.587786078453064,1249.671630859375,816.6091918945312,0.3981001079082489
26,941.4727783203125,564.6826782226562,1375.7996826171875,915.071044921875,0.8711720705032349,0,1,1003.6480712890625,652.6192626953125,0.07802422344684601,996.9322509765625,643.2692260742188,0.05379233881831169,1013.1429443359375,635.2921752929688,0.01726348325610161,981.3568115234375,637.1024169921875,0.8650360107421875,1044.639404296875,614.3035888671875,0.46855103969573975,990.9376831054688,691.2906494140625,0.9960011839866638,1092.2060546875,630.279296875,0.9737657308578491,1010.016845703125,805.0467529296875,0.975307822227478,1196.14404296875,690.984130859375,0.712096631526947,1008.1324462890625,866.371337890625,0.8183841705322266,1251.489501953125,797.513427734375,0.40510523319244385,1093.4154052734375,724.7437744140625,0.9911758899688721,1164.160888671875,698.4782104492188,0.9781309962272644,1099.5947265625,776.0682373046875,0.9612098336219788,1206.8046875,734.4395751953125,0.9076434969902039,1198.654296875,860.144287109375,0.8167688250541687,1318.26025390625,811.9301147460938,0.6792018413543701
27,911.5660400390625,593.033447265625,1378.116943359375,918.265380859375,0.8411844968795776,0,2,961.2064819335938,680.330322265625,0.18723180890083313,957.5537109375,673.7889404296875,0.24410398304462433,970.0523071289062,667.511474609375,0.028345052152872086,956.7158203125,666.8492431640625,0.9061597585678101,1003.1285400390625,646.3499755859375,0.23785637319087982,988.2694091796875,698.6585083007812,0.9974556565284729,1039.547119140625,649.9441528320312,0.9349544048309326,1003.4302368164062,798.494140625,0.9938098788261414,1093.367919921875,708.32275390625,0.5004404187202454,1007.7603149414062,857.3076782226562,0.950747013092041,1112.027587890625,809.4066162109375,0.35629507899284363,1132.74853515625,714.5023193359375,0.9955899715423584,1166.6634521484375,699.2125854492188,0.9772860407829285,1159.871826171875,782.9317016601562,0.9815525412559509,1186.05810546875,759.3125,0.9011698365211487,1267.580322265625,853.464111328125,0.8938422799110413,1298.5584716796875,824.90380859375,0.6842501759529114
28,888.0933837890625,617.9181518554688,1383.603515625,914.4058227539062,0.8605130910873413,0,2,962.8896484375,708.1488647460938,0.7366922497749329,956.4519653320312,691.870361328125,0.6319391131401062,954.5143432617188,702.1588745117188,0.3987049162387848,963.55224609375,667.8329467773438,0.5521188378334045,956.086181640625,693.3462524414062,0.21217623353004456,1033.29296875,672.0531616210938,0.9848072528839111,995.921142578125,715.1910400390625,0.9261513948440552,1176.740478515625,730.82470703125,0.9749999642372131,1021.3167724609375,796.6522216796875,0.7610968947410583,1260.982177734375,834.2420654296875,0.9544775485992432,1005.14208984375,852.7752685546875,0.7701416015625,1176.478271484375,723.0253295898438,0.9904414415359497,1160.1904296875,749.1513671875,0.978563666343689,1224.08740234375,767.4069213867188,0.9780805110931396,1197.9437255859375,789.7601318359375,0.9512798190116882,1336.154052734375,823.1143798828125,0.9229384660720825,1323.9769287109375,829.540771484375,0.8615344166755676
29,876.097412109375,636.772216796875,1448.594970703125,919.8568115234375,0.8727067112922668,0,1,954.3455200195312,744.4136352539062,0.8348547220230103,947.1567993164062,730.4924926757812,0.7584249377250671,944.8204345703125,742.1654663085938,0.5758006572723389,955.9547119140625,703.7774047851562,0.7116807699203491,936.7430419921875,732.772705078125,0.3328506648540497,1029.55712890625,692.972900390625,0.993078887462616,976.1954345703125,752.3501586914062,0.9768151044845581,1174.016845703125,731.0543823242188,0.986788272857666,1020.3863525390625,825.0422973632812,0.9306278824806213,1242.631591796875,840.2962646484375,0.966327428817749,970.97119140625,853.449951171875,0.8862093687057495,1188.141845703125,700.1080322265625,0.9957274198532104,1157.28515625,733.8960571289062,0.9922014474868774,1250.28271484375,817.2280883789062,0.9766522645950317,1200.839599609375,830.9361572265625,0.9567279815673828,1343.6810302734375,816.3050537109375,0.910651445388794,1316.0784912109375,795.736572265625,0.882238507270813
30,857.68896484375,643.2628784179688,1456.50830078125,919.956298828125,0.8678545951843262,0,1,946.9304809570312,768.9691162109375,0.8307710886001587,944.878173828125,755.468994140625,0.8015215992927551,938.595947265625,761.4182739257812,0.47907307744026184,958.5375366210938,721.3150634765625,0.7742573022842407,930.7650146484375,735.50439453125,0.23128129541873932,1023.7681884765625,708.4729614257812,0.9959022402763367,967.0120849609375,744.9255981445312,0.9685758948326111,1156.713623046875,745.8670654296875,0.9947891235351562,1007.9840698242188,813.033935546875,0.9053175449371338,1218.2750244140625,839.602294921875,0.9841466546058655,961.6724853515625,855.243408203125,0.8677148222923279,1185.418701171875,707.9925537109375,0.997277557849884,1154.5906982421875,733.55859375,0.992045521736145,1240.9212646484375,842.369140625,0.9787019491195679,1207.0435791015625,838.6053466796875,0.940981924533844,1334.2083740234375,819.2096557617188,0.8990491032600403,1318.487060546875,783.3403930664062,0.8409156799316406
31,853.3304443359375,652.910888671875,1456.070068359375,922.7259521484375,0.8875897526741028,0,1,945.414794921875,781.716064453125,0.8371461033821106,942.388916015625,766.7347412109375,0.8189621567726135,934.5888671875,776.9656982421875,0.5284134745597839,954.2649536132812,729.7926025390625,0.7589401006698608,917.0557250976562,754.33203125,0.22689904272556305,1015.8389892578125,708.8059692382812,0.9933288097381592,946.0360107421875,752.600341796875,0.9460643529891968,1136.6888427734375,749.9285888671875,0.9920222759246826,1001.7998657226562,810.3590087890625,0.8485204577445984,1201.888427734375,850.6770629882812,0.9775795340538025,960.6531372070312,858.3040771484375,0.8066865801811218,1160.528564453125,696.195068359375,0.9953209757804871,1111.607666015625,726.7066650390625,0.9857100248336792,1235.2471923828125,820.6642456054688,0.9716963768005371,1143.1483154296875,836.8477783203125,0.9176745414733887,1350.337646484375,812.345947265625,0.8856216073036194,1270.046142578125,786.9246826171875,0.8098728060722351
32,848.4114990234375,657.3758544921875,1466.372314453125,920.3218994140625,0.8543287515640259,0,1,935.220703125,786.8768920898438,0.85422682762146,929.9656982421875,771.2612915039062,0.8542708158493042,925.9522705078125,783.9569091796875,0.5204775333404541,947.3463134765625,731.8983154296875,0.8254013657569885,925.4119873046875,762.9425048828125,0.20781546831130981,1015.5238037109375,709.4783325195312,0.9950821399688721,967.3602905273438,758.11962890625,0.9545528888702393,1116.7286376953125,751.929931640625,0.9940150380134583,1005.374267578125,814.8762817382812,0.8569352030754089,1173.196044921875,856.3331909179688,0.9814614653587341,953.031005859375,855.8431396484375,0.8104398250579834,1170.50146484375,706.4791259765625,0.9961751699447632,1134.7125244140625,738.8726806640625,0.9875203371047974,1253.2451171875,820.736572265625,0.9744720458984375,1171.2904052734375,840.720703125,0.9213698506355286,1374.910888671875,808.878173828125,0.8911951780319214,1291.068603515625,787.3436279296875,0.8158131837844849
33,876.6729125976562,660.2601928710938,1471.7734375,915.7472534179688,0.8413167595863342,0,1,933.2737426757812,799.7181396484375,0.7955303192138672,924.56396484375,784.1295776367188,0.7982584834098816,923.6229248046875,796.8731689453125,0.4283809959888458,933.685791015625,743.97412109375,0.7883970737457275,925.5474853515625,772.4595336914062,0.22429229319095612,981.3536376953125,716.421142578125,0.9927137494087219,977.52294921875,757.8984375,0.9482085704803467,1087.9384765625,750.7569580078125,0.9903361797332764,1010.830322265625,813.8148193359375,0.8165633678436279,1152.086669921875,859.8314208984375,0.968114972114563,951.939208984375,856.1167602539062,0.7545323371887207,1156.530029296875,703.42724609375,0.9930940866470337,1162.30517578125,737.6923828125,0.9793862700462341,1200.2523193359375,808.34912109375,0.9568270444869995,1225.1109619140625,833.1031494140625,0.8841263055801392,1332.94970703125,819.1887817382812,0.8274655342102051,1359.2669677734375,791.4827880859375,0.7425392866134644
34,838.8740844726562,664.4771728515625,1467.41845703125,921.7637939453125,0.8612390756607056,0,2,926.6968994140625,803.1533203125,0.832819938659668,919.3760986328125,788.0921630859375,0.8236454129219055,917.037353515625,800.7333984375,0.5238121151924133,928.3734130859375,747.821044921875,0.8066588044166565,913.0584716796875,777.6143798828125,0.26490268111228943,980.203125,719.94091796875,0.9948042035102844,962.9388427734375,764.7091064453125,0.9601924419403076,1082.5458984375,757.034423828125,0.9917451739311218,1005.4487915039062,812.1798095703125,0.8523279428482056,1130.3311767578125,859.31005859375,0.9719064235687256,946.9649658203125,854.9810791015625,0.7825223207473755,1149.8311767578125,703.3861083984375,0.9956380724906921,1143.5750732421875,736.5130615234375,0.9872447848320007,1229.2965087890625,804.80712890625,0.9769808650016785,1232.4034423828125,825.9021606445312,0.9361149072647095,1349.539794921875,811.9036865234375,0.9089422225952148,1380.089111328125,786.9510498046875,0.8532919883728027
35,821.819091796875,668.6275634765625,1465.8592529296875,922.2339477539062,0.8550821542739868,0,2,916.8030395507812,804.868896484375,0.8066216111183167,911.0469970703125,791.1414184570312,0.8046812415122986,906.9076538085938,802.9569091796875,0.45812755823135376,922.237548828125,751.89794921875,0.8019543290138245,901.0159912109375,780.4342041015625,0.2151511162519455,976.56201171875,722.4321899414062,0.9951748251914978,945.6422119140625,765.4608764648438,0.9531208276748657,1068.63037109375,757.0556640625,0.9937852621078491,987.7340698242188,804.9380493164062,0.8467119932174683,1107.6441650390625,854.4954833984375,0.9788369536399841,944.006591796875,857.407470703125,0.787916898727417,1147.64306640625,708.6502685546875,0.9967818260192871,1129.108642578125,742.48583984375,0.9893843531608582,1235.3458251953125,800.183349609375,0.9833601713180542,1217.1800537109375,827.01904296875,0.947745680809021,1358.31103515625,807.0078735351562,0.9336292147636414,1367.802490234375,792.2542724609375,0.8829451203346252
36,809.2615356445312,670.9268798828125,1466.4649658203125,921.2499389648438,0.875776469707489,0,1,915.246826171875,814.4580688476562,0.7853161096572876,903.298828125,798.826904296875,0.7515154480934143,903.7523803710938,815.7584838867188,0.4825053811073303,904.365234375,758.0905151367188,0.7580716013908386,891.96923828125,797.1024169921875,0.2942832112312317,953.361083984375,729.061279296875,0.9943976402282715,942.59521484375,777.9017333984375,0.9649529457092285,1055.624755859375,758.952392578125,0.9903103709220886,983.5987548828125,817.4547729492188,0.8701751828193665,1091.275390625,856.2387084960938,0.9658288359642029,939.91064453125,861.2484741210938,0.7911553978919983,1119.94580078125,707.1851806640625,0.9960034489631653,1120.7462158203125,740.4798583984375,0.9895362854003906,1186.8125,798.48193359375,0.980195164680481,1219.0882568359375,816.388916015625,0.9492199420928955,1305.58837890625,824.82568359375,0.9224543571472168,1375.3074951171875,777.0031127929688,0.8799015879631042
37,805.5806884765625,669.6900634765625,1465.258544921875,918.988525390625,0.8720043897628784,0,1,914.0026245117188,817.260498046875,0.7725937366485596,900.8399658203125,800.4190673828125,0.7229790091514587,903.1972045898438,818.4393310546875,0.4892985224723816,897.23828125,755.982421875,0.7074255347251892,885.868896484375,797.2186889648438,0.2955208718776703,943.1593017578125,724.0590209960938,0.9922637939453125,932.3062133789062,778.626708984375,0.9581677317619324,1047.247802734375,756.1346435546875,0.9878347516059875,983.5233764648438,820.8087158203125,0.8628175258636475,1078.167724609375,855.3352661132812,0.9609811305999756,934.7206420898438,862.2734375,0.7903648018836975,1117.9013671875,711.5736083984375,0.9947652816772461,1114.2821044921875,749.349853515625,0.9870440363883972,1207.2403564453125,794.3599853515625,0.9749124646186829,1216.8072509765625,819.2235717773438,0.9393322467803955,1341.278564453125,817.117919921875,0.9096254706382751,1378.686279296875,777.145263671875,0.8636772036552429
38,805.7669677734375,667.82568359375,1459.905029296875,920.570556640625,0.7994576096534729,0,1,912.820556640625,819.0697021484375,0.8058396577835083,899.7910766601562,800.9046020507812,0.7160865664482117,905.18212890625,821.1915283203125,0.6324617266654968,889.1602783203125,755.119873046875,0.6175662875175476,878.6343383789062,801.922119140625,0.397501677274704,934.1922607421875,711.7015380859375,0.9824355244636536,909.734375,789.6322631835938,0.9347794651985168,1037.7630615234375,743.5755615234375,0.9682000279426575,982.8560791015625,825.3107299804688,0.8207627534866333,1071.617919921875,852.5526123046875,0.9276226758956909,929.2695922851562,860.85888671875,0.769568681716919,1108.1212158203125,706.8617553710938,0.9848037958145142,1081.1884765625,757.8711547851562,0.9708881974220276,1248.258056640625,764.06689453125,0.9576058387756348,1156.2672119140625,828.077880859375,0.9180494546890259,1363.43017578125,796.2471923828125,0.8855957984924316,1293.6298828125,812.6519165039062,0.8347901105880737
39,797.7574462890625,662.182373046875,1393.6082763671875,914.5804443359375,0.8498064875602722,0,1,906.1609497070312,820.5120849609375,0.9265812635421753,889.7136840820312,801.6619262695312,0.8284838199615479,885.416015625,824.2838134765625,0.8235378265380859,878.854248046875,765.4561157226562,0.44197919964790344,861.4814453125,824.7068481445312,0.4871157109737396,940.87158203125,717.3085327148438,0.9835662245750427,918.625732421875,796.392578125,0.9376614093780518,1031.3876953125,734.23681640625,0.9732988476753235,949.688720703125,827.1513671875,0.8246281147003174,1064.560302734375,850.792236328125,0.97393798828125,931.37646484375,874.8165893554688,0.8982680439949036,1114.0584716796875,698.9203491210938,0.9905215501785278,1101.6326904296875,741.1580810546875,0.9805260300636292,1168.6949462890625,793.654541015625,0.9655502438545227,1138.3201904296875,837.7542114257812,0.9284857511520386,1295.821044921875,777.4781494140625,0.8304976224899292,1261.1607666015625,808.8131103515625,0.715366780757904
40,798.5205688476562,663.2975463867188,1442.57421875,915.4509887695312,0.8586866855621338,0,1,895.22900390625,813.5260620117188,0.8575201034545898,879.8937377929688,794.883544921875,0.8049525618553162,885.574951171875,818.6035766601562,0.6627064943313599,876.80517578125,748.0089111328125,0.7177836894989014,872.801025390625,802.5401000976562,0.3826450705528259,934.0899658203125,708.6981811523438,0.9903843402862549,906.466796875,789.0355224609375,0.967836856842041,1033.7960205078125,741.086669921875,0.9834340810775757,975.4498291015625,825.553955078125,0.8957715034484863,1050.182373046875,848.4232177734375,0.9547687768936157,935.3153686523438,861.8389892578125,0.8384870290756226,1098.2491455078125,698.5479125976562,0.9941102862358093,1072.099365234375,751.5082397460938,0.988771378993988,1199.9588623046875,763.7230224609375,0.9765289425849915,1119.6351318359375,843.3348388671875,0.9547967314720154,1354.5029296875,793.900634765625,0.9230032563209534,1285.1761474609375,821.8953857421875,0.8910325169563293
41,799.1260986328125,664.3949584960938,1449.5452880859375,917.085205078125,0.839144766330719,0,1,894.4146728515625,814.1531982421875,0.8644959330558777,880.8199462890625,794.4927978515625,0.7975419163703918,886.572509765625,817.533935546875,0.7169678211212158,874.9114990234375,746.8346557617188,0.7025299668312073,868.064208984375,799.65380859375,0.4536268711090088,924.21728515625,705.4142456054688,0.9873268008232117,905.7330322265625,790.5855712890625,0.9577504992485046,1028.7054443359375,738.6615600585938,0.9725595116615295,978.730224609375,828.1887817382812,0.8592014312744141,1045.5682373046875,852.7049560546875,0.9343065619468689,937.2637939453125,863.0275268554688,0.8025453090667725,1094.8668212890625,704.728515625,0.987784206867218,1073.5888671875,758.0279541015625,0.9781219959259033,1201.50830078125,766.3814697265625,0.9638049006462097,1131.8931884765625,840.5457763671875,0.933391809463501,1341.9996337890625,800.59423828125,0.8948616981506348,1292.9918212890625,824.78076171875,0.8516387939453125
42,799.8975830078125,661.9764404296875,1397.37255859375,914.219970703125,0.7670871615409851,0,1,895.2030029296875,817.455810546875,0.9240931272506714,880.1552124023438,800.2220458984375,0.824938178062439,876.240234375,820.367919921875,0.802569568157196,871.4559326171875,764.6810302734375,0.4802763760089874,855.623291015625,817.5787353515625,0.46420028805732727,931.4822387695312,719.5897827148438,0.9863641858100891,917.9990844726562,787.217529296875,0.9475184082984924,1026.193603515625,736.696044921875,0.9738124012947083,949.3829345703125,824.021728515625,0.8317627310752869,1051.26416015625,856.5169677734375,0.9717429280281067,939.91796875,874.1046752929688,0.8930186033248901,1094.9237060546875,710.216552734375,0.9934117197990417,1092.581298828125,742.031494140625,0.9864361882209778,1136.897216796875,821.427978515625,0.9775312542915344,1155.89599609375,834.6123046875,0.9534519910812378,1269.97509765625,820.58447265625,0.8818705081939697,1285.7044677734375,801.1571044921875,0.7996870875358582
43,800.2981567382812,661.8834228515625,1387.076416015625,913.8438720703125,0.7795423865318298,0,2,895.423583984375,816.767333984375,0.9266464710235596,881.5226440429688,799.4649658203125,0.8418087959289551,876.7791748046875,819.3338012695312,0.8026750087738037,874.8202514648438,763.6008911132812,0.5056692361831665,857.3482666015625,815.5665283203125,0.4487985074520111,934.69775390625,719.4771118164062,0.9861380457878113,918.8634033203125,782.8035278320312,0.9405288696289062,1028.8135986328125,741.6988525390625,0.9731393456459045,947.8431396484375,820.6583862304688,0.7990187406539917,1048.094482421875,860.416259765625,0.9699879288673401,936.0888671875,873.4180297851562,0.8725945949554443,1099.0743408203125,707.3544921875,0.9933621883392334,1095.55322265625,736.6107788085938,0.9853428602218628,1138.56494140625,829.40673828125,0.9778068661689758,1162.2701416015625,835.9312744140625,0.9502733945846558,1282.22900390625,832.3028564453125,0.8801568746566772,1296.6640625,802.7838134765625,0.7875599265098572
44,800.6358032226562,662.2988891601562,1365.222900390625,914.1278686523438,0.8263878226280212,0,2,895.7037353515625,817.8818359375,0.9326396584510803,881.5013427734375,800.291748046875,0.8508458733558655,876.818603515625,820.332275390625,0.8192256093025208,874.1226196289062,762.6381225585938,0.5122408866882324,855.9695434570312,815.0326538085938,0.4687878489494324,936.684326171875,718.7301025390625,0.9863437414169312,915.4012451171875,781.596923828125,0.9443249106407166,1029.21875,746.025146484375,0.9723003506660461,951.3301391601562,820.2687377929688,0.8074148893356323,1046.2490234375,864.4310302734375,0.9679064154624939,938.6295166015625,873.7040405273438,0.8735260963439941,1103.65087890625,712.6929931640625,0.992706835269928,1094.7568359375,742.5699462890625,0.9844592809677124,1145.49658203125,835.5693969726562,0.971465528011322,1153.1275634765625,845.6248168945312,0.938783586025238,1290.259765625,832.126220703125,0.8407334685325623,1291.3642578125,810.0142822265625,0.7316066026687622
45,801.48046875,662.9191284179688,1363.0843505859375,914.6788330078125,0.8557862043380737,0,1,894.7154541015625,818.4548950195312,0.948284387588501,880.1735229492188,800.7694091796875,0.8727601766586304,875.3724365234375,820.72705078125,0.8610446453094482,871.9788208007812,763.2002563476562,0.533000648021698,853.4366455078125,815.4312744140625,0.5341700911521912,936.2139892578125,721.5452270507812,0.9889955520629883,913.0794677734375,782.635009765625,0.960433304309845,1031.740478515625,753.4482421875,0.9751943349838257,955.088134765625,820.7333984375,0.8573455214500427,1047.9266357421875,871.0760498046875,0.9708237051963806,938.3929443359375,873.375244140625,0.9039866924285889,1102.1451416015625,717.436279296875,0.9933290481567383,1091.2626953125,746.8185424804688,0.9869892001152039,1151.9754638671875,836.5050048828125,0.9716973900794983,1150.044189453125,847.6529541015625,0.9457322359085083,1284.7637939453125,833.748291015625,0.8341796398162842,1281.275146484375,815.6270751953125,0.7396364212036133
46,801.8783569335938,664.6806640625,1360.816162109375,915.0811767578125,0.8455319404602051,0,2,893.2417602539062,818.4450073242188,0.9435847401618958,879.477783203125,800.8668823242188,0.8681701421737671,873.8572998046875,820.351318359375,0.8501918315887451,872.5057373046875,763.9048461914062,0.5158979296684265,851.5185546875,814.5621337890625,0.5138000845909119,936.7349853515625,724.225341796875,0.9880209565162659,907.8641357421875,780.8057861328125,0.9498366713523865,1030.703857421875,760.4218139648438,0.9747052788734436,952.5157470703125,815.9115600585938,0.8205751180648804,1047.85498046875,874.794921875,0.9688073992729187,935.27197265625,869.484130859375,0.8815563321113586,1105.11474609375,717.1034545898438,0.9925767779350281,1089.559326171875,745.891845703125,0.9841569066047668,1163.8939208984375,834.2076416015625,0.9693918228149414,1152.27880859375,847.504638671875,0.9369208812713623,1292.3876953125,832.7635498046875,0.8290911316871643,1281.9298095703125,820.5067138671875,0.719682514667511
47,803.5914916992188,665.7876586914062,1360.834228515625,914.984619140625,0.8408008813858032,0,2,894.8545532226562,820.7694091796875,0.9404473304748535,881.5484619140625,803.0306396484375,0.8620141744613647,875.4537963867188,822.43115234375,0.840383768081665,874.8023071289062,764.2784423828125,0.4953725337982178,852.1008911132812,814.6827392578125,0.4913867115974426,937.4822387695312,723.4208984375,0.9884629845619202,906.89208984375,779.1986083984375,0.9442721605300903,1031.8160400390625,761.3214111328125,0.9768705368041992,949.3507690429688,815.6920166015625,0.8000445365905762,1048.1573486328125,875.2128295898438,0.9708808064460754,932.0859375,871.5148315429688,0.8698315620422363,1105.139892578125,722.5181274414062,0.9935131669044495,1088.844970703125,750.8214111328125,0.9849554896354675,1160.0980224609375,841.1619873046875,0.9723824262619019,1152.234130859375,853.2987060546875,0.9370548725128174,1292.21484375,831.92333984375,0.8425283432006836,1283.307373046875,817.4628295898438,0.7223723530769348
48,804.1307373046875,665.7022705078125,1368.1116943359375,914.9379272460938,0.8424467444419861,0,2,896.0857543945312,821.1138916015625,0.9378331303596497,883.1512451171875,803.8924560546875,0.8547561764717102,877.2041015625,822.7890625,0.8335220813751221,876.1854858398438,765.9014892578125,0.4867231845855713,853.4144287109375,814.9550170898438,0.4911254942417145,937.7401123046875,723.9290771484375,0.9894039630889893,904.4082641601562,779.685546875,0.9501801133155823,1031.3546142578125,762.8299560546875,0.9803991913795471,945.89990234375,818.7506103515625,0.8315643072128296,1049.4212646484375,875.9488525390625,0.9753466248512268,929.8591918945312,871.4190673828125,0.8909081816673279,1107.5963134765625,719.4193115234375,0.9944812059402466,1089.376953125,748.3187255859375,0.9874309301376343,1163.3912353515625,838.0108642578125,0.9752119183540344,1153.4873046875,851.2564086914062,0.9439736008644104,1296.275634765625,827.4655151367188,0.8481670618057251,1284.74609375,813.9892578125,0.7327744364738464
49,804.5864868164062,665.8685913085938,1360.617431640625,914.66015625,0.8964405059814453,0,2,895.2449340820312,820.623046875,0.941274881362915,882.8377075195312,802.8934936523438,0.8719039559364319,876.277099609375,821.8681640625,0.8316452503204346,877.481201171875,763.7506103515625,0.5309931039810181,853.431640625,812.7762451171875,0.4753279685974121,940.662353515625,723.2635498046875,0.991054356098175,906.05859375,778.662841796875,0.9531227946281433,1033.349609375,762.4705810546875,0.9845409393310547,945.150634765625,817.2409057617188,0.8407215476036072,1049.0,876.782958984375,0.980096161365509,928.7342529296875,871.9461669921875,0.89887934923172,1110.3892822265625,723.7451782226562,0.9946510195732117,1091.353759765625,751.7525024414062,0.9872670769691467,1153.685791015625,840.398193359375,0.9742121696472168,1142.2939453125,852.938232421875,0.9368183612823486,1280.33447265625,828.16357421875,0.8338073492050171,1270.03515625,814.2010498046875,0.6976304054260254
50,807.0582275390625,667.3320922851562,1355.3660888671875,915.7699584960938,0.9001458883285522,0,1,899.607666015625,816.77001953125,0.94377601146698,886.39501953125,800.5074462890625,0.8374717831611633,882.8373413085938,817.9581298828125,0.8457503914833069,873.5473022460938,761.7666015625,0.41942262649536133,858.6529541015625,807.4521484375,0.5370924472808838,929.9705200195312,715.5601806640625,0.9847533702850342,908.5809326171875,774.7176513671875,0.9557785987854004,1029.4671630859375,756.0521850585938,0.9737082719802856,956.2001953125,822.1845703125,0.8753591775894165,1046.978515625,871.7496337890625,0.9749860167503357,920.1282958984375,866.4046630859375,0.9266473054885864,1119.6368408203125,715.802978515625,0.9911158084869385,1110.96337890625,745.2907104492188,0.9838054180145264,1152.290283203125,838.586669921875,0.9558670520782471,1156.463134765625,853.6880493164062,0.9204625487327576,1275.290283203125,823.6197509765625,0.72311931848526,1286.3133544921875,808.4192504882812,0.6046178340911865
51,807.3370971679688,666.9175415039062,1355.668701171875,915.2938842773438,0.9026617407798767,0,1,897.7487182617188,816.7415771484375,0.9481777548789978,884.1070556640625,800.1650390625,0.8527953624725342,880.5305786132812,818.263916015625,0.8561561107635498,871.9458618164062,761.787109375,0.4530976414680481,857.6098022460938,809.1473388671875,0.559581458568573,931.20263671875,716.5160522460938,0.9866395592689514,909.8094482421875,777.9461059570312,0.9602668881416321,1029.1265869140625,754.6209716796875,0.9752124547958374,955.6734008789062,824.590087890625,0.880066454410553,1046.622314453125,870.4686279296875,0.9756572246551514,920.8121337890625,867.544677734375,0.9278483390808105,1119.65478515625,715.2495727539062,0.9916605353355408,1110.7857666015625,745.50341796875,0.9846962690353394,1154.655029296875,835.2620849609375,0.9591624140739441,1155.939697265625,851.0029296875,0.9260812401771545,1274.2496337890625,821.7113037109375,0.7431612014770508,1284.38427734375,807.1337890625,0.6290454268455505
52,807.3850708007812,667.8685302734375,1356.963134765625,915.3689575195312,0.9033806324005127,0,1,897.5938110351562,817.5694580078125,0.9466775059700012,884.81591796875,801.251953125,0.8513184189796448,880.7642822265625,818.8916015625,0.8536901473999023,874.37548828125,762.1568603515625,0.44642746448516846,858.8754272460938,808.135498046875,0.5585860013961792,933.7279052734375,716.40869140625,0.9867439270019531,908.642822265625,775.5413818359375,0.9600310325622559,1030.8134765625,756.78564453125,0.9764057993888855,954.8719482421875,822.9176025390625,0.8847347497940063,1047.485107421875,871.6016235351562,0.9764851331710815,921.6583251953125,866.5903930664062,0.9305552840232849,1118.5828857421875,716.0230102539062,0.9917379021644592,1106.8603515625,745.593017578125,0.9848198890686035,1158.865234375,834.9527587890625,0.957622766494751,1155.4119873046875,850.5697021484375,0.9242969751358032,1274.2861328125,820.4412841796875,0.7331543564796448,1280.410888671875,807.097412109375,0.6191067695617676
53,807.1532592773438,668.3778076171875,1357.601318359375,915.1935424804688,0.9027013778686523,0,1,896.2512817382812,816.648193359375,0.947096049785614,883.196044921875,800.4736328125,0.8490947484970093,879.6516723632812,817.951904296875,0.8534984588623047,872.323974609375,761.50244140625,0.4509141147136688,858.3643798828125,807.1005249023438,0.5618517994880676,932.875,716.0023193359375,0.9863637089729309,910.5671997070312,774.5205078125,0.9636938571929932,1032.041015625,758.2337036132812,0.9746946096420288,959.9558715820312,823.098876953125,0.8962165117263794,1047.3802490234375,872.218017578125,0.975095808506012,923.4017333984375,866.330322265625,0.935886800289154,1121.036865234375,716.763427734375,0.9915516376495361,1111.130126953125,745.665771484375,0.9855819344520569,1156.29541015625,837.2939453125,0.9564001560211182,1154.781494140625,851.65966796875,0.927341639995575,1273.446044921875,822.9754638671875,0.7241403460502625,1281.0869140625,807.9277954101562,0.6225307583808899
54,806.9937744140625,668.3782348632812,1356.1689453125,914.9190673828125,0.9087125062942505,0,1,896.4105834960938,816.693603515625,0.9420965909957886,883.2637939453125,800.7236328125,0.8379102945327759,880.2464599609375,818.03662109375,0.8395996689796448,871.7957763671875,761.87548828125,0.4432499408721924,858.9259033203125,807.1298828125,0.5450241565704346,931.9993286132812,715.43896484375,0.9867168664932251,909.2957153320312,774.862060546875,0.9620353579521179,1031.20556640625,756.0118408203125,0.9764165282249451,957.400634765625,824.0631103515625,0.892692506313324,1047.4984130859375,871.8134765625,0.9765487909317017,923.2373657226562,866.319580078125,0.9341001510620117,1118.969482421875,717.2130737304688,0.9923185110092163,1108.81982421875,746.5123291015625,0.9863669276237488,1152.97900390625,837.583740234375,0.9606690406799316,1150.422119140625,852.319091796875,0.9309512376785278,1272.4150390625,822.8184814453125,0.743565559387207,1279.9140625,807.5414428710938,0.6358500719070435
55,807.1748657226562,668.3365478515625,1355.85986328125,914.8380126953125,0.9094172120094299,0,1,896.6015625,816.479248046875,0.941454291343689,883.3269653320312,800.4801635742188,0.8347781300544739,880.3463745117188,817.876220703125,0.8382980227470398,871.6456298828125,761.814697265625,0.4334774911403656,858.978271484375,807.283935546875,0.5454099774360657,931.2258911132812,714.7139282226562,0.9862672090530396,909.6450805664062,774.8939208984375,0.9593930840492249,1031.131591796875,753.8618774414062,0.9764783382415771,959.3798828125,823.813720703125,0.8880939483642578,1047.675537109375,871.5770263671875,0.977013885974884,924.2869262695312,866.083740234375,0.9332503080368042,1118.2899169921875,715.6922607421875,0.9917033910751343,1108.9315185546875,745.3526000976562,0.9849404692649841,1157.782958984375,837.1986083984375,0.9559020400047302,1156.684814453125,851.9401245117188,0.9221392869949341,1273.618408203125,822.022216796875,0.7157500386238098,1283.330322265625,806.0712890625,0.6007643342018127
56,807.2129516601562,668.486328125,1354.708251953125,914.5970458984375,0.9091160297393799,0,2,896.33837890625,816.7430419921875,0.9388116598129272,883.3817138671875,800.69189453125,0.8344900608062744,880.3526000976562,818.049560546875,0.8276888132095337,872.532958984375,761.8141479492188,0.4461432695388794,860.0137939453125,807.136962890625,0.5295533537864685,932.5662841796875,714.4676513671875,0.9864903688430786,910.8409423828125,775.1671142578125,0.9591903686523438,1030.6148681640625,752.2150268554688,0.9774777889251709,957.64892578125,824.0025634765625,0.8877729177474976,1045.9786376953125,869.4306640625,0.9779542684555054,923.8203125,866.4776000976562,0.9330777525901794,1120.193359375,716.1155395507812,0.9921586513519287,1110.775390625,745.7971801757812,0.9856225848197937,1152.7415771484375,837.425537109375,0.9596856832504272,1152.08984375,852.3392944335938,0.9265173077583313,1271.889404296875,823.7264404296875,0.7338419556617737,1281.892333984375,807.766845703125,0.6169170141220093
57,807.25927734375,668.4845581054688,1355.4349365234375,914.9924926757812,0.9138928651809692,0,1,895.839599609375,816.23291015625,0.9390274286270142,882.966552734375,800.3783569335938,0.8342586755752563,879.9882202148438,817.4395751953125,0.826795756816864,871.9796142578125,761.8248291015625,0.44716253876686096,859.4141235351562,806.3587646484375,0.5250540375709534,932.6347045898438,715.315185546875,0.9863209128379822,910.890869140625,774.2137451171875,0.9605467915534973,1032.46875,755.652587890625,0.9765790700912476,958.477294921875,823.3299560546875,0.8900933265686035,1046.81787109375,871.2387084960938,0.9768602848052979,922.9231567382812,865.9404296875,0.9331367015838623,1123.981689453125,718.2213745117188,0.9923802614212036,1114.5479736328125,747.03515625,0.9863988161087036,1150.9990234375,839.582763671875,0.9618541598320007,1150.5164794921875,853.310546875,0.9314798712730408,1274.4583740234375,826.13232421875,0.7477278709411621,1282.875,808.845458984375,0.6373939514160156
58,805.1383666992188,668.483154296875,1361.263427734375,914.8603515625,0.9076594114303589,0,2,895.0706176757812,819.9495849609375,0.93454909324646,881.796142578125,802.502685546875,0.8624187111854553,876.4857788085938,821.36376953125,0.8077136874198914,874.3392333984375,764.598876953125,0.5327962040901184,853.0372314453125,813.504150390625,0.444247305393219,938.8223876953125,723.2030029296875,0.9908658862113953,904.4177856445312,781.1541748046875,0.9429754614830017,1035.37548828125,760.53564453125,0.9861765503883362,946.389404296875,822.2435302734375,0.8153265118598938,1049.15283203125,876.8642578125,0.9822512269020081,930.4647216796875,872.882568359375,0.8881019949913025,1108.8438720703125,725.122802734375,0.9932377338409424,1089.87353515625,753.8892822265625,0.9822031259536743,1152.1353759765625,842.2464599609375,0.9637969136238098,1138.562744140625,855.2027587890625,0.9020252227783203,1270.65625,828.7838745117188,0.7647668719291687,1263.802734375,813.3441162109375,0.5757646560668945
59,804.7941284179688,668.8460693359375,1361.108154296875,914.9320068359375,0.9048545360565186,0,2,893.8104858398438,818.7850341796875,0.9364981055259705,880.9583129882812,801.2332763671875,0.8728808760643005,874.9495239257812,820.2435302734375,0.8117105960845947,874.7686767578125,763.6627197265625,0.5506864786148071,852.0737915039062,812.8017578125,0.4448879659175873,939.8570556640625,723.0182495117188,0.9915277361869812,903.1810913085938,780.722412109375,0.939923882484436,1033.32666015625,761.2534790039062,0.9865888953208923,944.005615234375,822.1278076171875,0.7895016074180603,1049.6982421875,876.9882202148438,0.9818537831306458,930.0677490234375,873.1964111328125,0.8704874515533447,1108.2860107421875,723.2782592773438,0.9936602711677551,1087.4732666015625,752.2371826171875,0.9821128845214844,1151.3187255859375,841.3751220703125,0.9673712253570557,1135.542724609375,855.32666015625,0.904587984085083,1270.595947265625,826.2478637695312,0.7901102304458618,1260.7041015625,812.6698608398438,0.5963584780693054
