frame,bbox_x1,bbox_y1,bbox_x2,bbox_y2,bbox_conf,person_index,num_persons,x0,y0,c0,x1,y1,c1,x2,y2,c2,x3,y3,c3,x4,y4,c4,x5,y5,c5,x6,y6,c6,x7,y7,c7,x8,y8,c8,x9,y9,c9,x10,y10,c10,x11,y11,c11,x12,y12,c12,x13,y13,c13,x14,y14,c14,x15,y15,c15,x16,y16,c16
0,372.75054931640625,198.78550720214844,613.66650390625,287.97967529296875,0.8610427379608154,0,1,396.88848876953125,249.67361450195312,0.7153440117835999,392.34027099609375,244.21337890625,0.5988187193870544,389.6141357421875,251.58685302734375,0.5323353409767151,392.37091064453125,236.6632080078125,0.32344257831573486,383.9557189941406,256.09954833984375,0.24684065580368042,414.1679382324219,222.66107177734375,0.9297595620155334,412.1179504394531,252.63339233398438,0.7363922595977783,451.6041564941406,199.95199584960938,0.8333868384361267,448.6926574707031,250.5150146484375,0.34943220019340515,490.03643798828125,209.52264404296875,0.8192657828330994,471.60821533203125,246.75408935546875,0.4582420289516449,472.3373107910156,221.88877868652344,0.9893803596496582,468.525146484375,238.8194122314453,0.9765998721122742,492.05499267578125,247.32366943359375,0.992119312286377,471.16973876953125,265.4608154296875,0.9828008413314819,574.4645385742188,255.66859436035156,0.9875597357749939,540.2474365234375,270.80108642578125,0.9766989946365356
1,372.44195556640625,199.127197265625,615.09521484375,287.5605163574219,0.8571001291275024,0,1,396.05572509765625,250.12332153320312,0.7044464945793152,391.65496826171875,244.32118225097656,0.6123650670051575,388.9418640136719,251.86407470703125,0.5101366639137268,392.26055908203125,235.5218963623047,0.35957011580467224,384.18365478515625,255.67431640625,0.22472210228443146,414.8424377441406,220.3189697265625,0.9240286350250244,413.0361328125,254.30088806152344,0.7148879766464233,453.81231689453125,199.99803161621094,0.7974851727485657,446.3453674316406,262.9537353515625,0.2726476788520813,488.8454895019531,211.62216186523438,0.7522122859954834,457.2566833496094,270.8468322753906,0.3189753293991089,472.5523681640625,220.95010375976562,0.9861168265342712,469.939208984375,238.9150390625,0.9681723117828369,489.593017578125,247.1565399169922,0.9903240203857422,474.80450439453125,264.85479736328125,0.9773664474487305,573.3093872070312,256.36767578125,0.9865471124649048,545.1265258789062,268.58111572265625,0.9736809730529785
2,372.2176208496094,199.03570556640625,615.3529663085938,287.4479675292969,0.8565478324890137,0,1,395.6669921875,249.67250061035156,0.7450820207595825,391.3369445800781,243.70945739746094,0.6683126091957092,388.5098876953125,251.4138641357422,0.5406965613365173,392.53643798828125,234.859619140625,0.4273015856742859,384.49444580078125,255.4121551513672,0.23458558320999146,415.63531494140625,220.4776153564453,0.9431638717651367,414.17266845703125,254.88372802734375,0.7596622705459595,454.7734680175781,200.58782958984375,0.8344832062721252,449.078857421875,263.7680969238281,0.3017887473106384,489.0727844238281,211.60040283203125,0.7886080145835876,460.98724365234375,270.5635986328125,0.34804925322532654,471.5635070800781,221.87782287597656,0.9879882335662842,468.9410705566406,240.0258331298828,0.9716012477874756,489.5290222167969,246.80523681640625,0.9908183217048645,474.4407958984375,265.19073486328125,0.9780241250991821,572.0792236328125,255.07994079589844,0.9863837361335754,542.2500610351562,268.5345764160156,0.9729582667350769
3,372.4276428222656,199.18687438964844,616.5574340820312,287.0289306640625,0.8553144931793213,0,1,395.7784729003906,249.61341857910156,0.8369559645652771,391.3447570800781,244.3564453125,0.7765676975250244,388.5904235839844,251.8335418701172,0.6641519069671631,392.1061096191406,237.53652954101562,0.5191500782966614,384.48388671875,257.4816589355469,0.3074539601802826,416.5313720703125,223.79959106445312,0.9717751741409302,415.10009765625,257.0601501464844,0.8291230797767639,456.5191955566406,202.82907104492188,0.8767469525337219,449.5389709472656,265.3044738769531,0.30252373218536377,490.0268249511719,211.0436553955078,0.8155851364135742,462.2847595214844,266.4696960449219,0.3499143123626709,473.0409851074219,224.71336364746094,0.9919747710227966,470.03900146484375,242.1312255859375,0.978451132774353,489.66876220703125,247.54640197753906,0.9940088987350464,472.4119567871094,265.9305114746094,0.9838030338287354,571.8095703125,252.74667358398438,0.9921851754188538,535.2871704101562,267.3729553222656,0.982871413230896
4,372.8165588378906,198.88514709472656,616.658447265625,287.1584167480469,0.8437708020210266,0,1,396.3314208984375,248.48562622070312,0.6798062324523926,391.6075439453125,243.05679321289062,0.5782703757286072,389.426025390625,250.2866973876953,0.4773978590965271,391.3854675292969,235.21759033203125,0.34517326951026917,384.5052795410156,254.52642822265625,0.22259172797203064,414.68426513671875,220.4666748046875,0.9339786767959595,412.41632080078125,253.51223754882812,0.7097032070159912,456.4146728515625,201.17034912109375,0.8331401944160461,448.210693359375,261.7771301269531,0.274894118309021,492.01434326171875,211.69703674316406,0.7916536331176758,464.29833984375,265.5897216796875,0.3367183208465576,472.1184387207031,220.2818603515625,0.9879090189933777,468.8669738769531,238.35641479492188,0.9698899388313293,491.3412170410156,246.7570343017578,0.990902841091156,474.1509094238281,266.1811218261719,0.977075457572937,572.4393920898438,253.73834228515625,0.9863248467445374,540.9671630859375,269.1655578613281,0.9715141654014587
5,372.556640625,198.71583557128906,616.3211059570312,286.7624206542969,0.8451345562934875,0,1,397.00067138671875,246.52044677734375,0.7497367262840271,392.30810546875,241.1928253173828,0.6522748470306396,389.9326477050781,248.5664825439453,0.5653139352798462,392.1908874511719,234.2382354736328,0.4030890166759491,385.4029541015625,253.95330810546875,0.27217957377433777,415.4166259765625,220.62380981445312,0.9448997378349304,414.5801696777344,254.1117401123047,0.7691767811775208,455.8732604980469,200.89212036132812,0.8178276419639587,450.53228759765625,262.1385192871094,0.29021525382995605,490.7783203125,210.9482879638672,0.7658984661102295,465.4152526855469,265.264404296875,0.33436664938926697,471.8862609863281,220.8470916748047,0.9884479641914368,469.66387939453125,238.976318359375,0.9728978276252747,490.82720947265625,245.340087890625,0.9917490482330322,475.91729736328125,264.967529296875,0.9808109402656555,572.4629516601562,253.1997528076172,0.9885313510894775,542.394287109375,268.8460388183594,0.9775325059890747
6,372.67315673828125,198.7780303955078,617.1705322265625,286.45428466796875,0.8496016263961792,0,1,395.924072265625,250.4801025390625,0.8146210312843323,391.56646728515625,245.45799255371094,0.7484548687934875,389.3621826171875,252.44754028320312,0.6274046301841736,391.8868713378906,238.585693359375,0.5044674873352051,385.6675720214844,257.23529052734375,0.29293686151504517,414.5664978027344,224.0802764892578,0.9681602716445923,415.4930419921875,256.59918212890625,0.8094614744186401,454.0936279296875,202.14317321777344,0.8688700199127197,451.1755065917969,264.79254150390625,0.283871054649353,489.46148681640625,210.24339294433594,0.806829571723938,468.738525390625,264.025390625,0.33373093605041504,472.4493408203125,223.82601928710938,0.9906559586524963,470.9501647949219,241.1599578857422,0.9747335910797119,488.19158935546875,246.88717651367188,0.9928600192070007,472.8744812011719,265.49639892578125,0.9805041551589966,571.570556640625,251.46267700195312,0.9907044768333435,537.0158081054688,266.26092529296875,0.9794493913650513
7,371.5888366699219,196.9476776123047,616.9878540039062,285.58831787109375,0.842634379863739,0,1,395.6110534667969,249.18809509277344,0.5667896866798401,390.089111328125,243.92620849609375,0.39169174432754517,388.62799072265625,250.60382080078125,0.36718156933784485,386.7181396484375,236.11712646484375,0.21895140409469604,379.6637878417969,254.1472625732422,0.15666522085666656,407.9132385253906,222.59808349609375,0.8570386171340942,406.1114501953125,251.09426879882812,0.5532979369163513,454.2707214355469,202.27879333496094,0.7267709374427795,446.8653259277344,252.33154296875,0.20340627431869507,495.2700500488281,212.7327423095703,0.7185787558555603,475.6403503417969,250.72857666015625,0.2944740056991577,468.2304382324219,222.75267028808594,0.9714374542236328,465.9088134765625,239.27577209472656,0.9356306195259094,486.3813171386719,246.95143127441406,0.981899619102478,477.164306640625,263.1606750488281,0.95772784948349,577.519775390625,255.8220977783203,0.9757319092750549,562.0319213867188,266.6353759765625,0.9516322612762451
8,372.0361328125,196.96363830566406,617.048095703125,285.5368347167969,0.8469446897506714,0,1,393.8487548828125,251.26547241210938,0.4882102906703949,388.4888610839844,246.42172241210938,0.32953277230262756,387.009521484375,252.9306182861328,0.2935166358947754,386.0177917480469,239.275634765625,0.1908140778541565,378.6989440917969,256.4186096191406,0.12909860908985138,407.0860595703125,225.83737182617188,0.817329466342926,405.35211181640625,248.84112548828125,0.4904855787754059,451.51495361328125,200.394775390625,0.7156749367713928,447.992431640625,234.84629821777344,0.20755164325237274,496.0981140136719,210.17042541503906,0.7388648986816406,487.7424621582031,223.4828643798828,0.34524813294410706,468.7757263183594,223.87933349609375,0.9720494747161865,466.315673828125,238.28807067871094,0.939269483089447,485.1627197265625,247.90335083007812,0.9825146794319153,476.98602294921875,262.0800476074219,0.9612923264503479,577.3515014648438,256.23583984375,0.97571861743927,566.5767211914062,265.8005676269531,0.9533637762069702
9,372.20556640625,195.50669860839844,617.7247314453125,285.0958251953125,0.850224494934082,0,1,397.0582580566406,249.65867614746094,0.31156855821609497,391.556396484375,245.54437255859375,0.16006731986999512,390.9801330566406,251.2650146484375,0.1767149120569229,387.8624267578125,239.96287536621094,0.10081355273723602,382.56219482421875,254.88148498535156,0.09921925514936447,406.77557373046875,227.828369140625,0.6934337615966797,406.2236022949219,244.59681701660156,0.44310900568962097,448.644775390625,198.48110961914062,0.6369448304176331,444.1518249511719,219.05918884277344,0.27629128098487854,497.666015625,207.63784790039062,0.7190693616867065,492.7710266113281,205.93702697753906,0.4598325788974762,468.0703430175781,225.0624237060547,0.9725010991096497,466.7359924316406,237.17237854003906,0.9535495638847351,483.0023193359375,248.64108276367188,0.9841501116752625,476.66497802734375,259.8533935546875,0.973640501499176,579.9844970703125,256.46575927734375,0.977886438369751,574.0458984375,263.8429870605469,0.9656435251235962
10,372.2760925292969,196.25843811035156,615.1802978515625,285.25311279296875,0.8524050116539001,0,1,397.5628662109375,245.91392517089844,0.3774076998233795,393.2715148925781,242.08917236328125,0.22611349821090698,393.07220458984375,247.5719757080078,0.1994742453098297,395.1212158203125,239.69302368164062,0.2122819870710373,392.3420104980469,252.9382781982422,0.15991631150245667,414.384033203125,234.03529357910156,0.817391574382782,415.60693359375,248.3086395263672,0.8020151257514954,441.8605041503906,198.72821044921875,0.8109304308891296,440.1429443359375,217.1181640625,0.7819333076477051,489.39544677734375,201.51620483398438,0.8811339139938354,487.3576354980469,199.85696411132812,0.8742844462394714,471.7518005371094,235.34591674804688,0.9808902740478516,472.5245056152344,245.89585876464844,0.9809244871139526,486.603271484375,245.3694610595703,0.9707551598548889,483.5257568359375,255.24008178710938,0.973256528377533,569.0659790039062,253.9303741455078,0.9243334531784058,566.6640625,260.29937744140625,0.9277316331863403
11,372.42303466796875,195.4864501953125,614.2017211914062,285.5503845214844,0.8391979336738586,0,1,396.5354919433594,248.48489379882812,0.26187995076179504,392.2132263183594,244.64352416992188,0.16295453906059265,392.76251220703125,249.78485107421875,0.11590837687253952,395.433349609375,240.19480895996094,0.1852305829524994,393.3612060546875,252.44570922851562,0.10057957470417023,415.48333740234375,232.09432983398438,0.7623623013496399,416.4454345703125,244.9102325439453,0.7173525094985962,445.0224914550781,196.8807373046875,0.8205196261405945,441.4183044433594,213.00201416015625,0.751508355140686,491.1568298339844,201.09375,0.8870601058006287,488.01837158203125,199.2790069580078,0.8597772717475891,470.5975646972656,237.7540283203125,0.9750041365623474,471.1260681152344,247.7104949951172,0.9733085036277771,485.0119323730469,247.56837463378906,0.9515770077705383,481.75360107421875,257.62847900390625,0.9519504308700562,570.12939453125,254.248779296875,0.8667160868644714,565.6305541992188,261.8507995605469,0.8648653030395508
12,370.3643493652344,193.76417541503906,611.8675537109375,285.661376953125,0.82431560754776,0,1,394.7493591308594,243.87831115722656,0.2745184004306793,390.2967834472656,240.35145568847656,0.18633674085140228,391.10540771484375,245.36875915527344,0.11721698194742203,393.57061767578125,236.2790985107422,0.21644514799118042,392.4660339355469,248.1012725830078,0.09687403589487076,415.4653015136719,227.59532165527344,0.7713497877120972,415.87847900390625,240.1587677001953,0.6973467469215393,445.2579650878906,195.2145233154297,0.8270130157470703,441.8413391113281,209.64271545410156,0.7225292921066284,492.4367980957031,200.98043823242188,0.8821045756340027,490.8371887207031,199.25990295410156,0.8368254899978638,473.7085876464844,234.4737548828125,0.9664382934570312,473.01953125,244.95413208007812,0.9618907570838928,488.1384582519531,248.68296813964844,0.9180660247802734,478.1589050292969,261.6395568847656,0.9130135774612427,567.3091430664062,251.8665008544922,0.7722693085670471,555.5029296875,265.3525390625,0.759057879447937
13,366.5700378417969,191.78207397460938,617.0936279296875,286.14263916015625,0.8631229400634766,0,1,390.1068115234375,244.8236541748047,0.44755733013153076,386.85797119140625,240.69593811035156,0.38461723923683167,385.7296447753906,245.9950408935547,0.19053147733211517,393.4320983886719,234.6629180908203,0.354266494512558,387.45635986328125,247.24468994140625,0.09514643251895905,416.6137390136719,224.72364807128906,0.8851568698883057,413.3674621582031,239.8201904296875,0.7702600359916687,445.7418212890625,194.0327911376953,0.9002124667167664,442.0735168457031,211.44776916503906,0.7237673401832581,490.5680847167969,199.556884765625,0.922160267829895,489.4441833496094,199.18548583984375,0.8371155261993408,474.1921081542969,230.8336181640625,0.985619068145752,469.4562072753906,243.0983428955078,0.980043888092041,492.2422790527344,245.62725830078125,0.9690929651260376,468.8077697753906,263.3693542480469,0.9594911932945251,571.0867309570312,246.2372283935547,0.9108508825302124,540.6961059570312,268.1710510253906,0.8899328708648682
14,364.9026184082031,189.95008850097656,623.7490844726562,286.2464599609375,0.8754138946533203,0,1,395.5772399902344,231.97344970703125,0.3420063853263855,393.1605529785156,228.49720764160156,0.24852289259433746,390.7212829589844,232.51248168945312,0.13941708207130432,397.3481750488281,225.96141052246094,0.20064638555049896,387.7333068847656,235.48992919921875,0.07499253004789352,416.51898193359375,219.46852111816406,0.8566218018531799,408.580810546875,233.06149291992188,0.6026115417480469,445.5274353027344,193.029541015625,0.888573944568634,438.77630615234375,210.1704559326172,0.5024384260177612,484.7149963378906,199.7832794189453,0.9050808548927307,485.30706787109375,197.6865997314453,0.6900761127471924,473.27972412109375,228.39585876464844,0.9827392101287842,463.985595703125,241.11839294433594,0.9680215716362,498.9322814941406,242.0626220703125,0.9738932251930237,464.70208740234375,263.0021057128906,0.9530037641525269,580.6656494140625,242.67373657226562,0.9400774240493774,538.3478393554688,269.35418701171875,0.9032521843910217
15,367.0779724121094,189.63804626464844,628.09619140625,285.28533935546875,0.8573716282844543,0,1,392.99053955078125,233.29364013671875,0.44064971804618835,389.9327697753906,229.56019592285156,0.29891350865364075,388.14300537109375,233.80271911621094,0.20698408782482147,392.43804931640625,226.14735412597656,0.23328375816345215,385.18609619140625,236.26617431640625,0.12049444019794464,409.8016052246094,220.19100952148438,0.8713384866714478,408.91253662109375,233.1526641845703,0.7309731245040894,439.5226745605469,194.10720825195312,0.8641700744628906,437.8423156738281,210.7010040283203,0.6016711592674255,482.859375,199.44151306152344,0.887111246585846,482.7799987792969,196.7655029296875,0.7466844916343689,473.98095703125,226.95343017578125,0.9820961952209473,471.8942565917969,238.86219787597656,0.9731326699256897,491.5730285644531,244.73838806152344,0.9723609089851379,481.042236328125,261.06591796875,0.9596022963523865,580.0018920898438,246.3372344970703,0.9308634400367737,568.0101318359375,264.2573547363281,0.9047444462776184
16,365.0688781738281,189.95985412597656,632.725830078125,287.4516906738281,0.883535623550415,0,1,391.7984924316406,234.2642364501953,0.5117136240005493,388.2320556640625,230.5128936767578,0.3303980827331543,387.4425048828125,234.43846130371094,0.2745596468448639,388.2760314941406,227.10975646972656,0.2617073059082031,383.4958801269531,236.4843292236328,0.1917589157819748,404.1671447753906,223.21499633789062,0.9143572449684143,407.28070068359375,233.1014862060547,0.8115612864494324,438.9726257324219,193.46923828125,0.8699585199356079,437.61041259765625,208.9840850830078,0.6178325414657593,478.3484802246094,199.44105529785156,0.8869187831878662,477.6104431152344,196.5337371826172,0.7459933161735535,471.1159362792969,224.87159729003906,0.9896847009658813,474.12286376953125,232.6189422607422,0.9841327667236328,480.1429748535156,246.07017517089844,0.9896446466445923,492.3029479980469,247.69232177734375,0.9839099645614624,566.5032348632812,260.11822509765625,0.9758782982826233,580.4280395507812,252.06082153320312,0.9654846787452698
17,366.630126953125,189.5187225341797,636.3203735351562,286.3472900390625,0.8576433658599854,0,1,389.9017639160156,233.23239135742188,0.6493821740150452,386.3934020996094,229.52784729003906,0.4223305881023407,384.13128662109375,234.408447265625,0.38928839564323425,386.9957580566406,225.71017456054688,0.25174421072006226,379.8529357910156,237.8260040283203,0.21730217337608337,404.9083251953125,218.80807495117188,0.949488639831543,406.8747253417969,234.9374542236328,0.8628427982330322,440.4208679199219,194.23228454589844,0.8907788395881653,437.33258056640625,215.68214416503906,0.6381092071533203,481.63958740234375,200.152587890625,0.881797730922699,477.9967956542969,197.5391387939453,0.7323724627494812,472.1348571777344,227.42294311523438,0.9953423738479614,472.3420104980469,240.22811889648438,0.9922915101051331,496.4896240234375,247.19515991210938,0.9959133267402649,493.0095520019531,262.1088562011719,0.99403315782547,580.4859008789062,252.2305145263672,0.9924966096878052,573.5182495117188,265.4117126464844,0.9895206689834595
18,359.78863525390625,190.322021484375,644.4918823242188,284.0975646972656,0.8522337675094604,0,1,388.97894287109375,233.63687133789062,0.36387568712234497,385.0377502441406,230.25486755371094,0.14530730247497559,383.30487060546875,234.76577758789062,0.18767118453979492,384.42919921875,227.87289428710938,0.08984890580177307,377.7315673828125,238.99258422851562,0.13606011867523193,398.5847473144531,222.43995666503906,0.8300538659095764,403.33551025390625,235.81045532226562,0.7414667010307312,430.4535827636719,194.934326171875,0.7465422749519348,427.1893615722656,212.1114959716797,0.5948957204818726,477.2455139160156,201.8550262451172,0.779512882232666,470.8859558105469,197.80386352539062,0.7110004425048828,466.9985046386719,228.88658142089844,0.992067813873291,469.6483459472656,241.3429412841797,0.9899835586547852,501.89276123046875,246.66677856445312,0.994491696357727,504.0072021484375,260.3329162597656,0.9944730401039124,593.0860595703125,250.0706024169922,0.9923145174980164,588.35595703125,262.2372131347656,0.9919666647911072
19,356.7967834472656,190.99769592285156,647.0240478515625,283.4240417480469,0.8356004357337952,0,1,387.78143310546875,232.5938720703125,0.42250198125839233,382.7784729003906,228.416015625,0.16514912247657776,380.6971740722656,234.37086486816406,0.24656382203102112,380.39886474609375,225.13912963867188,0.08031358569860458,371.9114685058594,240.2935333251953,0.15404923260211945,396.87640380859375,218.04051208496094,0.8270239233970642,397.49407958984375,237.53392028808594,0.7404711842536926,429.71624755859375,194.15182495117188,0.7423650026321411,425.0198059082031,216.95558166503906,0.5974825024604797,475.1967468261719,205.53367614746094,0.783363938331604,467.9432373046875,204.97683715820312,0.7208732962608337,466.3252868652344,224.4486083984375,0.9919341802597046,464.4185791015625,240.98464965820312,0.989983081817627,503.2249450683594,244.98936462402344,0.9938483834266663,486.7269592285156,268.5458984375,0.9937186241149902,604.3924560546875,241.80567932128906,0.9907438158988953,576.8773193359375,269.6141357421875,0.9899235367774963
20,357.8548889160156,189.78907775878906,653.8984375,287.6554260253906,0.8481869697570801,0,1,385.5463562011719,232.0240936279297,0.6498581171035767,381.5940246582031,227.82960510253906,0.544808030128479,378.73870849609375,236.9486846923828,0.5030006170272827,384.3951110839844,222.73492431640625,0.5018717050552368,375.9023742675781,244.4783172607422,0.3647829592227936,410.0630798339844,219.64134216308594,0.9285992383956909,394.732177734375,241.57260131835938,0.9439975619316101,439.81689453125,205.04205322265625,0.869527280330658,434.2005920410156,215.89625549316406,0.8975426554679871,463.1128234863281,213.42886352539062,0.7976230382919312,458.5224304199219,207.5018310546875,0.8448875546455383,484.1754150390625,232.42091369628906,0.9746175408363342,467.34765625,251.23899841308594,0.9786707758903503,535.3350219726562,232.89907836914062,0.9302667379379272,488.1180725097656,265.6896057128906,0.9412788152694702,610.1177368164062,245.4759521484375,0.8597187995910645,567.2177734375,265.74310302734375,0.8763638138771057
21,356.794921875,191.6667938232422,655.7153930664062,286.514892578125,0.8158503770828247,0,1,382.4778747558594,231.2473907470703,0.7368592619895935,379.7451171875,227.29490661621094,0.7085124850273132,376.1235656738281,235.8177947998047,0.5398122072219849,385.4647521972656,223.7610626220703,0.6701714992523193,375.17303466796875,244.2591094970703,0.31526580452919006,412.467041015625,220.62245178222656,0.9558757543563843,394.740966796875,243.40907287597656,0.9299027323722839,440.0049133300781,203.51226806640625,0.9193160533905029,428.117431640625,218.15000915527344,0.8326079249382019,451.7095642089844,222.7982635498047,0.8516494035720825,444.8408508300781,217.83578491210938,0.7725992202758789,487.4961853027344,233.81446838378906,0.975475549697876,469.62640380859375,252.53143310546875,0.9697638750076294,531.630615234375,230.2578582763672,0.9329546689987183,491.1148681640625,261.8170166015625,0.918827474117279,610.2900390625,245.8174285888672,0.8578266501426697,574.4407958984375,264.6396179199219,0.847428560256958
22,357.17138671875,194.63058471679688,577.3230590820312,287.2493896484375,0.8259340524673462,0,2,384.70257568359375,232.8496856689453,0.7571280598640442,379.547119140625,228.9744415283203,0.6424699425697327,377.5807800292969,236.50462341308594,0.45804327726364136,377.9945068359375,226.1490936279297,0.46519601345062256,372.0987243652344,245.76051330566406,0.3148419260978699,403.40533447265625,214.88229370117188,0.9919778108596802,394.0111389160156,250.15333557128906,0.8889713287353516,428.8868103027344,195.6858673095703,0.981209933757782,405.58770751953125,257.50445556640625,0.46940264105796814,442.1812438964844,238.08074951171875,0.963195264339447,419.5974426269531,256.7762145996094,0.5667392015457153,465.811279296875,234.83641052246094,0.9980441331863403,459.7847595214844,253.71795654296875,0.9915890097618103,497.0365905761719,249.8444366455078,0.9963958859443665,487.9674987792969,269.1285705566406,0.9846306443214417,558.2890014648438,252.13999938964844,0.9907370209693909,550.5084228515625,261.4625549316406,0.9705125689506531
23,354.7762145996094,200.99383544921875,639.9641723632812,285.7625427246094,0.7591342329978943,0,1,386.5732116699219,235.33111572265625,0.47323179244995117,380.1530456542969,229.18411254882812,0.21223978698253632,376.22503662109375,237.6415557861328,0.2506599724292755,377.9147033691406,222.86459350585938,0.11824239045381546,361.77484130859375,244.7247772216797,0.1633172333240509,396.7168884277344,215.0206756591797,0.872516930103302,392.7925720214844,242.22174072265625,0.7604993581771851,415.6526794433594,203.12973022460938,0.8000831604003906,412.3704833984375,241.71109008789062,0.5256566405296326,422.5518493652344,247.899169921875,0.7842864394187927,421.0068054199219,255.3827667236328,0.6203105449676514,462.8781433105469,222.23936462402344,0.9871604442596436,462.305419921875,237.19464111328125,0.9805207252502441,493.7415771484375,249.7215118408203,0.9876954555511475,512.5786743164062,262.25665283203125,0.9841665029525757,575.70458984375,259.7702331542969,0.9800543785095215,599.4663696289062,262.27978515625,0.9746164679527283
24,352.4041442871094,204.786376953125,657.1018676757812,284.6846923828125,0.8320592045783997,0,1,380.3371276855469,236.49310302734375,0.5575733184814453,377.7616882324219,232.21212768554688,0.5301235914230347,375.40185546875,238.23573303222656,0.2086964249610901,379.426025390625,225.3350067138672,0.658036470413208,370.8582763671875,240.3734588623047,0.14040446281433105,395.36468505859375,217.7811737060547,0.9881468415260315,384.7174377441406,245.05006408691406,0.9329186081886292,422.32318115234375,211.13690185546875,0.9874470829963684,397.84393310546875,251.1725616455078,0.8191942572593689,413.5899963378906,255.5736541748047,0.9607641696929932,394.24755859375,257.57373046875,0.7550669312477112,473.76470947265625,227.83082580566406,0.9953437447547913,468.4848937988281,248.28311157226562,0.9874080419540405,512.9719848632812,244.76815795898438,0.9741908311843872,524.0504760742188,265.7205810546875,0.9350097179412842,586.0540771484375,252.30581665039062,0.9206126928329468,603.6721801757812,255.74534606933594,0.8774390816688538
25,350.6152648925781,207.26473999023438,658.2015380859375,288.8427429199219,0.8241772651672363,0,1,377.9896545410156,238.55320739746094,0.5371548533439636,375.2884826660156,234.9397735595703,0.522209644317627,373.5777893066406,239.84571838378906,0.17956946790218353,377.4786071777344,229.3383026123047,0.7107642889022827,372.19744873046875,241.4253387451172,0.14300741255283356,392.5823059082031,223.68734741210938,0.9915818572044373,393.3038024902344,244.15225219726562,0.9511094093322754,416.59100341796875,220.67776489257812,0.9899275898933411,408.2804870605469,250.88693237304688,0.8506657481193542,401.89801025390625,264.54345703125,0.9626675248146057,399.24456787109375,264.9714050292969,0.7668936848640442,472.38250732421875,227.35650634765625,0.9968563318252563,475.9833068847656,243.0897979736328,0.9916927814483643,497.2199401855469,250.97970581054688,0.9811828136444092,524.9847412109375,263.5709533691406,0.9530230760574341,569.816162109375,256.771240234375,0.9354637265205383,604.3461303710938,252.299072265625,0.9025722742080688
26,350.8610534667969,205.54019165039062,656.4788208007812,312.4435119628906,0.8456129431724548,0,1,379.57568359375,252.56588745117188,0.4689810574054718,376.21136474609375,247.47193908691406,0.40079477429389954,375.4920654296875,252.36822509765625,0.18209286034107208,376.86285400390625,235.15573120117188,0.516249418258667,372.5847473144531,246.4849395751953,0.15795591473579407,389.2332458496094,229.76852416992188,0.9763435125350952,383.45367431640625,242.67031860351562,0.9393104910850525,400.65106201171875,250.92547607421875,0.9753726720809937,394.4796142578125,263.0049743652344,0.859036386013031,388.0602111816406,280.6223449707031,0.9314963221549988,388.8658752441406,277.83026123046875,0.78450608253479,465.44219970703125,227.21640014648438,0.9918838739395142,463.2573547363281,242.6688232421875,0.9849410653114319,504.3505554199219,247.79470825195312,0.9572576880455017,515.3091430664062,262.6805419921875,0.9255099892616272,577.880126953125,256.9891052246094,0.8767783045768738,595.9673461914062,257.66705322265625,0.8507949709892273
27,344.9987487792969,207.04129028320312,653.501220703125,321.62847900390625,0.8622515201568604,0,1,376.2304992675781,247.6886749267578,0.4552794098854065,372.48388671875,243.73976135253906,0.40299323201179504,372.70245361328125,247.80723571777344,0.1392507404088974,371.84228515625,233.56979370117188,0.5519753694534302,369.6588134765625,243.31451416015625,0.11402785778045654,384.32598876953125,228.4897918701172,0.986501157283783,377.8463439941406,236.349365234375,0.9334443807601929,393.68902587890625,244.7288360595703,0.9901381731033325,382.901611328125,243.44528198242188,0.8630295395851135,378.6788635253906,293.90130615234375,0.9676730632781982,372.47271728515625,277.0191955566406,0.8082981705665588,462.2549743652344,232.12496948242188,0.9963721036911011,458.16546630859375,246.21511840820312,0.9905663132667542,516.3939208984375,249.2275390625,0.9757458567619324,519.8041381835938,263.64105224609375,0.9424710869789124,592.182861328125,258.6419982910156,0.9195199012756348,596.5075073242188,258.2571716308594,0.8834155201911926
28,345.5561218261719,205.97633361816406,651.1127319335938,331.59716796875,0.8480327725410461,0,1,369.5407409667969,261.4669189453125,0.33658888936042786,365.6990966796875,256.9862365722656,0.31949153542518616,367.1024475097656,261.5248718261719,0.08708568662405014,366.90545654296875,243.14125061035156,0.5319252610206604,368.0797119140625,253.43746948242188,0.08458773791790009,381.79608154296875,233.3478546142578,0.9840760827064514,379.13653564453125,244.31109619140625,0.9084922075271606,387.33587646484375,257.1080322265625,0.9892925024032593,387.1636047363281,269.705810546875,0.8146708011627197,368.21923828125,309.1311950683594,0.959989070892334,371.04351806640625,306.0457458496094,0.7358101606369019,462.7227783203125,231.015625,0.9956437349319458,460.7830505371094,245.36753845214844,0.9873948097229004,523.2357177734375,250.55184936523438,0.9728144407272339,526.3090209960938,257.6405944824219,0.9301028847694397,593.6395874023438,258.2154541015625,0.914944052696228,603.0989379882812,249.88119506835938,0.8747121691703796
29,332.9976501464844,204.32437133789062,650.1312255859375,340.77679443359375,0.8196941614151001,0,1,375.5404357910156,262.7469787597656,0.3396468460559845,373.2266540527344,258.8761901855469,0.30706214904785156,373.3873291015625,261.22064208984375,0.08741224557161331,374.97100830078125,246.0005645751953,0.512321412563324,372.7926025390625,251.0023651123047,0.08942379057407379,384.8800964355469,241.63877868652344,0.9852889180183411,379.1553039550781,242.90585327148438,0.9258244037628174,375.41888427734375,275.57177734375,0.9900670051574707,371.4830627441406,272.8013000488281,0.8502908945083618,353.12310791015625,318.891357421875,0.9631742238998413,355.673095703125,312.7760009765625,0.7808660268783569,464.1087951660156,230.828125,0.996248185634613,460.9524230957031,240.60430908203125,0.9899453520774841,519.1461181640625,249.51507568359375,0.9772956967353821,521.1173095703125,248.59197998046875,0.9443071484565735,587.4288940429688,254.30519104003906,0.9295049905776978,593.686767578125,240.9786834716797,0.8991377353668213
30,322.0075378417969,204.30006408691406,650.250732421875,344.5983581542969,0.8036145567893982,0,1,371.272216796875,269.17401123046875,0.3972069025039673,369.1392517089844,264.6311950683594,0.3803277015686035,369.15972900390625,267.2767333984375,0.1040167585015297,371.6985778808594,250.00363159179688,0.580786943435669,368.64959716796875,255.65176391601562,0.09210989624261856,381.3959655761719,244.18362426757812,0.9885239005088806,375.52789306640625,247.49676513671875,0.9302801489830017,370.75494384765625,277.9942321777344,0.9920748472213745,366.03045654296875,280.6517639160156,0.8412027359008789,346.78155517578125,318.778564453125,0.968795120716095,348.9693908691406,316.81671142578125,0.7684895992279053,461.88189697265625,231.53187561035156,0.996577799320221,458.2230224609375,241.82241821289062,0.9897673726081848,515.4730834960938,247.2837677001953,0.9792723059654236,515.7225341796875,244.79849243164062,0.9429020285606384,588.57666015625,252.488525390625,0.9334913492202759,592.28369140625,235.73680114746094,0.8988556265830994
31,313.1240539550781,203.91896057128906,650.4761352539062,351.3352355957031,0.8208982944488525,0,1,367.5835876464844,262.6377258300781,0.1624840646982193,363.5821228027344,258.6961669921875,0.13378015160560608,365.6552429199219,262.3700256347656,0.03574695810675621,362.9112854003906,245.82159423828125,0.3582483232021332,364.9146728515625,253.74327087402344,0.05633481964468956,376.8524475097656,240.89395141601562,0.9780991673469543,371.2041320800781,244.82839965820312,0.9070199728012085,369.57635498046875,279.576171875,0.9889894127845764,365.2088317871094,281.013427734375,0.8626469373703003,340.8743896484375,322.7764587402344,0.9588057994842529,340.9550476074219,320.20501708984375,0.7893852591514587,460.39862060546875,234.0252227783203,0.996917724609375,456.21905517578125,244.48753356933594,0.9922795295715332,522.6810302734375,248.75909423828125,0.9804213047027588,519.4118041992188,245.9170379638672,0.9547361731529236,594.5621337890625,252.45973205566406,0.9433886408805847,594.3141479492188,234.85386657714844,0.9224701523780823
32,307.00726318359375,202.72775268554688,642.682861328125,361.1983642578125,0.831425130367279,0,1,362.59716796875,267.8724670410156,0.23393508791923523,358.7260437011719,264.49517822265625,0.21563208103179932,361.3161315917969,267.59881591796875,0.051952529698610306,359.0546875,252.1966552734375,0.45612582564353943,362.43975830078125,258.92095947265625,0.06276440620422363,373.5380554199219,244.6854248046875,0.9833608865737915,369.6918640136719,248.38473510742188,0.9026789665222168,365.9693908691406,283.0727844238281,0.990731418132782,361.7023010253906,285.75146484375,0.8295260667800903,335.87091064453125,330.8424987792969,0.9628753066062927,336.8504638671875,329.6890563964844,0.7519227266311646,458.0261535644531,232.30184936523438,0.9965127110481262,454.922607421875,242.69931030273438,0.9898313879966736,520.1405029296875,242.0318145751953,0.9809672236442566,518.3271484375,240.02572631835938,0.9494410753250122,589.40478515625,251.1872100830078,0.9464411735534668,587.7711181640625,235.82412719726562,0.9199334383010864
33,306.56744384765625,201.21780395507812,640.4547729492188,362.65228271484375,0.8459476232528687,0,1,361.41815185546875,272.2379455566406,0.2342207282781601,357.52056884765625,269.3454895019531,0.23187439143657684,360.8294677734375,271.49603271484375,0.050691619515419006,357.0084533691406,256.34954833984375,0.4692724943161011,361.89141845703125,261.0738525390625,0.056496020406484604,371.1604309082031,246.5485076904297,0.9825663566589355,368.5755310058594,249.2788543701172,0.8665978908538818,363.5734558105469,284.6793518066406,0.9909775257110596,362.444091796875,286.75799560546875,0.7708808183670044,333.03125,334.7926025390625,0.9639511108398438,337.3617858886719,332.4645080566406,0.7016143202781677,458.09503173828125,229.73870849609375,0.9954824447631836,455.27838134765625,240.00555419921875,0.9847555756568909,524.0875244140625,240.06427001953125,0.9766966104507446,519.8649291992188,237.69204711914062,0.9300535917282104,589.6587524414062,246.31814575195312,0.9371347427368164,584.0697021484375,232.6837921142578,0.898622989654541
34,306.09906005859375,202.806884765625,633.5972290039062,363.43389892578125,0.8538346886634827,0,1,358.27789306640625,277.0065612792969,0.2964538037776947,354.4669189453125,274.0592956542969,0.28060126304626465,357.5505065917969,275.8639221191406,0.07467423379421234,353.75115966796875,260.5325927734375,0.48150524497032166,358.63006591796875,264.60693359375,0.07704100012779236,367.5994873046875,252.2892608642578,0.983519971370697,367.18902587890625,252.0182647705078,0.8895017504692078,356.8985900878906,294.9918518066406,0.9893733859062195,362.0356750488281,292.6340637207031,0.7929821610450745,330.9257507324219,340.53045654296875,0.9585526585578918,342.224853515625,335.0812072753906,0.7258321642875671,458.1928405761719,231.0278778076172,0.9940365552902222,456.4095458984375,240.25563049316406,0.9818245768547058,536.9838256835938,238.23724365234375,0.9671838283538818,530.8456420898438,231.45257568359375,0.9136863946914673,596.5521850585938,235.69093322753906,0.9170471429824829,589.2908935546875,219.29075622558594,0.8775076270103455
35,306.1716003417969,201.96206665039062,628.6292114257812,363.1485290527344,0.874211311340332,0,1,356.6949768066406,277.9779052734375,0.26636263728141785,353.6588439941406,275.5591125488281,0.24552421271800995,356.2284240722656,276.6214294433594,0.0673709362745285,352.6438293457031,263.2210693359375,0.4649530351161957,355.7999267578125,265.4564208984375,0.07210512459278107,362.65191650390625,255.62632751464844,0.9819615483283997,362.6565856933594,253.19253540039062,0.9025997519493103,356.041748046875,298.37152099609375,0.9885362386703491,361.8822937011719,291.8909912109375,0.8215362429618835,330.0786437988281,341.83245849609375,0.9555832743644714,344.2634582519531,334.6617126464844,0.7405545115470886,446.8104248046875,231.80337524414062,0.9955191612243652,445.3997802734375,239.97190856933594,0.9875357747077942,518.2505493164062,231.8836669921875,0.978074312210083,513.6912231445312,225.60244750976562,0.94522625207901,598.4332885742188,231.38795471191406,0.9466918110847473,589.5526123046875,219.0421905517578,0.9223794937133789
36,306.30322265625,200.8228302001953,623.7576904296875,362.9341125488281,0.8767592310905457,0,1,354.5999450683594,272.45025634765625,0.23427139222621918,350.6687316894531,270.0932312011719,0.19118632376194,353.68011474609375,272.5576171875,0.061962321400642395,349.94805908203125,259.5855407714844,0.4082898795604706,354.66552734375,265.2913818359375,0.08006659895181656,363.23394775390625,252.82730102539062,0.9803906679153442,362.5868225097656,254.35971069335938,0.9297648668289185,355.2312316894531,295.3834533691406,0.9869229197502136,357.35601806640625,295.2516784667969,0.8818894028663635,329.95587158203125,339.2325744628906,0.9514110088348389,335.9178466796875,340.458251953125,0.8027178049087524,445.2359924316406,231.05462646484375,0.9963801503181458,443.64227294921875,240.33462524414062,0.9919820427894592,513.9922485351562,231.2664031982422,0.9816470742225647,508.9261474609375,227.34422302246094,0.9625884294509888,587.8734130859375,231.60487365722656,0.9565595388412476,578.4422607421875,220.37063598632812,0.943844199180603
37,306.375,201.43162536621094,612.2608642578125,362.6399230957031,0.874770998954773,0,1,355.1065979003906,274.5753173828125,0.1954795867204666,351.5141296386719,272.56121826171875,0.15862421691417694,354.54693603515625,274.5549011230469,0.05044206231832504,350.7774963378906,262.3062438964844,0.3896728754043579,355.87286376953125,266.87408447265625,0.07269682735204697,362.0675964355469,255.76644897460938,0.9778456091880798,363.2831726074219,255.9824981689453,0.9292561411857605,353.279296875,297.76434326171875,0.985913097858429,357.0608215332031,295.7391662597656,0.8879298567771912,330.2955627441406,338.02276611328125,0.9491766691207886,336.18280029296875,339.584716796875,0.8075409531593323,442.2786865234375,233.23939514160156,0.9967054724693298,442.31201171875,241.8216094970703,0.9930632710456848,505.4522705078125,234.10157775878906,0.9837087392807007,502.2362365722656,230.1762237548828,0.9678905606269836,585.6392822265625,232.354736328125,0.9614911079406738,577.1796264648438,222.67881774902344,0.9510010480880737
38,306.2689514160156,201.41250610351562,606.6126098632812,361.9906311035156,0.8718118071556091,0,1,356.3927917480469,279.17254638671875,0.21380960941314697,352.8411865234375,276.5434265136719,0.17696769535541534,355.6130676269531,279.0335388183594,0.05840281769633293,352.4153137207031,264.0365905761719,0.39936596155166626,356.2745361328125,269.6601257324219,0.07828845828771591,363.2036437988281,255.20050048828125,0.9767252802848816,363.8370056152344,257.07086181640625,0.9253031611442566,354.2806091308594,294.95404052734375,0.9850214123725891,356.41119384765625,295.7683410644531,0.8801831007003784,331.334228515625,336.9338684082031,0.9473482966423035,336.1820983886719,339.3322448730469,0.7995378971099854,442.1273498535156,232.66473388671875,0.9961567521095276,441.6080322265625,241.7100372314453,0.9918592572212219,503.1020812988281,236.8003692626953,0.9809929728507996,499.930908203125,232.70046997070312,0.9621421694755554,581.8458251953125,235.25912475585938,0.9545521140098572,572.74658203125,223.343505859375,0.9417923092842102
39,306.2677307128906,203.65721130371094,604.3760986328125,361.44122314453125,0.8747496008872986,0,1,355.99114990234375,279.3144836425781,0.1605965793132782,352.93035888671875,276.99981689453125,0.12919963896274567,354.9729309082031,279.4434814453125,0.04236235097050667,352.8340759277344,264.7617492675781,0.3518546223640442,354.61724853515625,270.2283020019531,0.06622780859470367,362.5251159667969,255.3713836669922,0.973638117313385,361.19561767578125,257.8241271972656,0.9191613793373108,354.5697326660156,294.4476318359375,0.9849793314933777,355.0951232910156,296.72747802734375,0.8854447603225708,332.1705627441406,336.01519775390625,0.9481721520423889,336.1611328125,339.5109558105469,0.8058427572250366,437.3547058105469,232.6529541015625,0.9968584775924683,435.7571716308594,241.6991424560547,0.9934259653091431,495.1665344238281,239.92034912109375,0.9848936200141907,491.78289794921875,236.42063903808594,0.969952404499054,575.4261474609375,237.2140350341797,0.9638165235519409,566.2547607421875,226.1814422607422,0.9533523917198181
40,306.3895568847656,207.1083221435547,606.1484985351562,360.35150146484375,0.8726846575737,0,1,355.553466796875,278.7759094238281,0.1564432978630066,352.3791809082031,276.3262939453125,0.1416557878255844,354.6407470703125,278.9885559082031,0.03823089227080345,352.7648010253906,264.04296875,0.39189690351486206,355.2319030761719,270.07196044921875,0.056441355496644974,363.0621337890625,253.88722229003906,0.97357177734375,362.662841796875,257.7476501464844,0.8914127945899963,354.9002990722656,293.01763916015625,0.9859583973884583,355.8547058105469,295.65325927734375,0.8409246206283569,332.5091552734375,335.6231384277344,0.9502596259117126,335.4754943847656,339.0247497558594,0.7536493539810181,438.7156982421875,232.98155212402344,0.9964991807937622,437.70440673828125,242.70889282226562,0.9914196729660034,490.0877990722656,245.51852416992188,0.9846652150154114,488.2472229003906,245.76356506347656,0.9642216563224792,569.920654296875,247.68008422851562,0.9617060422897339,561.9839477539062,238.94955444335938,0.9451936483383179
41,306.4888610839844,208.2808837890625,606.93115234375,360.4507141113281,0.8821414113044739,0,1,355.97564697265625,279.3314208984375,0.13725163042545319,353.0788269042969,276.9218444824219,0.1275855004787445,355.30157470703125,279.3900451660156,0.03271361067891121,353.7734069824219,264.6359558105469,0.38853082060813904,356.2630310058594,270.16912841796875,0.05060024559497833,362.8635559082031,254.71578979492188,0.9708833694458008,362.8793029785156,258.48834228515625,0.8826809525489807,354.54425048828125,294.304931640625,0.9852489829063416,355.1828918457031,296.5061340332031,0.8323674201965332,332.274658203125,335.3271484375,0.948409914970398,335.10546875,338.8283386230469,0.7405548095703125,436.0814514160156,234.9498748779297,0.9965984225273132,435.5669860839844,244.5916748046875,0.9916415214538574,481.65869140625,248.6754608154297,0.9859845638275146,481.22637939453125,250.424072265625,0.9667851328849792,567.106201171875,252.32733154296875,0.9646281599998474,559.7573852539062,246.05824279785156,0.9485153555870056
42,306.3289794921875,208.71334838867188,603.204833984375,361.3508605957031,0.8733163475990295,0,1,357.46875,277.6504821777344,0.12428798526525497,353.89752197265625,275.2942199707031,0.11925166845321655,357.474853515625,277.376220703125,0.027875741943717003,354.16357421875,263.1920471191406,0.38656023144721985,360.93603515625,267.8459167480469,0.04692210629582405,365.50567626953125,255.03746032714844,0.9705154895782471,367.5799865722656,257.000244140625,0.8641569018363953,353.0107727050781,296.6681213378906,0.98540860414505,356.3176574707031,296.51171875,0.8100882768630981,331.7593078613281,337.0871887207031,0.9492328763008118,334.4317626953125,339.2323913574219,0.72505784034729,441.2052917480469,237.43222045898438,0.9961090683937073,442.3641357421875,246.15127563476562,0.9898951649665833,486.5064392089844,252.17971801757812,0.9847244024276733,485.2476501464844,253.34835815429688,0.9621039032936096,558.8711547851562,259.87890625,0.9613564610481262,554.344970703125,253.3244171142578,0.9422330856323242
43,307.1104431152344,211.17694091796875,593.4013671875,360.3654479980469,0.8724120855331421,0,1,360.36065673828125,276.748779296875,0.10363592952489853,357.25115966796875,274.7604064941406,0.06989244371652603,361.25787353515625,276.3363952636719,0.029326967895030975,353.6734313964844,264.9862976074219,0.28209948539733887,362.95697021484375,267.6009521484375,0.06744062900543213,362.20611572265625,256.3930358886719,0.9527733325958252,366.9777526855469,256.99664306640625,0.8923811912536621,348.4288330078125,303.80255126953125,0.9685084223747253,356.64471435546875,301.83612060546875,0.8640342950820923,329.7348327636719,340.3352355957031,0.9139740467071533,334.73797607421875,338.8266296386719,0.7868603467941284,439.79949951171875,240.05819702148438,0.9949068427085876,442.1051940917969,247.73587036132812,0.9915899634361267,481.46527099609375,254.57760620117188,0.9841135144233704,476.5597229003906,254.64395141601562,0.9733206629753113,553.9417114257812,266.53631591796875,0.9682066440582275,549.5830078125,263.8447570800781,0.9604141712188721
44,307.44317626953125,210.7349395751953,572.6080322265625,358.1614990234375,0.8698102831840515,0,1,366.26727294921875,270.99444580078125,0.06704635173082352,361.9674987792969,269.9932556152344,0.036876775324344635,367.2630310058594,271.55029296875,0.02435765415430069,356.30792236328125,263.3558044433594,0.1741216480731964,369.28759765625,266.41485595703125,0.0805077999830246,366.1032409667969,255.84437561035156,0.90663081407547,370.1053161621094,256.1870422363281,0.8915308117866516,347.7403259277344,301.0572204589844,0.93199622631073,354.6732482910156,300.7826843261719,0.8877378702163696,329.0279846191406,339.90606689453125,0.8454371094703674,332.672119140625,339.29046630859375,0.810492753982544,440.4220275878906,238.14437866210938,0.9917978048324585,442.4222717285156,245.66494750976562,0.9906315803527832,488.7398986816406,255.64700317382812,0.9762263894081116,481.9930419921875,254.3880157470703,0.9723529815673828,549.31884765625,269.0714111328125,0.9591959714889526,545.0240478515625,267.8392639160156,0.9592582583427429
45,307.374755859375,209.77911376953125,590.8389282226562,359.6483154296875,0.8935859799385071,0,1,365.4755554199219,270.3611145019531,0.04125778377056122,361.0542297363281,268.33587646484375,0.026579150930047035,365.56939697265625,271.1705627441406,0.012844301760196686,356.36236572265625,258.7778625488281,0.19790326058864594,367.2882385253906,263.5125427246094,0.06036274507641792,371.1160583496094,257.99078369140625,0.9476974010467529,370.8601989746094,253.4898223876953,0.9045366048812866,352.3841857910156,299.7563781738281,0.9675313234329224,355.27008056640625,298.8985900878906,0.8972489833831787,331.9507141113281,338.9891357421875,0.8949164748191833,332.9059143066406,339.4937438964844,0.8012846112251282,443.4202880859375,243.76519775390625,0.9965389966964722,443.9974670410156,245.57386779785156,0.9947301149368286,492.3865966796875,266.5960998535156,0.9866353869438171,484.8465881347656,242.43545532226562,0.9792201519012451,547.5182495117188,277.07501220703125,0.9689054489135742,558.5089111328125,238.65591430664062,0.965506911277771
46,308.1468811035156,211.53292846679688,592.3595581054688,365.58575439453125,0.9227880835533142,0,1,362.9956359863281,270.7824401855469,0.06696723401546478,358.60516357421875,267.9913330078125,0.040514279156923294,362.78350830078125,270.5013122558594,0.018163414672017097,353.20721435546875,258.3661804199219,0.2358379065990448,362.63824462890625,262.0758361816406,0.0653844028711319,363.12408447265625,255.85507202148438,0.9616732001304626,367.1795959472656,251.2760467529297,0.9088902473449707,347.1974182128906,300.47015380859375,0.9747143387794495,356.116943359375,302.3626708984375,0.8840846419334412,328.79608154296875,338.8534851074219,0.9185413122177124,333.15069580078125,336.4179992675781,0.7972652912139893,435.8742370605469,247.61587524414062,0.9964635968208313,439.0729675292969,248.2769012451172,0.993777871131897,484.829345703125,272.8810119628906,0.9841411113739014,481.6875305175781,239.13294982910156,0.9716471433639526,545.7225952148438,288.8846740722656,0.9631093144416809,558.9016723632812,235.78890991210938,0.9563634395599365
47,308.4692077636719,210.98402404785156,591.8919067382812,368.2513427734375,0.9289218187332153,0,1,361.10540771484375,271.84527587890625,0.058135852217674255,357.5211486816406,268.9838562011719,0.044619422405958176,361.7925109863281,270.39306640625,0.011586855165660381,352.5380554199219,257.658935546875,0.2883203625679016,362.5188903808594,257.82928466796875,0.03966467082500458,361.0014953613281,255.40065002441406,0.9742211103439331,369.3741455078125,244.9143829345703,0.8210827112197876,348.3348083496094,298.2858581542969,0.9871208071708679,365.1568908691406,292.66082763671875,0.7676903009414673,332.08209228515625,338.60504150390625,0.9526798129081726,340.4288635253906,331.3924255371094,0.6934815049171448,432.7058410644531,250.45010375976562,0.9968403577804565,439.2251281738281,246.84048461914062,0.9900584816932678,486.49224853515625,286.1288146972656,0.9860327839851379,487.0245666503906,239.65911865234375,0.9574452638626099,533.7993774414062,308.6549377441406,0.9615828990936279,554.7816162109375,236.41958618164062,0.9389446973800659
48,308.6581726074219,211.29812622070312,594.3319702148438,375.299072265625,0.9262084364891052,0,1,357.9053649902344,272.8721618652344,0.05718494579195976,355.2928771972656,270.8409729003906,0.06061284989118576,360.42742919921875,270.4146728515625,0.010326101444661617,351.0922546386719,257.74432373046875,0.3985123932361603,364.41986083984375,253.7946014404297,0.03149012476205826,360.83038330078125,257.04388427734375,0.9811127185821533,372.2309875488281,242.3264923095703,0.7449734210968018,351.1610107421875,291.2603454589844,0.9916398525238037,379.3551330566406,280.7796936035156,0.6545378565788269,335.35186767578125,336.1932067871094,0.9629409313201904,360.7131042480469,321.1662902832031,0.5831485390663147,427.2588195800781,252.3419647216797,0.9974184036254883,434.96392822265625,247.03121948242188,0.9880147576332092,485.68218994140625,286.7581787109375,0.9912737011909485,484.94488525390625,241.3029022216797,0.9622724056243896,531.948486328125,315.0650329589844,0.9716137647628784,554.8173828125,250.59866333007812,0.9434622526168823
49,308.0901184082031,211.64942932128906,595.5643310546875,383.5999755859375,0.9284071326255798,0,1,357.75146484375,269.8333740234375,0.14233121275901794,354.77734375,267.4880676269531,0.09390293806791306,360.1267395019531,268.1390380859375,0.03755892813205719,347.30487060546875,255.37387084960938,0.38553470373153687,358.4591369628906,253.63177490234375,0.08657759428024292,351.2268981933594,251.71543884277344,0.9791678190231323,364.6302490234375,240.48313903808594,0.8597676157951355,340.7026062011719,294.8752746582031,0.9834882616996765,364.69561767578125,286.6516418457031,0.7591512799263,333.63360595703125,337.69390869140625,0.9441084861755371,342.688720703125,330.3354797363281,0.6786944270133972,422.68798828125,249.5645294189453,0.9956258535385132,430.45062255859375,246.21487426757812,0.9871533513069153,480.60137939453125,291.78369140625,0.9861602187156677,477.5426330566406,246.24855041503906,0.958541214466095,542.7001342773438,324.3399963378906,0.9574831128120422,555.6886596679688,257.0110778808594,0.9294075965881348
50,308.0174865722656,209.88812255859375,599.258056640625,388.6219177246094,0.9197142720222473,0,1,354.3196716308594,267.6985168457031,0.03822552412748337,351.4854431152344,266.5945129394531,0.04489431157708168,356.58880615234375,265.1610107421875,0.00589654128998518,347.7849426269531,255.50390625,0.3906908333301544,363.0476379394531,249.12408447265625,0.022813264280557632,357.5830993652344,254.88656616210938,0.9809615015983582,376.10809326171875,233.55177307128906,0.6597277522087097,349.1860656738281,287.9565734863281,0.9923955202102661,393.1104736328125,258.53289794921875,0.5802133679389954,333.72955322265625,334.96929931640625,0.9643917083740234,385.0362548828125,279.3724365234375,0.5430924892425537,427.1756896972656,252.85623168945312,0.9977769255638123,440.30755615234375,245.19639587402344,0.9879763722419739,485.4085693359375,298.8294372558594,0.993476927280426,499.14508056640625,253.46343994140625,0.9686249494552612,524.0111083984375,338.077880859375,0.9756770730018616,564.6907958984375,274.3630065917969,0.9484068155288696
51,308.11358642578125,209.25425720214844,600.2622680664062,395.0122375488281,0.9132317304611206,0,1,355.7418518066406,263.80548095703125,0.03300131484866142,353.2269592285156,263.7070617675781,0.033114273101091385,360.015625,260.03131103515625,0.0057214428670704365,347.7291259765625,254.3987579345703,0.34105384349823,369.3820495605469,241.47572326660156,0.028638353571295738,355.36602783203125,257.4137268066406,0.9745926260948181,386.7601318359375,220.15325927734375,0.7359957098960876,347.994384765625,284.5289611816406,0.9898645281791687,433.576416015625,214.74935913085938,0.7471703886985779,334.39093017578125,333.6100158691406,0.9602891802787781,453.7108459472656,223.09686279296875,0.7034052014350891,427.5111083984375,259.68798828125,0.9979844093322754,446.11834716796875,244.76763916015625,0.9925219416618347,483.18890380859375,309.4097900390625,0.9927487969398499,492.9638977050781,254.12844848632812,0.9762330055236816,531.071533203125,341.82745361328125,0.9728445410728455,562.911376953125,273.99267578125,0.9546549916267395
52,307.3827819824219,208.97007751464844,598.672607421875,401.10791015625,0.9246765971183777,0,1,354.02764892578125,254.98037719726562,0.04771270975470543,351.18853759765625,256.2937927246094,0.03307446464896202,358.735595703125,252.2207794189453,0.012491194531321526,344.0029296875,251.3106689453125,0.27137666940689087,365.9385070800781,237.54847717285156,0.06153014302253723,352.3242492675781,258.732666015625,0.9616808295249939,384.8627014160156,216.84996032714844,0.7880882024765015,344.92724609375,293.5241394042969,0.9753628373146057,435.74859619140625,210.00473022460938,0.8001207709312439,337.0038757324219,334.1860656738281,0.925009548664093,462.47442626953125,222.99635314941406,0.7582976818084717,426.4140319824219,265.09698486328125,0.996101975440979,444.52337646484375,249.7733917236328,0.9907773733139038,488.9975891113281,312.6248779296875,0.989270031452179,499.7503662109375,264.1563720703125,0.9771078824996948,538.4461059570312,343.3369140625,0.9637548327445984,569.9579467773438,289.8954772949219,0.9498471021652222
53,308.12750244140625,205.9435272216797,596.8339233398438,407.283447265625,0.9322181344032288,0,1,358.4898986816406,236.0753631591797,0.03424248844385147,355.6842346191406,236.84414672851562,0.024061301723122597,361.82318115234375,231.75711059570312,0.007003596518188715,349.43975830078125,236.80084228515625,0.28090596199035645,372.3740234375,221.51837158203125,0.050836458802223206,356.9127197265625,256.327392578125,0.9707372188568115,391.3411560058594,213.1042022705078,0.8731333613395691,346.3914794921875,288.7327575683594,0.9822001457214355,438.3429870605469,207.51792907714844,0.8819705247879028,333.4678649902344,334.0073547363281,0.9357597231864929,462.02008056640625,222.56442260742188,0.8183857798576355,427.2304992675781,268.1995544433594,0.9982792139053345,449.2762145996094,251.04612731933594,0.9963604807853699,484.5396423339844,322.6844787597656,0.9939127564430237,500.9100646972656,268.496337890625,0.9886283278465271,528.7005004882812,362.4618225097656,0.9761313199996948,568.76171875,303.8708190917969,0.9713010787963867
54,308.08367919921875,202.76022338867188,592.4173583984375,409.86407470703125,0.9101610779762268,0,1,360.5801696777344,231.37908935546875,0.06018167361617088,358.676513671875,233.22564697265625,0.03845219314098358,364.9461669921875,226.54568481445312,0.014905712567269802,352.2752380371094,236.26107788085938,0.2854953706264496,375.9825439453125,219.1302947998047,0.07442045211791992,357.69683837890625,254.03688049316406,0.9572700262069702,390.81695556640625,214.71031188964844,0.8828991055488586,344.9986572265625,291.36749267578125,0.9714866876602173,435.6404724121094,202.3954315185547,0.9019669890403748,333.13555908203125,334.2568054199219,0.9205058813095093,464.4194641113281,221.829345703125,0.8554487228393555,431.70269775390625,266.14471435546875,0.9969474673271179,450.35198974609375,256.328857421875,0.9951465725898743,495.03057861328125,319.33367919921875,0.9901948571205139,501.85784912109375,301.37225341796875,0.9863920211791992,544.1854858398438,342.53192138671875,0.9656756520271301,557.4942016601562,340.65618896484375,0.9616875052452087
55,307.8599548339844,203.82073974609375,586.1971435546875,412.18719482421875,0.930155873298645,0,1,380.3903503417969,220.90744018554688,0.09765680879354477,377.4500732421875,222.1461181640625,0.052668631076812744,383.8426513671875,216.65301513671875,0.03191395103931427,365.28436279296875,226.22398376464844,0.29734888672828674,387.1646728515625,211.71653747558594,0.13729754090309143,359.0701599121094,248.92884826660156,0.9542316794395447,403.7318115234375,211.1693115234375,0.8600847721099854,342.3814697265625,293.6825256347656,0.9555418491363525,444.259765625,209.7312774658203,0.8457351326942444,335.843017578125,332.350341796875,0.8903388381004333,476.614013671875,227.2645263671875,0.8029584288597107,426.2924499511719,270.58026123046875,0.9929719567298889,452.71112060546875,259.7711486816406,0.9882730841636658,482.2769775390625,330.8089294433594,0.9823280572891235,503.4704284667969,306.8815002441406,0.9731619358062744,535.3853149414062,364.22601318359375,0.9361204504966736,553.330078125,344.89752197265625,0.9221460819244385
56,308.5326232910156,207.0587921142578,572.4429931640625,412.03802490234375,0.9404867887496948,0,1,379.8943176269531,224.66537475585938,0.08566471189260483,377.30731201171875,225.60833740234375,0.04690198600292206,383.22802734375,220.7861328125,0.02783593162894249,366.002197265625,228.99240112304688,0.2725953459739685,386.4632263183594,216.22091674804688,0.12102632969617844,359.7448425292969,249.2161865234375,0.9457541704177856,401.1614685058594,215.77369689941406,0.8233849406242371,342.04443359375,295.07452392578125,0.9538103938102722,437.1034851074219,213.0303192138672,0.8209964036941528,334.982421875,331.77703857421875,0.8914772272109985,463.5970153808594,227.5042266845703,0.7885706424713135,425.77178955078125,274.70660400390625,0.9919763207435608,449.5290222167969,267.41058349609375,0.986011803150177,483.81732177734375,339.03033447265625,0.9792971014976501,501.5937194824219,328.572021484375,0.9672940373420715,532.9796752929688,365.4598388671875,0.9230065941810608,545.694580078125,361.63873291015625,0.9012861251831055
57,308.6593017578125,210.61378479003906,563.2836303710938,410.6721496582031,0.9319503307342529,0,1,374.3782958984375,232.24952697753906,0.08688356727361679,371.9100646972656,232.600830078125,0.06306710094213486,378.6365051269531,228.3104248046875,0.02470587007701397,363.4352722167969,234.09271240234375,0.36069366335868835,386.5980529785156,222.15005493164062,0.09610147029161453,361.1595153808594,252.36172485351562,0.9479354619979858,403.0663757324219,221.48715209960938,0.7433386445045471,340.28094482421875,296.65899658203125,0.9566777944564819,430.21429443359375,216.79269409179688,0.6997687816619873,333.4615783691406,332.7557678222656,0.8879355788230896,436.873046875,224.765869140625,0.6730343699455261,432.5796813964844,279.6460876464844,0.9893051385879517,457.16107177734375,273.4703369140625,0.9762109518051147,487.2456359863281,349.38812255859375,0.9739286303520203,500.6824951171875,343.56768798828125,0.947547197341919,526.8207397460938,376.4051818847656,0.8998998403549194,542.8308715820312,375.3802490234375,0.8543397188186646
58,309.1351013183594,209.31854248046875,561.111083984375,410.69085693359375,0.927617073059082,0,1,375.867431640625,233.12777709960938,0.05201089754700661,372.9234313964844,233.80865478515625,0.03355535864830017,379.84515380859375,228.08961486816406,0.013805008493363857,361.5268859863281,235.75830078125,0.25744596123695374,386.18389892578125,221.06724548339844,0.07462693750858307,357.8789367675781,255.184814453125,0.9420098662376404,398.7049255371094,221.33795166015625,0.8263258337974548,341.6616516113281,298.0897521972656,0.9646052122116089,434.7925720214844,210.8884735107422,0.852074921131134,331.4620666503906,338.2348937988281,0.9070441126823425,447.733642578125,222.1395721435547,0.8080734610557556,429.2502746582031,281.46783447265625,0.9959104061126709,453.4589538574219,275.2555847167969,0.9929676055908203,477.8280334472656,346.9761657714844,0.9888631105422974,489.0443115234375,346.41912841796875,0.9826855659484863,528.8870849609375,379.1001892089844,0.9562608599662781,537.342041015625,391.0794677734375,0.9449799656867981
59,309.0576477050781,208.61807250976562,561.7454833984375,413.0472106933594,0.9255370497703552,0,1,374.1324157714844,236.49354553222656,0.06964085251092911,371.2274169921875,237.47067260742188,0.04027403146028519,378.0906982421875,231.59005737304688,0.020091868937015533,360.0296325683594,239.75473022460938,0.2598613500595093,384.5619812011719,224.53736877441406,0.10107482224702835,358.60479736328125,258.54034423828125,0.9486987590789795,398.3593444824219,223.50428771972656,0.8947581052780151,345.198486328125,298.8977355957031,0.963610827922821,430.0579528808594,212.0924072265625,0.911148190498352,331.6741943359375,338.43682861328125,0.9055831432342529,427.4714660644531,232.7384490966797,0.8694204092025757,430.5884704589844,286.5260009765625,0.9967557787895203,454.9734191894531,278.8853759765625,0.9956759810447693,472.3321838378906,350.26153564453125,0.9902235865592957,484.7633361816406,348.2241516113281,0.9879822134971619,522.2443237304688,378.04052734375,0.9610071182250977,533.541015625,391.4385986328125,0.9573633074760437
60,309.14300537109375,207.6467742919922,560.723876953125,416.5932312011719,0.9317100048065186,0,1,375.49005126953125,233.56106567382812,0.09501928091049194,371.9474182128906,234.9992218017578,0.046755194664001465,378.96270751953125,229.4739532470703,0.032592903822660446,360.0221862792969,239.08839416503906,0.23349326848983765,384.0572509765625,224.66024780273438,0.14605720341205597,359.24249267578125,260.1529235839844,0.9488223791122437,398.00787353515625,222.7280731201172,0.921723484992981,346.3573913574219,298.61456298828125,0.9549357295036316,428.22186279296875,211.53604125976562,0.9340665340423584,332.4302673339844,337.9993896484375,0.8944029808044434,423.5449523925781,239.8086395263672,0.8997746706008911,420.5545654296875,286.5871887207031,0.9963636994361877,444.68475341796875,276.1083984375,0.9960117340087891,462.73583984375,326.42266845703125,0.9925554394721985,474.9524230957031,318.2405700683594,0.9924352765083313,499.7030944824219,374.14788818359375,0.9766769409179688,509.20440673828125,380.3734436035156,0.9770461916923523
61,309.4776306152344,208.45172119140625,558.9697265625,423.4045715332031,0.936677873134613,0,1,378.3529357910156,235.41261291503906,0.07190489768981934,374.7033996582031,237.13064575195312,0.031976740807294846,382.4364013671875,231.577880859375,0.02640697732567787,362.429443359375,241.28097534179688,0.1907823532819748,388.3580017089844,226.99610900878906,0.14660505950450897,359.1531677246094,259.1962890625,0.942974865436554,397.16668701171875,223.69119262695312,0.9232500195503235,347.5050354003906,299.96966552734375,0.9488328099250793,428.9698486328125,215.01295471191406,0.9367046356201172,331.3669738769531,338.6416015625,0.8749904036521912,419.989501953125,247.8783416748047,0.8934469223022461,406.419677734375,282.8187561035156,0.9969573020935059,431.324951171875,274.4588623046875,0.9968361854553223,453.8249206542969,324.72003173828125,0.9945399165153503,476.1261291503906,327.1048583984375,0.9948503375053406,489.55621337890625,376.0474853515625,0.9826342463493347,520.2719116210938,398.746337890625,0.9831164479255676
62,310.1513977050781,207.3311309814453,555.3721923828125,426.6872863769531,0.9383693337440491,0,1,382.5955505371094,232.0203399658203,0.07342083752155304,378.2646789550781,233.49612426757812,0.02701864019036293,386.55694580078125,227.88914489746094,0.03130318224430084,363.02874755859375,237.9050750732422,0.15043921768665314,389.1797790527344,223.5104217529297,0.18516576290130615,358.6058654785156,258.9814147949219,0.936763346195221,395.7799987792969,221.8600311279297,0.9370431303977966,345.79730224609375,298.6542663574219,0.9380377531051636,429.846435546875,215.69656372070312,0.9513786435127258,332.2487487792969,338.1946105957031,0.8589391708374023,422.3987121582031,251.72793579101562,0.9135002493858337,401.08331298828125,286.8434753417969,0.9968931674957275,424.8765563964844,276.19775390625,0.9972342848777771,453.2244873046875,324.37628173828125,0.9948215484619141,470.00701904296875,315.981689453125,0.9957838654518127,483.0291442871094,386.23577880859375,0.984387993812561,510.1479797363281,395.9755859375,0.9862821698188782
63,311.046630859375,206.03277587890625,551.1553344726562,430.3575744628906,0.9341557025909424,0,1,389.4709167480469,229.75245666503906,0.09578750282526016,384.4017639160156,230.0392303466797,0.02644219622015953,392.0223388671875,225.85545349121094,0.03892946243286133,367.7450866699219,234.9202880859375,0.10658545792102814,392.7213134765625,224.47439575195312,0.18246574699878693,355.70751953125,255.97833251953125,0.928621232509613,400.6606750488281,225.18243408203125,0.9337847828865051,339.4512023925781,296.5931396484375,0.937092661857605,427.8499450683594,215.9592742919922,0.9548546075820923,333.8520812988281,335.72076416015625,0.8923982977867126,424.4316711425781,253.16748046875,0.9262092709541321,391.5573425292969,295.8299255371094,0.9961495399475098,417.9570007324219,287.81756591796875,0.9965654015541077,459.2493896484375,325.7662658691406,0.9929543137550354,468.11163330078125,312.1005554199219,0.9942183494567871,488.97930908203125,387.9999084472656,0.9847472906112671,482.8636474609375,386.2062683105469,0.9866857528686523
64,310.595703125,205.31039428710938,547.4771118164062,430.5464782714844,0.9349933862686157,0,1,390.6195373535156,228.2359619140625,0.07633960247039795,385.6239929199219,229.06861877441406,0.02193037047982216,393.9597473144531,224.63336181640625,0.033409446477890015,366.6551513671875,232.63043212890625,0.09836079925298691,390.9804382324219,221.2750701904297,0.1752028912305832,355.502197265625,255.36715698242188,0.9231119155883789,399.08856201171875,221.31764221191406,0.927099347114563,345.0790100097656,293.4353332519531,0.9466913938522339,427.8275451660156,215.8765411376953,0.962128758430481,334.662841796875,334.4012145996094,0.9067769646644592,422.7535095214844,252.32029724121094,0.9477317929267883,396.9410400390625,295.70159912109375,0.9969025254249573,421.3048095703125,285.8307189941406,0.9972597360610962,465.8861083984375,330.5409240722656,0.9942308664321899,468.0201110839844,317.6162414550781,0.9953072667121887,504.4056701660156,392.63800048828125,0.9819926023483276,470.24615478515625,391.57452392578125,0.9841519594192505
65,310.6585693359375,205.23728942871094,547.1715698242188,431.5826110839844,0.9362234473228455,0,1,389.5215759277344,229.93142700195312,0.06950453668832779,383.9612121582031,230.68533325195312,0.01901780627667904,393.1659851074219,226.67318725585938,0.03118167817592621,363.7042236328125,234.2138214111328,0.08545748889446259,389.8095397949219,223.92201232910156,0.1680820882320404,352.94061279296875,256.1617431640625,0.9138782024383545,396.9771728515625,223.77825927734375,0.9185764193534851,344.1166687011719,293.7121276855469,0.9442668557167053,430.0559997558594,217.3328399658203,0.9611967206001282,335.56280517578125,334.38507080078125,0.9058987498283386,422.0336608886719,252.1240997314453,0.9480993747711182,392.99774169921875,300.503173828125,0.9966989159584045,416.2522888183594,291.83026123046875,0.9970832467079163,468.978271484375,330.01141357421875,0.9939182996749878,464.01898193359375,320.8861999511719,0.9950940608978271,506.7660827636719,392.7137145996094,0.9814814329147339,463.73529052734375,396.2474670410156,0.9835897088050842
66,310.5008239746094,206.10308837890625,546.5911865234375,431.8131103515625,0.9269765019416809,0,1,382.986572265625,230.4680633544922,0.08079519122838974,377.6856994628906,231.5040740966797,0.02258390560746193,386.4587097167969,227.14454650878906,0.036759890615940094,358.7923583984375,236.46255493164062,0.09666023403406143,384.69134521484375,225.33816528320312,0.19060589373111725,350.9723205566406,259.397216796875,0.9217135310173035,393.84478759765625,225.550048828125,0.9286064505577087,344.24114990234375,294.9626770019531,0.9436041712760925,430.822265625,215.97531127929688,0.9648259878158569,335.87078857421875,333.7926940917969,0.9044716954231262,423.424560546875,249.82972717285156,0.9518682360649109,393.23126220703125,307.1571960449219,0.9962105751037598,415.9922790527344,297.9290466308594,0.996813952922821,467.8388977050781,333.70245361328125,0.9917620420455933,465.0177917480469,325.8858947753906,0.9937414526939392,497.2209167480469,386.9156494140625,0.9749572277069092,464.2389221191406,393.270263671875,0.9785606861114502
67,310.5038146972656,205.6866455078125,507.513427734375,431.5659484863281,0.9083884954452515,0,1,382.635498046875,230.45323181152344,0.13295194506645203,376.4579162597656,230.41024780273438,0.04818291589617729,382.9659423828125,227.20404052734375,0.05822120979428291,360.5088806152344,233.885009765625,0.14764264225959778,382.97418212890625,225.98489379882812,0.25735223293304443,352.556884765625,259.46539306640625,0.9353986978530884,391.623046875,228.07131958007812,0.9428390860557556,340.61724853515625,294.6492614746094,0.9425724148750305,430.082763671875,219.43081665039062,0.9539411067962646,337.6628112792969,334.0621337890625,0.8906317949295044,424.6881408691406,247.78131103515625,0.925485372543335,391.5415954589844,312.685791015625,0.9936267137527466,413.32952880859375,306.8510437011719,0.9941112399101257,458.2691955566406,335.86859130859375,0.9807947278022766,463.66717529296875,331.9077453613281,0.983758270740509,467.00482177734375,389.34820556640625,0.9389215707778931,463.60943603515625,390.99273681640625,0.9472358822822571
68,310.41070556640625,207.9783477783203,554.605224609375,431.5139465332031,0.8989178538322449,0,1,380.0246276855469,234.86766052246094,0.0900159403681755,375.64013671875,235.18634033203125,0.029520757496356964,383.3544006347656,231.2764434814453,0.03973066061735153,358.81024169921875,238.77105712890625,0.12600646913051605,382.8333740234375,228.42041015625,0.18187487125396729,349.4491882324219,261.1713562011719,0.9244720935821533,392.4555969238281,227.74522399902344,0.9103139042854309,340.61328125,296.1180725097656,0.942723274230957,431.811767578125,218.55299377441406,0.9470899701118469,334.5794677734375,333.81097412109375,0.8960183262825012,424.37457275390625,245.5343017578125,0.9283450841903687,387.3653564453125,314.1305847167969,0.9949885010719299,409.4461364746094,304.7445373535156,0.9950259327888489,465.0130310058594,339.27130126953125,0.9887531995773315,462.4193115234375,328.6424255371094,0.9900476932525635,497.8741455078125,392.9234924316406,0.9650788307189941,472.17279052734375,393.7869567871094,0.9676159620285034
69,310.473388671875,209.211669921875,555.373291015625,431.3256530761719,0.8862584233283997,0,1,391.19195556640625,237.92166137695312,0.0814703181385994,385.4560546875,237.7318878173828,0.024325480684638023,394.0499572753906,234.14117431640625,0.04075649008154869,363.44451904296875,240.11627197265625,0.10569185018539429,387.2212829589844,230.3017120361328,0.22182129323482513,349.86199951171875,261.4013977050781,0.9254292249679565,391.2426452636719,229.0628662109375,0.9067853689193726,337.90771484375,294.1025695800781,0.9389200210571289,433.96307373046875,219.80221557617188,0.9386865496635437,333.9822692871094,333.1783142089844,0.8795280456542969,424.7122802734375,242.48313903808594,0.9130842089653015,384.69696044921875,318.7120056152344,0.9943248629570007,406.7681884765625,309.5146789550781,0.9940483570098877,459.8616027832031,343.21893310546875,0.9870638847351074,462.6972351074219,329.8529052734375,0.9877448678016663,478.68756103515625,404.6908874511719,0.958893358707428,480.4278869628906,396.09027099609375,0.9603028297424316
70,310.343505859375,210.99615478515625,560.8681640625,431.83819580078125,0.9031842947006226,0,1,377.259521484375,238.83737182617188,0.1049455776810646,373.7835998535156,238.72430419921875,0.03770701214671135,380.0046691894531,235.5056915283203,0.04610911384224892,358.95050048828125,241.7829132080078,0.14921477437019348,379.3998718261719,233.13328552246094,0.1806800663471222,348.4486389160156,262.74700927734375,0.9260753393173218,390.43292236328125,232.70921325683594,0.9053683280944824,338.1713562011719,295.7578125,0.9426143765449524,434.4018249511719,221.0987091064453,0.9396712779998779,332.9923095703125,335.8489074707031,0.8924428224563599,426.4947814941406,241.50384521484375,0.918289840221405,386.2637634277344,318.3936462402344,0.9946202039718628,406.2399597167969,311.2052307128906,0.9943984150886536,467.4473571777344,335.2185363769531,0.9887990355491638,459.8635559082031,329.97247314453125,0.9897080659866333,504.9848937988281,390.95233154296875,0.9667247533798218,474.64471435546875,397.7688293457031,0.968286395072937
71,311.5447692871094,212.7266387939453,562.3071899414062,430.251708984375,0.9277325868606567,0,1,381.9391784667969,239.956787109375,0.09029379487037659,378.7286376953125,240.04348754882812,0.02447531558573246,384.260009765625,236.23924255371094,0.04286832734942436,361.7024841308594,244.3695526123047,0.09036161005496979,381.88885498046875,235.0730743408203,0.17845994234085083,344.99676513671875,264.0130615234375,0.8833967447280884,390.16815185546875,236.42218017578125,0.8905655145645142,328.0688781738281,297.02203369140625,0.8997580409049988,432.0663757324219,218.3406982421875,0.9298548102378845,331.0852355957031,335.25408935546875,0.8449130654335022,424.6820983886719,242.5821990966797,0.8923041820526123,375.4556884765625,325.4033203125,0.9913813471794128,397.4252014160156,319.50408935546875,0.9920879006385803,467.30303955078125,334.7956237792969,0.9857032895088196,461.4922180175781,323.21405029296875,0.9883154630661011,498.4999694824219,394.89788818359375,0.9736199378967285,478.68853759765625,398.73016357421875,0.9765453934669495
72,310.7686462402344,212.96112060546875,563.2754516601562,430.13812255859375,0.9210320711135864,0,1,375.2968444824219,241.48995971679688,0.0968150645494461,372.0966796875,240.60311889648438,0.03782866150140762,376.9676208496094,238.1007843017578,0.041352685540914536,358.05926513671875,243.4449462890625,0.20634429156780243,376.0700988769531,235.58441162109375,0.22581766545772552,350.6217346191406,266.4084777832031,0.9615527987480164,384.6186218261719,234.896728515625,0.9373534917831421,332.6172180175781,297.9388122558594,0.9550369381904602,434.7555847167969,224.62332153320312,0.935448169708252,333.640380859375,337.6991271972656,0.8705836534500122,422.8584289550781,239.07156372070312,0.878802478313446,384.24078369140625,322.15924072265625,0.9963802695274353,403.09417724609375,312.8298645019531,0.9956674575805664,457.4151306152344,346.94879150390625,0.9902759790420532,467.9190368652344,331.2425842285156,0.9898025393486023,467.6351013183594,404.6307067871094,0.964921772480011,520.6168212890625,392.3457336425781,0.9653074741363525
73,311.4736328125,215.8698272705078,560.972412109375,430.30291748046875,0.9141441583633423,0,1,378.44647216796875,241.53497314453125,0.10205676406621933,375.7640380859375,241.13238525390625,0.039134860038757324,380.694580078125,238.46633911132812,0.04673755541443825,361.517822265625,244.51296997070312,0.17059478163719177,379.2145080566406,236.84056091308594,0.1993575543165207,348.52685546875,265.5810241699219,0.9332717657089233,387.6521301269531,236.8694305419922,0.897343099117279,330.84967041015625,295.4023742675781,0.9399203658103943,432.6081848144531,227.31158447265625,0.9185109734535217,332.41387939453125,335.6483459472656,0.873019278049469,426.8173828125,240.89474487304688,0.8832284808158875,380.36712646484375,321.1438903808594,0.9938593506813049,399.3023681640625,313.81402587890625,0.9926808476448059,466.0345458984375,340.7934265136719,0.9872337579727173,462.66656494140625,329.167724609375,0.9867455363273621,491.65484619140625,400.93560791015625,0.9608004093170166,489.6664123535156,395.6686706542969,0.9605777263641357
74,312.2391052246094,216.90255737304688,557.8980712890625,429.6588134765625,0.9188336730003357,0,1,381.1071472167969,241.39292907714844,0.09889762103557587,378.03204345703125,241.0614471435547,0.03664631024003029,383.58953857421875,238.16925048828125,0.04949656128883362,361.3472595214844,244.7728729248047,0.15086960792541504,380.2549133300781,236.71925354003906,0.2160705029964447,346.2305908203125,265.78240966796875,0.9193004369735718,386.9515380859375,238.07504272460938,0.8715853691101074,328.57025146484375,296.5459899902344,0.9230785965919495,432.6105651855469,228.6968994140625,0.89466392993927,332.1590576171875,335.6731872558594,0.8464519381523132,422.4782409667969,237.06076049804688,0.8589122891426086,375.82659912109375,321.7759704589844,0.9906253814697266,396.20367431640625,315.0204772949219,0.9886399507522583,463.8722229003906,339.9118957519531,0.9830365777015686,462.110595703125,330.5384216308594,0.9821624159812927,478.0684509277344,402.1838073730469,0.9516298770904541,481.45220947265625,399.693115234375,0.9501725435256958
75,312.6830139160156,218.86273193359375,556.0836791992188,429.7041015625,0.9261866807937622,0,1,381.0494079589844,240.95143127441406,0.08838782459497452,378.563232421875,240.36790466308594,0.02960483729839325,382.9972839355469,237.66282653808594,0.04091717302799225,362.6495361328125,243.99053955078125,0.13504382967948914,380.4167785644531,237.45733642578125,0.17722821235656738,344.34173583984375,263.4154968261719,0.9057875275611877,387.79364013671875,241.0399627685547,0.870590329170227,321.6854248046875,295.7364807128906,0.9200448393821716,432.1669921875,229.0642547607422,0.9020531177520752,330.171875,333.36224365234375,0.8556762933731079,431.20489501953125,232.36752319335938,0.8586154580116272,372.5219421386719,322.11224365234375,0.9912254214286804,392.7359619140625,318.71759033203125,0.989645779132843,464.49493408203125,336.02435302734375,0.9858415722846985,458.3628845214844,329.626953125,0.9853229522705078,492.57867431640625,398.53521728515625,0.9668708443641663,481.49725341796875,402.7817077636719,0.9658269882202148
76,312.76336669921875,220.32684326171875,552.0257568359375,430.98748779296875,0.9198084473609924,0,1,384.98028564453125,240.35643005371094,0.08176705241203308,382.15081787109375,239.2084503173828,0.02477978728711605,386.7670593261719,236.6693115234375,0.04022856801748276,364.37542724609375,241.63790893554688,0.11174411326646805,381.7343444824219,235.6224365234375,0.187714084982872,344.2843322753906,261.3070068359375,0.8983597755432129,387.0500793457031,241.49969482421875,0.8748641014099121,322.1562805175781,296.14361572265625,0.9137508273124695,431.97100830078125,232.59832763671875,0.9097201824188232,331.57708740234375,334.50531005859375,0.849223256111145,432.89971923828125,232.09481811523438,0.8694252967834473,372.6742248535156,321.1837158203125,0.9913076758384705,392.8055419921875,319.5414733886719,0.9903120994567871,465.4574279785156,333.17730712890625,0.9869713187217712,459.6083679199219,331.0087585449219,0.9872003793716431,489.81884765625,398.6019592285156,0.9703150987625122,480.12158203125,407.70068359375,0.9699236750602722
77,312.62713623046875,222.8640594482422,549.52783203125,431.39007568359375,0.9267889857292175,0,1,387.4808654785156,238.6478271484375,0.07061305642127991,384.1739501953125,237.37496948242188,0.019662657752633095,389.5760803222656,234.61595153808594,0.033661000430583954,364.5736389160156,239.8576202392578,0.0978633388876915,383.5341491699219,233.41905212402344,0.1766698658466339,343.3693542480469,260.46527099609375,0.9034647941589355,387.16082763671875,241.20985412597656,0.886775016784668,322.80035400390625,296.5035705566406,0.926216721534729,433.19097900390625,234.9492950439453,0.9256426692008972,331.2159729003906,334.8457946777344,0.8702496886253357,433.8147888183594,234.17564392089844,0.8909791707992554,372.2663879394531,322.7430419921875,0.9933056235313416,392.9486389160156,321.4710998535156,0.992634117603302,465.32977294921875,334.1558837890625,0.9887845516204834,458.4464111328125,332.3087158203125,0.9890581965446472,493.9337463378906,396.7340393066406,0.9731403589248657,479.8505859375,406.7055358886719,0.9728887677192688
78,313.078125,226.19500732421875,550.787353515625,430.99969482421875,0.9315972924232483,0,1,392.0758361816406,236.5875244140625,0.08990702033042908,388.171875,234.72738647460938,0.025691073387861252,393.9417419433594,232.03199768066406,0.04259919747710228,366.7642517089844,236.7861785888672,0.1141120046377182,385.8551940917969,230.51715087890625,0.2013002634048462,344.4266662597656,259.3140563964844,0.9198090434074402,389.29547119140625,240.58447265625,0.8915120959281921,323.2748107910156,296.9327697753906,0.9354119896888733,439.85516357421875,236.83203125,0.9199257493019104,330.59423828125,332.91363525390625,0.8817828297615051,444.25836181640625,237.58212280273438,0.8845112919807434,375.78240966796875,324.63238525390625,0.9928834438323975,396.7808532714844,323.6749267578125,0.9915155172348022,466.1274719238281,333.4342346191406,0.9875620603561401,458.22418212890625,332.2451477050781,0.9867479801177979,493.7414855957031,397.7694396972656,0.9694972634315491,480.1990661621094,405.9903259277344,0.9674240946769714
79,313.5160827636719,220.12130737304688,550.3131103515625,431.24078369140625,0.9374579191207886,0,1,398.1548767089844,233.04452514648438,0.27245545387268066,394.273681640625,230.80604553222656,0.07067109644412994,399.31610107421875,228.1429443359375,0.16904933750629425,372.0280456542969,234.9634552001953,0.11595503240823746,390.754638671875,228.02854919433594,0.4206499457359314,344.8851318359375,259.10516357421875,0.9187823534011841,391.3292236328125,241.794189453125,0.9520394206047058,328.3632507324219,295.49249267578125,0.8822950124740601,441.89111328125,237.88275146484375,0.9454376101493835,334.51751708984375,332.6846618652344,0.8130884170532227,439.39117431640625,239.83119201660156,0.8952538371086121,369.98193359375,326.6531982421875,0.9861457943916321,393.19183349609375,328.07696533203125,0.9888544082641602,469.7725524902344,327.6024169921875,0.9737869501113892,463.26220703125,326.2505187988281,0.9809637069702148,490.525390625,393.4710693359375,0.9558257460594177,478.17291259765625,402.70660400390625,0.9635205268859863
80,314.71820068359375,218.86863708496094,548.9414672851562,430.82440185546875,0.9387727975845337,0,1,396.0332946777344,233.7943878173828,0.27287787199020386,392.0001525878906,231.18968200683594,0.07016481459140778,397.4217224121094,228.7615509033203,0.17075031995773315,370.432373046875,234.2489471435547,0.11793731898069382,390.5452880859375,227.83692932128906,0.4298744201660156,345.08197021484375,257.8361511230469,0.9200036525726318,390.5522155761719,241.44952392578125,0.9521245956420898,327.9489440917969,294.54833984375,0.8800230026245117,442.8631591796875,241.20277404785156,0.9460234045982361,336.98883056640625,331.65740966796875,0.8130691647529602,453.4883728027344,244.46875,0.8964575529098511,369.8194885253906,326.67919921875,0.9846135377883911,392.58074951171875,328.42889404296875,0.9876044988632202,470.1938781738281,326.9502868652344,0.9701814651489258,465.61444091796875,325.0637512207031,0.9784018397331238,485.0531311035156,394.9876708984375,0.9494673013687134,477.5014343261719,402.84222412109375,0.9583690166473389
81,317.19427490234375,217.9810333251953,547.9666748046875,430.58441162109375,0.9386465549468994,0,1,398.5768127441406,232.79354858398438,0.22843915224075317,393.8595886230469,229.97560119628906,0.053936127573251724,400.0598449707031,227.80662536621094,0.14430251717567444,371.34930419921875,232.51889038085938,0.09955105185508728,393.0957336425781,226.7329864501953,0.4193137586116791,347.0262451171875,255.78541564941406,0.9100438952445984,391.5818176269531,240.74908447265625,0.9501161575317383,328.6081848144531,293.1954345703125,0.8706948161125183,444.2810974121094,244.7061004638672,0.9476887583732605,334.42626953125,330.8663635253906,0.8020130395889282,460.02777099609375,245.60353088378906,0.8989073634147644,371.075439453125,325.53570556640625,0.9838134050369263,393.24945068359375,327.5105895996094,0.9873979091644287,470.99853515625,326.7796325683594,0.9678444862365723,467.11517333984375,323.3907775878906,0.9774038791656494,481.9219055175781,396.0823059082031,0.9458760023117065,476.5813903808594,401.1764831542969,0.9563739895820618
82,317.0505065917969,219.70193481445312,547.6548461914062,430.8832092285156,0.9379201531410217,0,1,397.0275573730469,232.0167999267578,0.1637488305568695,392.2105407714844,229.5157470703125,0.035507682710886,398.3569641113281,227.37193298339844,0.10876033455133438,370.3583068847656,233.1726531982422,0.07253362238407135,392.1005554199219,227.2618865966797,0.3850701153278351,348.2279968261719,257.3080139160156,0.8657415509223938,391.39306640625,240.63858032226562,0.9378629326820374,329.680908203125,292.5852966308594,0.820446789264679,446.0589904785156,245.06985473632812,0.9439802765846252,327.1303405761719,315.2193298339844,0.74233478307724,461.0130310058594,245.6500244140625,0.8917573690414429,371.0364990234375,326.56292724609375,0.9786084294319153,391.8808288574219,327.35205078125,0.9852786064147949,470.9346618652344,327.901123046875,0.9612652659416199,468.03399658203125,322.599853515625,0.9760221838951111,481.4596252441406,396.8868103027344,0.9404792189598083,476.52294921875,401.9865417480469,0.955541729927063
83,312.3658447265625,222.6426239013672,547.158447265625,430.8786315917969,0.9408524036407471,0,1,397.9083251953125,235.18544006347656,0.08197716623544693,392.5749206542969,232.911865234375,0.02046419493854046,399.9699401855469,230.2643280029297,0.043592944741249084,368.9527587890625,234.81143188476562,0.08922511339187622,391.1710510253906,228.4056396484375,0.24372947216033936,347.9917297363281,258.2926330566406,0.9081652760505676,392.602294921875,239.26893615722656,0.8975722789764404,323.3202209472656,297.38787841796875,0.9180377721786499,445.9717712402344,245.31056213378906,0.9241342544555664,320.5765380859375,331.298583984375,0.8521929383277893,447.5142517089844,251.4412078857422,0.8881350755691528,376.04339599609375,326.1876220703125,0.9906865954399109,396.9473876953125,324.0898132324219,0.9900716543197632,469.34490966796875,332.055419921875,0.9841561913490295,463.8199768066406,325.7047424316406,0.9850039482116699,482.3161926269531,402.6510925292969,0.962843656539917,480.43359375,405.23199462890625,0.9632229208946228
84,308.19287109375,226.1779327392578,546.9884033203125,431.17364501953125,0.9417669177055359,0,1,392.9277038574219,237.63656616210938,0.06966868788003922,387.6617126464844,235.8866424560547,0.01711876690387726,394.7270812988281,233.11387634277344,0.037860799580812454,365.5133361816406,238.51890563964844,0.07849591970443726,387.0414123535156,231.7421417236328,0.2302134484052658,347.568603515625,262.6343688964844,0.8934862017631531,389.25244140625,241.0830535888672,0.8935017585754395,323.3786315917969,301.1434326171875,0.9059240221977234,442.60577392578125,243.35647583007812,0.9290308356285095,317.87689208984375,335.1016845703125,0.8387537598609924,454.88555908203125,249.35720825195312,0.8959234356880188,377.6554870605469,327.5954284667969,0.9901137351989746,396.9462585449219,324.7431335449219,0.9903188943862915,469.984375,332.35321044921875,0.9836711883544922,467.03070068359375,326.01025390625,0.985893964767456,482.01531982421875,402.8840026855469,0.9632140398025513,480.7430114746094,406.4011535644531,0.9655823707580566
85,307.90728759765625,229.259521484375,548.0042724609375,431.4330139160156,0.9433149099349976,0,1,391.8307189941406,241.0883026123047,0.06031547859311104,385.9161682128906,240.1231231689453,0.014048632234334946,393.8073425292969,236.88111877441406,0.0348346047103405,361.8814697265625,243.59942626953125,0.06789449602365494,384.4233703613281,235.90188598632812,0.23594586551189423,343.5325927734375,265.9412536621094,0.8818983435630798,387.0668640136719,243.5607147216797,0.8946495056152344,321.12237548828125,302.23651123046875,0.8961673974990845,442.9405517578125,244.47067260742188,0.9336391687393188,318.57720947265625,335.3055725097656,0.8258519768714905,452.502197265625,253.10289001464844,0.9006183743476868,377.65594482421875,327.28399658203125,0.990461528301239,398.4961853027344,323.95599365234375,0.9912804961204529,468.82598876953125,334.9897155761719,0.9845665097236633,466.986572265625,326.8323974609375,0.9874300360679626,481.1518859863281,404.23638916015625,0.9655362367630005,482.8832092285156,406.2275695800781,0.968930721282959
86,307.1493835449219,232.6792755126953,549.08984375,431.12335205078125,0.94315105676651,0,1,388.1182556152344,242.89938354492188,0.06294065713882446,383.05169677734375,241.60232543945312,0.014994466677308083,390.011962890625,238.81346130371094,0.03792136162519455,361.0223083496094,244.1205291748047,0.07152819633483887,382.4277648925781,237.49876403808594,0.24187438189983368,342.3389587402344,265.99908447265625,0.8678869605064392,385.6009826660156,245.3094024658203,0.8925487399101257,317.0352478027344,303.71923828125,0.8753954172134399,437.98834228515625,250.76512145996094,0.9302939176559448,318.006591796875,335.9103088378906,0.7996982932090759,451.38995361328125,258.2591857910156,0.8947643041610718,374.2314758300781,326.2489013671875,0.9884006977081299,394.77362060546875,323.4331970214844,0.9898978471755981,467.6610412597656,336.4662170410156,0.9818172454833984,465.6481628417969,327.44378662109375,0.98594069480896,481.9744567871094,404.09124755859375,0.9601921439170837,482.3083801269531,405.6890563964844,0.9653024673461914
87,301.19805908203125,234.34458923339844,548.905517578125,430.5752868652344,0.9358977675437927,0,1,383.8760681152344,244.5154571533203,0.06422512978315353,378.78179931640625,242.8414764404297,0.013511323370039463,386.1163024902344,240.0974578857422,0.04297978803515434,356.5045471191406,244.86599731445312,0.060012660920619965,379.27447509765625,238.12017822265625,0.2801729142665863,339.1875305175781,267.44952392578125,0.845783531665802,384.95068359375,249.19984436035156,0.9200085997581482,317.08087158203125,305.298583984375,0.835484504699707,435.1606140136719,266.9100341796875,0.9474141001701355,312.9659118652344,320.5090637207031,0.7524065375328064,418.4613342285156,277.79632568359375,0.9129608273506165,373.226318359375,327.0870666503906,0.9878717660903931,396.23309326171875,324.1341247558594,0.9918590188026428,467.4793701171875,340.6479797363281,0.9814664125442505,465.7667541503906,328.2301330566406,0.9888060092926025,483.4991760253906,402.2088928222656,0.9600026607513428,485.736328125,404.902099609375,0.9702212810516357
88,299.188232421875,236.7045440673828,549.2555541992188,430.1693420410156,0.9323706030845642,0,1,375.9124755859375,243.7178192138672,0.07022033631801605,371.5096740722656,242.2084197998047,0.01741715334355831,378.8711242675781,239.8883514404297,0.04225747659802437,351.87255859375,245.41543579101562,0.08586695045232773,377.22332763671875,239.8309783935547,0.253703236579895,336.40045166015625,266.9325866699219,0.8680821657180786,384.2212219238281,253.6602020263672,0.9167703986167908,312.7298278808594,305.8466796875,0.8543919324874878,429.11273193359375,278.1397705078125,0.9362512230873108,312.1315612792969,323.9246520996094,0.7658984065055847,413.2734069824219,279.1632385253906,0.8957194685935974,371.8710021972656,325.2287292480469,0.9882213473320007,396.565673828125,324.2149658203125,0.990997314453125,465.32037353515625,340.35711669921875,0.9821894764900208,464.04803466796875,329.52093505859375,0.9878250956535339,483.94647216796875,400.5296325683594,0.960540235042572,483.5419616699219,405.48687744140625,0.9686294198036194
89,297.8135986328125,240.38302612304688,549.1376953125,429.50390625,0.9303998947143555,0,1,366.0437316894531,246.45101928710938,0.12400517612695694,363.5487976074219,244.84608459472656,0.039805956184864044,369.29815673828125,242.66802978515625,0.06599514931440353,349.13311767578125,248.00003051757812,0.1668815165758133,372.6068115234375,242.58773803710938,0.26914867758750916,335.26458740234375,267.7752685546875,0.9143204092979431,383.95587158203125,257.8194580078125,0.9307580590248108,310.98809814453125,306.34814453125,0.88724285364151,425.60418701171875,287.85748291015625,0.9271038174629211,311.5158996582031,322.94732666015625,0.7967274785041809,407.46722412109375,283.3296203613281,0.8783053159713745,373.5181884765625,323.683349609375,0.9890533089637756,399.0794372558594,323.57598876953125,0.9903380274772644,462.27978515625,341.6578674316406,0.9829875230789185,462.6865539550781,330.4766845703125,0.9866169691085815,486.57080078125,397.4998779296875,0.9595950245857239,486.1159362792969,403.2671203613281,0.9655396938323975
90,298.6900939941406,243.86700439453125,550.7521362304688,429.11163330078125,0.9346218705177307,0,1,358.59075927734375,251.8134765625,0.1436796933412552,357.23846435546875,250.316162109375,0.0588703528046608,362.150634765625,247.9198455810547,0.0632450059056282,348.4781799316406,251.5439453125,0.24477660655975342,370.6697998046875,245.5543212890625,0.21444039046764374,337.1521911621094,271.36810302734375,0.9363456964492798,385.16668701171875,257.44512939453125,0.9191230535507202,309.6855773925781,307.6601257324219,0.921575129032135,416.68408203125,284.8399963378906,0.9099504947662354,313.8993225097656,330.23785400390625,0.8496527671813965,415.20050048828125,304.65740966796875,0.861964225769043,376.4585266113281,323.0353088378906,0.9908071160316467,402.41845703125,321.1502685546875,0.9899104237556458,460.02813720703125,341.3775634765625,0.9849202632904053,464.3602600097656,328.3316650390625,0.9853844046592712,489.5288391113281,396.3305358886719,0.9627858996391296,486.19500732421875,398.6941223144531,0.9643896222114563
91,298.4028015136719,244.5941619873047,554.4430541992188,428.9031066894531,0.9315120577812195,0,1,354.4801330566406,256.9666442871094,0.1744566708803177,353.89813232421875,255.28506469726562,0.0874529629945755,358.4544372558594,252.80247497558594,0.069595105946064,347.92578125,255.3886260986328,0.33904218673706055,369.76373291015625,248.92852783203125,0.199942946434021,338.1275634765625,274.6634216308594,0.9517951011657715,385.1365661621094,259.9468994140625,0.9148598313331604,308.45703125,308.2373352050781,0.9370216131210327,413.4240417480469,285.2957763671875,0.8834685683250427,313.169921875,327.1782531738281,0.8641485571861267,405.6881408691406,299.17608642578125,0.8230873346328735,377.30322265625,322.7646484375,0.9912283420562744,403.0828552246094,319.96612548828125,0.9884111881256104,459.0915222167969,343.08056640625,0.9855489134788513,463.4234619140625,326.4089050292969,0.983170211315155,489.87554931640625,397.4860534667969,0.9622519016265869,494.4501647949219,395.01971435546875,0.9603488445281982
92,298.8256530761719,254.390625,555.4963989257812,429.5682678222656,0.9335689544677734,0,1,357.718017578125,260.6762390136719,0.051980435848236084,356.2245178222656,260.2919006347656,0.022320706397294998,361.9997253417969,257.6474609375,0.02114654891192913,346.987548828125,261.6761779785156,0.1557423621416092,369.98486328125,254.966552734375,0.10910584032535553,335.8183288574219,279.0243835449219,0.8878523111343384,379.7757568359375,262.92169189453125,0.8285011649131775,307.78173828125,310.5742492675781,0.909963846206665,408.4617004394531,278.9417419433594,0.8606509566307068,313.5309753417969,330.7787780761719,0.8397825360298157,410.34423828125,282.6204833984375,0.8181893229484558,373.57293701171875,322.2687072753906,0.9903662204742432,397.00531005859375,320.30230712890625,0.987784206867218,459.9412841796875,340.4784240722656,0.9861986637115479,461.1402587890625,328.16717529296875,0.9845682382583618,493.66424560546875,394.2440490722656,0.9686713814735413,487.3430480957031,396.3907775878906,0.9673194885253906
93,298.10260009765625,256.7288818359375,553.6826782226562,429.78741455078125,0.9286535382270813,0,1,353.2221374511719,265.6452941894531,0.07261281460523605,352.4774169921875,266.29498291015625,0.03835423290729523,356.09820556640625,263.7933654785156,0.029971541836857796,345.21026611328125,269.13812255859375,0.20932318270206451,361.8567810058594,263.2492980957031,0.11440574377775192,336.4399719238281,284.39019775390625,0.8889046907424927,371.1549987792969,267.3466491699219,0.7771597504615784,304.85064697265625,309.9438781738281,0.9032506346702576,391.24072265625,274.6144714355469,0.7856271862983704,314.65313720703125,328.7117004394531,0.8269210457801819,397.4200439453125,287.4883728027344,0.7451396584510803,379.31878662109375,321.49932861328125,0.9857520461082458,396.6999206542969,319.8807678222656,0.9791629910469055,463.0927429199219,340.58270263671875,0.9816654324531555,460.1019287109375,330.2965393066406,0.9760773777961731,493.1286926269531,395.4190368652344,0.960268497467041,487.8397216796875,396.50994873046875,0.9543256163597107
94,298.23382568359375,261.9790954589844,551.889892578125,429.381103515625,0.9170940518379211,0,1,335.80828857421875,286.2719421386719,0.012051627971231937,334.5353698730469,287.8348693847656,0.01213203463703394,340.1449279785156,286.26470947265625,0.003089987440034747,335.8681335449219,288.2994079589844,0.17374685406684875,356.79168701171875,284.2134094238281,0.01887614093720913,338.1246337890625,292.17181396484375,0.8146346807479858,363.96771240234375,278.9139709472656,0.43065977096557617,305.31085205078125,307.6204528808594,0.9273979067802429,358.0888366699219,289.12945556640625,0.5166639685630798,311.30694580078125,328.6185302734375,0.8460039496421814,332.39532470703125,313.10595703125,0.4963204562664032,382.20513916015625,316.0252380371094,0.9883856773376465,397.1856384277344,315.50927734375,0.9709416627883911,459.584716796875,343.5693359375,0.9851725101470947,456.5242919921875,332.4697265625,0.9672453999519348,485.0346374511719,399.3810119628906,0.969330906867981,490.64910888671875,393.3191223144531,0.9549163579940796
95,298.1692810058594,265.6199035644531,551.6345825195312,430.2157287597656,0.9160668253898621,0,1,344.43328857421875,276.7459716796875,0.06792111694812775,344.8738708496094,277.0029296875,0.05676659569144249,345.84906005859375,276.4707946777344,0.022626975551247597,345.724609375,279.26922607421875,0.29372507333755493,354.0909118652344,278.369384765625,0.06893456727266312,343.14892578125,289.73681640625,0.8840899467468262,355.5937805175781,283.070556640625,0.7008798718452454,304.26092529296875,308.7565612792969,0.9133744239807129,329.7679443359375,300.1022033691406,0.6362415552139282,310.5029602050781,326.9216003417969,0.8204647302627563,312.8002624511719,323.3573913574219,0.5755588412284851,389.3830871582031,314.3761901855469,0.9833750128746033,396.799072265625,317.8958435058594,0.9682599306106567,458.699462890625,342.2437438964844,0.9776232838630676,456.0511169433594,336.3067626953125,0.9602745771408081,487.6532287597656,401.3367919921875,0.9503724575042725,490.62664794921875,397.31988525390625,0.9353832006454468
96,298.6276550292969,268.1321105957031,552.3762817382812,429.4515380859375,0.8925599455833435,0,1,322.5448913574219,313.4622802734375,0.10144392400979996,321.2494812011719,312.40643310546875,0.09232722222805023,323.20458984375,313.4787902832031,0.037623774260282516,324.4394226074219,305.00579833984375,0.34048715233802795,332.4393005371094,307.5013122558594,0.08593494445085526,333.2807312011719,301.5602111816406,0.9001103639602661,342.9434814453125,299.27789306640625,0.7566484212875366,309.4678955078125,306.341064453125,0.9175524711608887,328.0726013183594,308.1207275390625,0.6947013735771179,308.5594787597656,320.6658935546875,0.8305433988571167,312.7041320800781,325.4095458984375,0.6353536248207092,393.11944580078125,310.06207275390625,0.9858766794204712,398.2611389160156,314.77197265625,0.9757174849510193,455.74774169921875,342.86981201171875,0.9818724989891052,453.646728515625,334.85260009765625,0.9706146717071533,489.2574768066406,399.72662353515625,0.9572542905807495,494.1160888671875,391.3929138183594,0.9482536911964417
97,298.6324768066406,269.39166259765625,555.0355224609375,429.2611999511719,0.8875433802604675,0,1,320.1092834472656,311.49700927734375,0.1785193234682083,318.37109375,309.139404296875,0.1378796100616455,318.0829162597656,313.1837158203125,0.09136615693569183,322.4236755371094,302.9991455078125,0.3242242634296417,323.18902587890625,312.56591796875,0.16033698618412018,335.3287353515625,302.0157775878906,0.8783334493637085,334.17462158203125,307.6850280761719,0.8436477184295654,315.68878173828125,306.2370910644531,0.8570160865783691,320.51739501953125,316.3462219238281,0.7765092849731445,308.3969421386719,314.1470031738281,0.7489723563194275,312.42333984375,321.3201904296875,0.7051454782485962,395.0771789550781,307.9250183105469,0.9789835810661316,392.57391357421875,316.8197021484375,0.9755537509918213,456.83319091796875,338.5551452636719,0.9748508334159851,452.2563171386719,337.84136962890625,0.9719215035438538,496.09185791015625,398.4914855957031,0.9448502063751221,495.76312255859375,394.1593017578125,0.9460569024085999
98,299.2803039550781,272.80242919921875,555.347412109375,428.29583740234375,0.8918827772140503,0,1,321.9490966796875,315.1905517578125,0.1360873579978943,319.7991638183594,312.5385437011719,0.09781554341316223,319.6664123535156,317.6033020019531,0.0738777220249176,323.52508544921875,305.5100402832031,0.2517576515674591,323.73175048828125,317.3413391113281,0.14603151381015778,337.4756774902344,302.2534484863281,0.8369717597961426,331.59381103515625,310.14532470703125,0.8326778411865234,318.33074951171875,304.3331298828125,0.8273860216140747,314.1139221191406,315.9799499511719,0.7941030263900757,310.95184326171875,311.92913818359375,0.7220418453216553,311.1337585449219,321.542236328125,0.7275227308273315,396.58868408203125,309.68695068359375,0.9778240919113159,390.8438415527344,320.421875,0.9771615862846375,458.1554870605469,332.4056396484375,0.9745955467224121,451.2912902832031,336.4828186035156,0.9746159315109253,500.1772766113281,395.3769226074219,0.9487141966819763,496.7518615722656,395.0443115234375,0.9527149200439453
99,299.8054504394531,273.68988037109375,556.697021484375,427.8871154785156,0.8881446719169617,0,1,321.0390319824219,316.5788269042969,0.15881887078285217,318.720947265625,313.447998046875,0.11100080609321594,317.75140380859375,319.60809326171875,0.0900183767080307,322.6612548828125,306.3816223144531,0.24791790544986725,320.08935546875,320.78118896484375,0.15953943133354187,337.5157775878906,302.17962646484375,0.8369928002357483,328.5408020019531,314.4139709472656,0.8440211415290833,322.88427734375,303.426025390625,0.8229977488517761,313.9059143066406,319.8839416503906,0.8043538331985474,311.0429382324219,311.2754821777344,0.7216743230819702,311.36309814453125,319.9121398925781,0.7431210279464722,397.50006103515625,309.7723083496094,0.9769827127456665,389.510986328125,322.8000793457031,0.9771866798400879,459.5959777832031,329.8711242675781,0.9738824963569641,452.8507385253906,338.2874450683594,0.9748879075050354,505.1690368652344,393.2044677734375,0.9474309086799622,498.082763671875,395.57940673828125,0.9524769186973572
100,301.67132568359375,275.6933898925781,558.224609375,427.22979736328125,0.8748133778572083,0,1,325.6320495605469,317.1490478515625,0.24445740878582,323.80279541015625,313.6093444824219,0.18260210752487183,321.6829528808594,319.7038269042969,0.14469574391841888,328.4488220214844,306.455078125,0.30592066049575806,322.7861022949219,320.8828430175781,0.19311611354351044,342.2575378417969,303.0577392578125,0.8536367416381836,332.9345397949219,316.92022705078125,0.8572114109992981,328.25372314453125,302.04425048828125,0.8208712339401245,320.6275634765625,320.2287902832031,0.7913957238197327,310.5229187011719,308.9449157714844,0.7172312140464783,310.9485778808594,316.4966125488281,0.7289927005767822,402.4454345703125,311.0065002441406,0.9716166853904724,393.8628234863281,324.56060791015625,0.9715495109558105,461.4985046386719,327.3124084472656,0.9689916372299194,453.8663635253906,337.7266540527344,0.9697796106338501,509.5408020019531,390.545166015625,0.9389140009880066,498.5376281738281,395.7463684082031,0.9441362619400024
101,299.89154052734375,276.5400085449219,558.0615844726562,426.0664978027344,0.8774465322494507,0,1,316.667236328125,309.8640441894531,0.22148224711418152,314.6277160644531,306.47406005859375,0.17578744888305664,313.0679016113281,313.4440612792969,0.11997038871049881,321.79742431640625,302.9170227050781,0.3063003122806549,317.45977783203125,319.0130920410156,0.1567288041114807,344.6270751953125,302.35980224609375,0.8404797315597534,329.2635498046875,321.411865234375,0.8332418203353882,340.5374755859375,299.9786376953125,0.8103634715080261,321.4288024902344,327.9981689453125,0.7607584595680237,315.4136047363281,307.4991149902344,0.7102242708206177,314.6775207519531,313.12213134765625,0.7095367312431335,409.3695373535156,311.3232727050781,0.966370165348053,397.51202392578125,326.43743896484375,0.9652597308158875,462.57843017578125,328.2576904296875,0.962345540523529,454.6689758300781,339.3374938964844,0.9625096917152405,507.1329040527344,389.98980712890625,0.9274418950080872,496.0943298339844,395.0114440917969,0.9336680769920349
102,300.843505859375,276.8116149902344,560.5161743164062,426.2584228515625,0.8713439702987671,0,1,321.0084228515625,313.91436767578125,0.23541857302188873,319.1356201171875,310.40948486328125,0.1877913475036621,317.7454528808594,316.5554504394531,0.09192828088998795,327.86090087890625,307.5783386230469,0.2978600263595581,321.90850830078125,322.14617919921875,0.09596475958824158,346.9997863769531,307.0917663574219,0.881074845790863,332.2065124511719,322.2752685546875,0.8402970433235168,342.3868408203125,298.1400451660156,0.8947298526763916,320.36688232421875,320.5669860839844,0.7911391258239746,318.07720947265625,306.8625183105469,0.8248381614685059,316.1929931640625,311.4690246582031,0.7519825100898743,408.6809997558594,308.2609558105469,0.9803738594055176,398.71514892578125,323.13836669921875,0.9754714965820312,460.20501708984375,327.4137878417969,0.9633193612098694,458.5082092285156,342.13702392578125,0.9575188159942627,517.0792236328125,380.4112854003906,0.929927408695221,501.4530029296875,387.2247619628906,0.9314637780189514
103,298.67938232421875,276.8219299316406,563.837646484375,425.95172119140625,0.8734852075576782,0,1,319.844482421875,315.82080078125,0.20750555396080017,317.6203918457031,312.2572021484375,0.16740617156028748,316.14801025390625,318.90350341796875,0.07506105303764343,326.14849853515625,309.3298645019531,0.2941122353076935,319.7177734375,325.0545654296875,0.08410797268152237,347.60015869140625,307.7088928222656,0.8949353098869324,330.28973388671875,324.4679870605469,0.8412990570068359,346.0732116699219,297.9685363769531,0.9139776229858398,319.2940368652344,322.95245361328125,0.796814501285553,319.83026123046875,308.6116027832031,0.8488706946372986,315.60174560546875,310.693603515625,0.757988452911377,410.7913513183594,308.3063659667969,0.9846183657646179,399.7857971191406,323.4644775390625,0.9793064594268799,459.1493835449219,328.04150390625,0.9687703847885132,460.4267272949219,341.26239013671875,0.9610164761543274,514.5753173828125,380.5139465332031,0.9372818470001221,505.7756652832031,382.7841491699219,0.936590850353241
104,299.72119140625,276.4013671875,562.5906982421875,424.39483642578125,0.8708478212356567,0,1,322.0514221191406,316.29071044921875,0.1693165898323059,319.5264587402344,313.0035095214844,0.13837352395057678,318.2196044921875,320.14227294921875,0.0688888281583786,327.99652099609375,308.8831481933594,0.26552918553352356,322.1063232421875,325.5062255859375,0.09181147068738937,348.663818359375,305.1779479980469,0.8709821105003357,330.00750732421875,321.20556640625,0.8173856139183044,342.1322937011719,300.7933044433594,0.9010586142539978,319.8336486816406,321.6043701171875,0.7839523553848267,317.13287353515625,309.8570861816406,0.835871696472168,316.61553955078125,313.2142028808594,0.7538605332374573,407.07293701171875,310.75494384765625,0.9825893640518188,394.6222839355469,326.21673583984375,0.9770609736442566,460.1659851074219,323.73199462890625,0.9723750948905945,459.7545471191406,339.74755859375,0.9662601947784424,507.7876281738281,385.2258605957031,0.9383998513221741,503.11590576171875,390.2310485839844,0.9383421540260315
105,299.1846008300781,276.7445068359375,568.830322265625,424.04571533203125,0.8650352358818054,0,1,320.6756591796875,315.0052185058594,0.14188545942306519,318.6932067871094,311.7524108886719,0.11162316799163818,317.3560485839844,318.0945129394531,0.048557184636592865,327.20648193359375,309.6024475097656,0.2621108889579773,322.0949401855469,324.28515625,0.07441680133342743,345.8262634277344,309.22613525390625,0.8905075788497925,331.1445617675781,321.7484130859375,0.8401321768760681,333.2690124511719,302.9710693359375,0.9109682440757751,316.4139709472656,322.2690124511719,0.7981567978858948,317.85211181640625,310.00433349609375,0.8289697170257568,316.73626708984375,314.74603271484375,0.7396250367164612,409.68768310546875,308.67083740234375,0.987048327922821,401.1583251953125,322.5269470214844,0.9827661514282227,461.1137390136719,330.074462890625,0.9734686613082886,467.6152648925781,339.7048034667969,0.9673991203308105,512.0718994140625,384.99957275390625,0.9457491636276245,521.0663452148438,382.7374267578125,0.9464007019996643
106,299.2108459472656,276.2399597167969,572.344970703125,423.2903747558594,0.871039092540741,0,1,322.4862365722656,313.1673583984375,0.10258172452449799,319.9153137207031,309.756103515625,0.08131584525108337,318.46624755859375,317.55841064453125,0.04247742518782616,329.0011291503906,306.480712890625,0.20285175740718842,322.880859375,324.42626953125,0.07358173280954361,349.30645751953125,305.0794677734375,0.8116640448570251,330.0681457519531,321.90008544921875,0.7786924839019775,340.0769348144531,304.6146240234375,0.8571977019309998,319.8138732910156,328.67327880859375,0.7573815584182739,319.2065734863281,310.3656921386719,0.7736189365386963,318.4289855957031,314.2585754394531,0.715617835521698,405.4110412597656,310.5840759277344,0.9786850214004517,393.2466125488281,326.22076416015625,0.9742404818534851,459.8085632324219,323.99188232421875,0.9693971872329712,461.580078125,337.5894470214844,0.9657215476036072,509.18121337890625,388.8212890625,0.9368582367897034,511.6708068847656,389.6506652832031,0.940671980381012
107,298.1736145019531,278.4385070800781,580.0828247070312,423.1294250488281,0.8632256984710693,0,1,319.0428161621094,312.26397705078125,0.14198702573776245,317.3226013183594,309.5417785644531,0.10617895424365997,314.5826721191406,316.175048828125,0.06333903968334198,323.7023620605469,307.8988342285156,0.277033269405365,317.44781494140625,323.4197082519531,0.11761938780546188,341.9979248046875,307.8616638183594,0.87538081407547,328.0190734863281,321.490966796875,0.8378803730010986,326.7196350097656,308.14141845703125,0.8557087779045105,312.7579650878906,329.6664123535156,0.7619336247444153,315.091064453125,309.2160339355469,0.7260655760765076,314.2813415527344,314.0120849609375,0.67337965965271,406.34515380859375,307.6376647949219,0.9793334603309631,396.8580017089844,320.9358825683594,0.9754548072814941,464.63385009765625,333.1045227050781,0.9676589369773865,464.81201171875,338.26934814453125,0.9634397029876709,506.3890075683594,384.64935302734375,0.9410324692726135,519.7825927734375,378.216796875,0.9426210522651672
108,298.5473327636719,279.239501953125,580.6937255859375,422.5605773925781,0.850097119808197,0,1,319.9764709472656,312.68157958984375,0.0851832777261734,318.0428161621094,310.8243103027344,0.06299798935651779,316.6955871582031,316.7811584472656,0.03570627048611641,323.4944152832031,310.1947021484375,0.2286536693572998,320.6195373535156,323.9703674316406,0.08514586836099625,342.1263122558594,309.0856628417969,0.8469516634941101,328.0595397949219,319.9267272949219,0.8269054889678955,327.1645812988281,306.2530822753906,0.8550577163696289,311.427001953125,323.1688537597656,0.7871358394622803,318.36260986328125,309.3465270996094,0.7270004749298096,316.8888244628906,315.7568664550781,0.6934794783592224,409.4281005859375,309.84759521484375,0.9846363067626953,399.7148742675781,322.59320068359375,0.9828376770019531,463.5559387207031,333.7310791015625,0.9739059209823608,460.8470458984375,339.4482116699219,0.9717801213264465,518.4172973632812,383.4598693847656,0.9524973630905151,528.9183349609375,379.9975891113281,0.9551452398300171
109,298.5112609863281,279.3660888671875,581.439208984375,421.96795654296875,0.8578141927719116,0,1,319.090576171875,312.549072265625,0.07412252575159073,317.6208801269531,310.9067077636719,0.05666756257414818,316.4453430175781,316.2633972167969,0.031729403883218765,323.1562805175781,309.91668701171875,0.21800905466079712,321.29034423828125,322.235107421875,0.07806986570358276,338.942138671875,309.5287170410156,0.8116801977157593,328.5414123535156,317.1309814453125,0.7772783637046814,319.7034606933594,308.3399353027344,0.8280705213546753,310.53033447265625,319.0044250488281,0.7417206168174744,315.0108642578125,311.79833984375,0.6983450055122375,317.4322509765625,320.86883544921875,0.6529421806335449,405.0165100097656,310.2161560058594,0.9794120192527771,397.18951416015625,322.0437927246094,0.9765229821205139,463.9590148925781,333.50738525390625,0.9679141640663147,459.4814147949219,339.916015625,0.964861273765564,518.7418823242188,382.14892578125,0.9457393884658813,525.3599853515625,381.310791015625,0.947757363319397
110,298.41168212890625,279.56268310546875,583.19287109375,421.0850830078125,0.864886999130249,0,1,315.04229736328125,311.6031799316406,0.08966553211212158,314.14190673828125,309.5160827636719,0.0709361881017685,312.27081298828125,315.056640625,0.04029403254389763,321.17047119140625,308.2731628417969,0.23255859315395355,317.26300048828125,320.8609924316406,0.08250529319047928,336.6167297363281,309.603759765625,0.7901874780654907,325.2118225097656,317.1163024902344,0.75346839427948,321.0606689453125,310.4407958984375,0.7928460836410522,310.0443420410156,318.8886413574219,0.6999358534812927,316.9303283691406,312.26666259765625,0.6584734320640564,318.9433288574219,317.1993103027344,0.611584484577179,399.4571838378906,310.28131103515625,0.9715277552604675,390.6565246582031,322.3699951171875,0.9676876068115234,461.396484375,331.4698181152344,0.9604616761207581,456.06427001953125,339.48583984375,0.9572668671607971,521.8876342773438,381.4062805175781,0.9368119835853577,524.6449584960938,383.0617980957031,0.9391143321990967
111,298.476806640625,279.38092041015625,579.807861328125,420.6097106933594,0.8739258646965027,0,1,314.09326171875,312.99261474609375,0.08941767364740372,313.46875,310.9924011230469,0.07278022170066833,311.4356689453125,316.1576232910156,0.04174170643091202,320.65032958984375,309.1307678222656,0.22757244110107422,316.5701904296875,321.028564453125,0.08149935305118561,334.54376220703125,310.41668701171875,0.757400393486023,325.27410888671875,317.0179138183594,0.699592649936676,317.5898742675781,313.7349548339844,0.7587333917617798,310.032470703125,319.10919189453125,0.6434597373008728,316.2249755859375,315.8547668457031,0.6287797689437866,318.3213195800781,319.3677673339844,0.569372296333313,396.0231018066406,310.6083068847656,0.95963454246521,388.4041748046875,322.5594787597656,0.953088641166687,461.061767578125,330.30322265625,0.9500221014022827,455.4633483886719,340.0817565917969,0.9451385140419006,516.58251953125,379.0661926269531,0.9262385368347168,516.9190673828125,384.3193664550781,0.9272732734680176
112,298.3032531738281,278.1799011230469,586.6991577148438,419.8843688964844,0.8632639646530151,0,1,311.8406677246094,313.6404724121094,0.22108842432498932,311.8194274902344,311.913818359375,0.158241406083107,310.62384033203125,314.8840026855469,0.13265077769756317,318.126953125,308.78662109375,0.3209336996078491,313.5814208984375,314.6178283691406,0.17852270603179932,322.4149169921875,311.11126708984375,0.775166392326355,329.64959716796875,313.2925109863281,0.6344311237335205,314.043212890625,313.64276123046875,0.6614706516265869,323.863037109375,313.4146423339844,0.44954580068588257,317.8087158203125,314.3269348144531,0.5573020577430725,321.6054382324219,315.5789489746094,0.43196791410446167,392.09539794921875,315.8987121582031,0.8700922131538391,394.21905517578125,325.7112731933594,0.8358114361763,460.44744873046875,328.8393249511719,0.8969987034797668,460.419189453125,334.5867004394531,0.868125855922699,526.1260986328125,382.64691162109375,0.8459614515304565,524.8308715820312,382.6053161621094,0.8234226107597351
113,298.3052673339844,279.5413818359375,581.724365234375,421.03411865234375,0.850864052772522,0,1,310.0205078125,315.1470947265625,0.09413916617631912,309.02545166015625,313.3377990722656,0.0800970196723938,307.7512512207031,318.14886474609375,0.044532809406518936,316.9605407714844,311.9429016113281,0.2359364777803421,314.762451171875,322.8053283691406,0.08011025935411453,333.3929443359375,314.0744323730469,0.7355687022209167,327.2820739746094,318.0207824707031,0.675315260887146,323.5486145019531,317.3475341796875,0.7229982614517212,318.22027587890625,318.8843078613281,0.6089109182357788,320.1106872558594,314.0068359375,0.5855203866958618,316.8758239746094,316.2297058105469,0.5291768312454224,394.4271240234375,309.1204833984375,0.9499384164810181,388.9482116699219,318.9003601074219,0.9426760077476501,460.60064697265625,334.0716552734375,0.9420021176338196,457.2894287109375,339.0923767089844,0.9378654360771179,518.9374389648438,382.3831481933594,0.9150751233100891,519.7752075195312,383.5712585449219,0.9183342456817627
114,299.0955505371094,280.8836669921875,577.5087890625,421.0130310058594,0.8479843735694885,0,1,310.5372009277344,328.6492614746094,0.07626022398471832,309.7785949707031,327.1407165527344,0.0764327198266983,310.2331848144531,328.70440673828125,0.0358215756714344,317.0878601074219,320.8320007324219,0.23284877836704254,320.1261901855469,323.6959228515625,0.0639047622680664,330.1326904296875,322.16961669921875,0.6411880254745483,338.5472717285156,313.5022277832031,0.5122506618499756,317.7098083496094,327.2620849609375,0.6431595683097839,344.3037109375,305.95794677734375,0.45975419878959656,308.8277282714844,319.8720397949219,0.5070419311523438,327.4746398925781,309.7806396484375,0.408495157957077,392.7236022949219,315.2748107910156,0.9031605124473572,395.5472106933594,318.5431823730469,0.8827439546585083,459.7746887207031,338.0681457519531,0.9055760502815247,456.4756164550781,335.06805419921875,0.8949368000030518,515.0604248046875,379.3126525878906,0.880802571773529,517.6709594726562,381.2432861328125,0.8822968006134033
115,297.61773681640625,280.4778747558594,577.636962890625,420.9666748046875,0.8718790411949158,0,1,309.5160827636719,328.95855712890625,0.07680225372314453,308.62591552734375,326.7828369140625,0.07624436914920807,308.7722473144531,329.9837341308594,0.03268434479832649,316.0619812011719,319.5884094238281,0.26544517278671265,317.9105529785156,326.5716247558594,0.0630410835146904,329.2755432128906,318.63592529296875,0.7334014773368835,329.475341796875,318.2418518066406,0.5824451446533203,307.8432312011719,331.6630554199219,0.7450303435325623,310.7107849121094,326.58966064453125,0.4934559464454651,291.8171691894531,336.0093994140625,0.5940564274787903,288.9371643066406,331.7126770019531,0.43005120754241943,391.8545227050781,311.5803527832031,0.9371329545974731,390.29595947265625,318.7825927734375,0.9136959910392761,458.8833312988281,336.3312683105469,0.931414008140564,455.27630615234375,336.2059020996094,0.9108589291572571,513.2686157226562,381.45587158203125,0.9000269770622253,514.568359375,380.71685791015625,0.8926053643226624
116,299.774658203125,280.86981201171875,577.555419921875,421.1496887207031,0.8703736066818237,0,1,316.42529296875,335.9167785644531,0.05209529772400856,315.3298645019531,334.84161376953125,0.05281996354460716,316.7539367675781,335.6387939453125,0.02331826463341713,319.2696533203125,326.8738098144531,0.20472723245620728,324.4627380371094,328.1794128417969,0.05146770924329758,328.74261474609375,324.9062805175781,0.646580696105957,336.69293212890625,316.4263610839844,0.4584714472293854,311.2888488769531,335.17608642578125,0.6977624893188477,334.46563720703125,315.5493469238281,0.4237098693847656,299.6994934082031,333.4905090332031,0.5575299859046936,312.6966857910156,320.7084655761719,0.38655462861061096,390.4111328125,316.7350158691406,0.918493926525116,393.3298645019531,320.24609375,0.8861539363861084,457.58294677734375,338.8281555175781,0.9206381440162659,454.00836181640625,334.7886962890625,0.8964397311210632,510.72515869140625,380.55511474609375,0.896112322807312,514.0062255859375,381.2876892089844,0.8869550228118896
117,299.4847717285156,280.3473815917969,577.8193969726562,421.61212158203125,0.8864277601242065,0,1,317.6166687011719,339.19891357421875,0.07679470628499985,316.4784851074219,336.749755859375,0.07432035356760025,318.0701599121094,337.67120361328125,0.032598208636045456,319.6520690917969,324.8424377441406,0.2367851436138153,324.55572509765625,326.31939697265625,0.06044808402657509,328.3449401855469,322.3572998046875,0.7482945322990417,333.04632568359375,313.9416198730469,0.5295657515525818,312.6155090332031,339.8375549316406,0.7844710946083069,326.5142517089844,320.16796875,0.46505188941955566,304.7765197753906,330.88787841796875,0.6586337089538574,316.66009521484375,320.4175109863281,0.4358612298965454,388.5787048339844,314.6527404785156,0.9396358132362366,389.8206481933594,318.8128662109375,0.9054465293884277,457.3159484863281,338.4878234863281,0.935695230960846,454.11328125,334.0853576660156,0.9059898257255554,512.3234252929688,381.7016296386719,0.9027447700500488,515.3973388671875,380.5091247558594,0.8867157101631165
118,299.6889343261719,280.6256408691406,577.3566284179688,421.2591857910156,0.8870857954025269,0,1,317.0617370605469,329.23883056640625,0.011737766675651073,315.5684509277344,329.9025573730469,0.010275646112859249,319.16259765625,329.0588073730469,0.0047958106733858585,316.52880859375,325.3000183105469,0.08637221157550812,327.2517395019531,322.593994140625,0.022006481885910034,327.391845703125,323.49847412109375,0.5453762412071228,330.96636962890625,310.6378479003906,0.3634789288043976,315.50042724609375,343.899169921875,0.7263852953910828,329.34765625,322.2112121582031,0.46424394845962524,307.90179443359375,327.436279296875,0.6044127345085144,314.2727966308594,322.3015441894531,0.43404051661491394,385.0711364746094,315.4369201660156,0.956474244594574,386.01654052734375,317.2573547363281,0.9368076920509338,457.2388916015625,340.31805419921875,0.9568668603897095,453.0294494628906,331.407470703125,0.9420687556266785,513.5859985351562,381.23358154296875,0.9420161843299866,517.228759765625,381.71783447265625,0.9362683892250061
119,300.65960693359375,280.9817810058594,577.5098266601562,421.569091796875,0.8723025918006897,0,1,318.802490234375,328.0781555175781,0.009738297201693058,317.6363830566406,329.4056396484375,0.008610670454800129,321.2705383300781,327.88330078125,0.0040953797288239,318.6661071777344,326.1263122558594,0.07925251871347427,329.9134521484375,321.9488525390625,0.020283060148358345,327.6112365722656,325.2256774902344,0.4949299991130829,333.6203918457031,309.5014343261719,0.3339780569076538,314.10089111328125,343.4528503417969,0.689563512802124,332.8210754394531,316.8658142089844,0.44852370023727417,312.750732421875,324.8006591796875,0.5705767869949341,320.7669677734375,319.5550842285156,0.41802600026130676,383.7417297363281,316.0604553222656,0.9523497223854065,386.3348388671875,316.6865234375,0.9333166480064392,456.9041442871094,341.1231689453125,0.954764187335968,452.805419921875,330.710205078125,0.9416540265083313,514.7483520507812,381.1470642089844,0.9420338273048401,519.0732421875,381.8145751953125,0.9378036856651306
