video_id,frame_idx,source_file,label,label_name,has_person,valid_joint_count,joint_0_name,joint_0_x,joint_0_y,joint_0_c,joint_1_name,joint_1_x,joint_1_y,joint_1_c,joint_2_name,joint_2_x,joint_2_y,joint_2_c,joint_3_name,joint_3_x,joint_3_y,joint_3_c,joint_4_name,joint_4_x,joint_4_y,joint_4_c,joint_5_name,joint_5_x,joint_5_y,joint_5_c,joint_6_name,joint_6_x,joint_6_y,joint_6_c,joint_7_name,joint_7_x,joint_7_y,joint_7_c,joint_8_name,joint_8_x,joint_8_y,joint_8_c,joint_9_name,joint_9_x,joint_9_y,joint_9_c,joint_10_name,joint_10_x,joint_10_y,joint_10_c,joint_11_name,joint_11_x,joint_11_y,joint_11_c,joint_12_name,joint_12_x,joint_12_y,joint_12_c,joint_13_name,joint_13_x,joint_13_y,joint_13_c,joint_14_name,joint_14_x,joint_14_y,joint_14_c
Fall__Fall_f_raw_b_4_B_M_200,0,C:\Users\ASUS\Downloads\3D_Human_Pose_NCKH\paper_baselines\lin2021_yolov8_lstm_gru\data\raw_yolov8_keypoints\Fall\Fall_Fall_f_raw_b_4_B_M_200.csv,1,Fall,1,15,nose,1105.013427734375,411.0970458984375,0.9120579957962036,neck,1185.0694580078125,477.7931823730469,0.9889305233955383,right_shoulder,1150.279052734375,469.9649963378906,0.9808658361434937,right_elbow,1095.123779296875,589.8862915039062,0.8999097943305969,right_wrist,979.345703125,564.9522705078125,0.8791172504425049,left_shoulder,1219.8599853515625,485.621337890625,0.996995210647583,left_elbow,1200.95556640625,673.625,0.9909704923629761,left_wrist,1069.741943359375,709.7227783203125,0.9824763536453247,mid_hip,1052.166259765625,656.5657348632812,0.9827322959899902,right_hip,1032.396728515625,638.0819091796875,0.9759886860847473,right_knee,847.5477905273438,633.498779296875,0.9264416694641113,right_ankle,654.8179321289062,714.96337890625,0.7707964181900024,left_hip,1071.9356689453125,675.0496215820312,0.9894758462905884,left_knee,864.6165771484375,656.33251953125,0.9693604707717896,left_ankle,633.7227172851562,706.423095703125,0.8605419993400574
Fall__Fall_f_raw_b_4_B_M_200,1,C:\Users\ASUS\Downloads\3D_Human_Pose_NCKH\paper_baselines\lin2021_yolov8_lstm_gru\data\raw_yolov8_keypoints\Fall\Fall_Fall_f_raw_b_4_B_M_200.csv,1,Fall,1,15,nose,1105.0040283203125,411.12811279296875,0.9134079217910767,neck,1185.061279296875,477.7060852050781,0.9890553951263428,right_shoulder,1150.2611083984375,469.8771057128906,0.9810962080955505,right_elbow,1095.3267822265625,589.7863159179688,0.9006204009056091,right_wrist,979.5447998046875,565.1044921875,0.8797151446342468,left_shoulder,1219.8614501953125,485.53509521484375,0.9970146417617798,left_elbow,1200.969970703125,673.5680541992188,0.9909647703170776,left_wrist,1069.546630859375,709.8154907226562,0.9824615120887756,mid_hip,1052.18994140625,656.8173217773438,0.982763946056366,right_hip,1032.412841796875,638.31982421875,0.9760563373565674,right_knee,847.743408203125,633.4385986328125,0.9266765713691711,right_ankle,654.8515625,715.0556640625,0.7711384892463684,left_hip,1071.9671630859375,675.3148193359375,0.9894715547561646,left_knee,864.6326293945312,656.3492431640625,0.9693677425384521,left_ankle,633.571044921875,706.6402587890625,0.8605477809906006
Fall__Fall_f_raw_b_4_B_M_200,2,C:\Users\ASUS\Downloads\3D_Human_Pose_NCKH\paper_baselines\lin2021_yolov8_lstm_gru\data\raw_yolov8_keypoints\Fall\Fall_Fall_f_raw_b_4_B_M_200.csv,1,Fall,1,15,nose,1104.9765625,411.142822265625,0.9132301807403564,neck,1185.0760498046875,477.80279541015625,0.9889901280403137,right_shoulder,1150.262939453125,470.0292663574219,0.9809747934341431,right_elbow,1095.3367919921875,589.9962158203125,0.9000037312507629,right_wrist,979.5459594726562,565.0775146484375,0.8791379928588867,left_shoulder,1219.88916015625,485.5762939453125,0.9970055222511292,left_elbow,1200.9464111328125,673.604736328125,0.9909528493881226,left_wrist,1069.547119140625,709.7341918945312,0.9824485182762146,mid_hip,1052.1170654296875,656.8751220703125,0.9826779961585999,right_hip,1032.321044921875,638.40478515625,0.9759219288825989,right_knee,847.5338745117188,633.4486083984375,0.9264441132545471,right_ankle,654.8095703125,715.134765625,0.7708458304405212,left_hip,1071.9130859375,675.3455200195312,0.9894340634346008,left_knee,864.5154418945312,656.2182006835938,0.9693303108215332,left_ankle,633.710205078125,706.6140747070312,0.8605179786682129
Fall__Fall_f_raw_b_4_B_M_200,3,C:\Users\ASUS\Downloads\3D_Human_Pose_NCKH\paper_baselines\lin2021_yolov8_lstm_gru\data\raw_yolov8_keypoints\Fall\Fall_Fall_f_raw_b_4_B_M_200.csv,1,Fall,1,15,nose,1104.9671630859375,411.0670166015625,0.9135602712631226,neck,1185.05029296875,477.75286865234375,0.9890503287315369,right_shoulder,1150.27685546875,469.99554443359375,0.9810796976089478,right_elbow,1095.326904296875,590.0360717773438,0.9003605842590332,right_wrist,979.5523681640625,565.123291015625,0.8794152736663818,left_shoulder,1219.82373046875,485.51019287109375,0.9970210194587708,left_elbow,1200.939453125,673.5050048828125,0.9909877181053162,left_wrist,1069.6082763671875,709.8228149414062,0.9824903607368469,mid_hip,1052.123046875,656.8765258789062,0.9827543497085571,right_hip,1032.361328125,638.4052124023438,0.9760273694992065,right_knee,847.6503295898438,633.4568481445312,0.9266068339347839,right_ankle,654.99365234375,715.1002197265625,0.771030604839325,left_hip,1071.884765625,675.3478393554688,0.9894813299179077,left_knee,864.3974609375,656.3637084960938,0.9694038033485413,left_ankle,633.6982421875,706.7799072265625,0.8606224060058594
Fall__Fall_f_raw_b_4_B_M_200,4,C:\Users\ASUS\Downloads\3D_Human_Pose_NCKH\paper_baselines\lin2021_yolov8_lstm_gru\data\raw_yolov8_keypoints\Fall\Fall_Fall_f_raw_b_4_B_M_200.csv,1,Fall,1,15,nose,1104.968505859375,411.152099609375,0.9136145710945129,neck,1185.09375,477.75616455078125,0.9889837503433228,right_shoulder,1150.320556640625,469.8719787597656,0.980958878993988,right_elbow,1095.3114013671875,589.7353515625,0.8997209668159485,right_wrist,979.4691162109375,564.9974365234375,0.8788740634918213,left_shoulder,1219.866943359375,485.64031982421875,0.9970086216926575,left_elbow,1200.9317626953125,673.698486328125,0.9909346699714661,left_wrist,1069.698974609375,709.7266845703125,0.9824060201644897,mid_hip,1052.3070068359375,656.5447998046875,0.9826228022575378,right_hip,1032.556396484375,638.0325317382812,0.9758435487747192,right_knee,848.1337890625,633.1473388671875,0.9264936447143555,right_ankle,654.9992065429688,715.1463012695312,0.7711554765701294,left_hip,1072.0576171875,675.05712890625,0.9894019961357117,left_knee,864.873779296875,656.1180419921875,0.9693509340286255,left_ankle,633.754638671875,706.802001953125,0.8607149720191956
Fall__Fall_f_raw_b_4_B_M_200,5,C:\Users\ASUS\Downloads\3D_Human_Pose_NCKH\paper_baselines\lin2021_yolov8_lstm_gru\data\raw_yolov8_keypoints\Fall\Fall_Fall_f_raw_b_4_B_M_200.csv,1,Fall,1,15,nose,1104.9686279296875,411.1489562988281,0.9135903120040894,neck,1185.0816650390625,477.7844543457031,0.988980233669281,right_shoulder,1150.29296875,469.9117126464844,0.9809541702270508,right_elbow,1095.33203125,589.76416015625,0.8997195363044739,right_wrist,979.4681396484375,564.9835205078125,0.8788777589797974,left_shoulder,1219.870361328125,485.6572265625,0.9970062375068665,left_elbow,1200.882568359375,673.656005859375,0.990929901599884,left_wrist,1069.6865234375,709.6107788085938,0.982401430606842,mid_hip,1052.3369140625,656.485107421875,0.9826251268386841,right_hip,1032.564208984375,637.9817504882812,0.9758480191230774,right_knee,848.05810546875,633.1375122070312,0.9265174269676208,right_ankle,655.0076904296875,715.12353515625,0.7712417244911194,left_hip,1072.1097412109375,674.9884643554688,0.9894022941589355,left_knee,865.0067138671875,656.0864868164062,0.969357430934906,left_ankle,633.9241943359375,706.7691040039062,0.8607621788978577
Fall__Fall_f_raw_b_4_B_M_200,6,C:\Users\ASUS\Downloads\3D_Human_Pose_NCKH\paper_baselines\lin2021_yolov8_lstm_gru\data\raw_yolov8_keypoints\Fall\Fall_Fall_f_raw_b_4_B_M_200.csv,1,Fall,1,15,nose,1109.89404296875,409.23974609375,0.9152519106864929,neck,1184.763671875,475.0205993652344,0.9906322956085205,right_shoulder,1147.064697265625,465.08551025390625,0.9843728542327881,right_elbow,1088.431396484375,584.5074462890625,0.9208005666732788,right_wrist,974.40966796875,560.482666015625,0.8999725580215454,left_shoulder,1222.462646484375,484.9556884765625,0.9968916773796082,left_elbow,1205.984375,674.52783203125,0.9904391765594482,left_wrist,1071.9200439453125,709.0310668945312,0.9820787310600281,mid_hip,1051.1326904296875,654.6541748046875,0.985910177230835,right_hip,1029.7025146484375,635.510498046875,0.9810928702354431,right_knee,850.103271484375,630.8582763671875,0.9409455060958862,right_ankle,668.0096435546875,717.1846923828125,0.8037468194961548,left_hip,1072.56298828125,673.7978515625,0.990727424621582,left_knee,868.1412353515625,655.7857055664062,0.9727535247802734,left_ankle,646.3367919921875,706.4391479492188,0.875098466873169
Fall__Fall_f_raw_b_4_B_M_200,7,C:\Users\ASUS\Downloads\3D_Human_Pose_NCKH\paper_baselines\lin2021_yolov8_lstm_gru\data\raw_yolov8_keypoints\Fall\Fall_Fall_f_raw_b_4_B_M_200.csv,1,Fall,1,15,nose,1115.1119384765625,408.2071533203125,0.9182962775230408,neck,1186.8399658203125,476.693359375,0.9905226230621338,right_shoulder,1150.28857421875,463.16851806640625,0.9828214645385742,right_elbow,1098.266357421875,575.2052612304688,0.9114744067192078,right_wrist,981.5340576171875,559.3915405273438,0.8924297094345093,left_shoulder,1223.391357421875,490.21820068359375,0.9982238411903381,left_elbow,1207.8699951171875,673.3937377929688,0.9949524402618408,left_wrist,1074.3863525390625,706.6959228515625,0.9881865382194519,mid_hip,1056.281005859375,655.9901733398438,0.988667368888855,right_hip,1037.5137939453125,634.7283935546875,0.9835339188575745,right_knee,850.3657836914062,630.8533325195312,0.9369335770606995,right_ankle,664.9293212890625,715.21337890625,0.7940889596939087,left_hip,1075.048095703125,677.251953125,0.9938008189201355,left_knee,860.2216186523438,656.5728759765625,0.9772419929504395,left_ankle,649.2338256835938,704.283203125,0.8852362036705017
Fall__Fall_f_raw_b_4_B_M_200,8,C:\Users\ASUS\Downloads\3D_Human_Pose_NCKH\paper_baselines\lin2021_yolov8_lstm_gru\data\raw_yolov8_keypoints\Fall\Fall_Fall_f_raw_b_4_B_M_200.csv,1,Fall,1,15,nose,1118.491455078125,408.6909484863281,0.9238798022270203,neck,1189.5582275390625,474.36981201171875,0.9899693727493286,right_shoulder,1151.3590087890625,459.0867004394531,0.9817429780960083,right_elbow,1095.1685791015625,567.8538818359375,0.9033663272857666,right_wrist,978.96923828125,556.7265625,0.8832502961158752,left_shoulder,1227.7574462890625,489.65289306640625,0.9981958270072937,left_elbow,1209.940673828125,672.7471923828125,0.9948092699050903,left_wrist,1081.94384765625,706.6485595703125,0.987787663936615,mid_hip,1057.001708984375,652.4967651367188,0.988283634185791,right_hip,1037.2191162109375,630.5003662109375,0.9828664660453796,right_knee,847.6024169921875,629.8215942382812,0.9393611550331116,right_ankle,669.1994018554688,722.6310424804688,0.8039771914482117,left_hip,1076.784423828125,674.4931640625,0.9937007427215576,left_knee,856.54052734375,656.2743530273438,0.9787105917930603,left_ankle,650.92724609375,712.6239624023438,0.8930826187133789
Fall__Fall_f_raw_b_4_B_M_200,9,C:\Users\ASUS\Downloads\3D_Human_Pose_NCKH\paper_baselines\lin2021_yolov8_lstm_gru\data\raw_yolov8_keypoints\Fall\Fall_Fall_f_raw_b_4_B_M_200.csv,1,Fall,1,15,nose,1121.3280029296875,406.149169921875,0.9388096928596497,neck,1189.551513671875,471.99127197265625,0.9902284741401672,right_shoulder,1147.74560546875,458.4627685546875,0.9835688471794128,right_elbow,1088.3026123046875,569.0066528320312,0.9030641317367554,right_wrist,977.70068359375,552.8082275390625,0.8771800398826599,left_shoulder,1231.357421875,485.519775390625,0.9968881011009216,left_elbow,1213.5570068359375,671.606201171875,0.9886605739593506,left_wrist,1089.32568359375,709.02392578125,0.9782297611236572,mid_hip,1051.522705078125,648.6250610351562,0.9823439717292786,right_hip,1027.37841796875,627.850830078125,0.9762130975723267,right_knee,844.8060302734375,627.4290771484375,0.9366883635520935,right_ankle,662.9683837890625,732.2607421875,0.795933723449707,left_hip,1075.6671142578125,669.3992919921875,0.9884747862815857,left_knee,862.0966796875,656.5123901367188,0.9711827039718628,left_ankle,635.5494384765625,723.4189453125,0.8715874552726746
Fall__Fall_f_raw_b_4_B_M_200,10,C:\Users\ASUS\Downloads\3D_Human_Pose_NCKH\paper_baselines\lin2021_yolov8_lstm_gru\data\raw_yolov8_keypoints\Fall\Fall_Fall_f_raw_b_4_B_M_200.csv,1,Fall,1,15,nose,1124.0684814453125,408.9472961425781,0.9372300505638123,neck,1189.28125,472.5035705566406,0.9910091757774353,right_shoulder,1146.75244140625,456.2736511230469,0.9838935136795044,right_elbow,1090.609375,563.5938110351562,0.9093871116638184,right_wrist,975.162109375,551.902587890625,0.8863985538482666,left_shoulder,1231.8101806640625,488.7334899902344,0.9981247782707214,left_elbow,1217.90576171875,669.30859375,0.9939261078834534,left_wrist,1091.3834228515625,703.7208251953125,0.9859172701835632,mid_hip,1052.253662109375,648.1100463867188,0.9880269765853882,right_hip,1029.9017333984375,625.7466430664062,0.9828867316246033,right_knee,846.7040405273438,632.7470703125,0.9399339556694031,right_ankle,671.822998046875,728.67431640625,0.800216555595398,left_hip,1074.605712890625,670.4735107421875,0.9931672215461731,left_knee,859.6884155273438,661.9198608398438,0.9770815968513489,left_ankle,651.9592895507812,718.432373046875,0.8856738209724426
Fall__Fall_f_raw_b_4_B_M_200,11,C:\Users\ASUS\Downloads\3D_Human_Pose_NCKH\paper_baselines\lin2021_yolov8_lstm_gru\data\raw_yolov8_keypoints\Fall\Fall_Fall_f_raw_b_4_B_M_200.csv,1,Fall,1,15,nose,1125.67724609375,401.6280212402344,0.9538922905921936,neck,1187.5279541015625,471.2467956542969,0.9929512143135071,right_shoulder,1141.868896484375,456.30010986328125,0.9887921214103699,right_elbow,1078.653076171875,561.5396728515625,0.9308658838272095,right_wrist,974.0949096679688,549.596435546875,0.9054946899414062,left_shoulder,1233.18701171875,486.1934814453125,0.9971103668212891,left_elbow,1214.7498779296875,666.87841796875,0.9880548119544983,left_wrist,1095.95458984375,704.512939453125,0.9776122570037842,mid_hip,1053.68994140625,646.1152954101562,0.985779345035553,right_hip,1026.9107666015625,625.05712890625,0.9818156361579895,right_knee,843.7490234375,628.418701171875,0.9476890563964844,right_ankle,667.953857421875,732.02294921875,0.8145796656608582,left_hip,1080.468994140625,667.1735229492188,0.9897430539131165,left_knee,867.1232299804688,659.0813598632812,0.9726274013519287,left_ankle,644.434814453125,723.0071411132812,0.8746782541275024
Fall__Fall_f_raw_b_4_B_M_200,12,C:\Users\ASUS\Downloads\3D_Human_Pose_NCKH\paper_baselines\lin2021_yolov8_lstm_gru\data\raw_yolov8_keypoints\Fall\Fall_Fall_f_raw_b_4_B_M_200.csv,1,Fall,1,15,nose,1125.9822998046875,414.7749938964844,0.9493915438652039,neck,1189.7490234375,471.5213623046875,0.9929590225219727,right_shoulder,1146.2509765625,453.409912109375,0.9877727627754211,right_elbow,1087.547607421875,554.4971923828125,0.9301486611366272,right_wrist,977.839599609375,549.0726318359375,0.9076171517372131,left_shoulder,1233.2470703125,489.6328125,0.998145341873169,left_elbow,1214.472412109375,667.3267211914062,0.9933592677116394,left_wrist,1092.3460693359375,698.0033569335938,0.985249936580658,mid_hip,1053.498046875,644.8785400390625,0.9897922873497009,right_hip,1030.447021484375,621.8515625,0.9860125184059143,right_knee,843.6633911132812,628.677001953125,0.9513143301010132,right_ankle,673.713134765625,729.0325317382812,0.8267461061477661,left_hip,1076.5491943359375,667.9054565429688,0.9935721158981323,left_knee,858.1678466796875,658.3213500976562,0.9789624810218811,left_ankle,654.760009765625,717.5425415039062,0.8950614333152771
Fall__Fall_f_raw_b_4_B_M_200,13,C:\Users\ASUS\Downloads\3D_Human_Pose_NCKH\paper_baselines\lin2021_yolov8_lstm_gru\data\raw_yolov8_keypoints\Fall\Fall_Fall_f_raw_b_4_B_M_200.csv,1,Fall,1,15,nose,1127.063232421875,412.918701171875,0.9418184161186218,neck,1192.6112060546875,470.5707092285156,0.9931408762931824,right_shoulder,1149.6766357421875,451.4440612792969,0.9885043501853943,right_elbow,1090.0889892578125,551.1044311523438,0.9378613233566284,right_wrist,978.4002685546875,546.08837890625,0.9139561653137207,left_shoulder,1235.545654296875,489.6973571777344,0.9977774024009705,left_elbow,1220.392822265625,667.20458984375,0.9916200637817383,left_wrist,1103.337646484375,693.1126098632812,0.9820867776870728,mid_hip,1056.317626953125,644.0180053710938,0.9901161789894104,right_hip,1034.0179443359375,620.3797607421875,0.987036406993866,right_knee,848.3948974609375,624.6233520507812,0.9569424390792847,right_ankle,676.831787109375,732.6666259765625,0.8433343768119812,left_hip,1078.6171875,667.6561889648438,0.9931960105895996,left_knee,860.4329833984375,657.4846801757812,0.978838324546814,left_ankle,651.865234375,722.0406494140625,0.8983516097068787
Fall__Fall_f_raw_b_4_B_M_200,14,C:\Users\ASUS\Downloads\3D_Human_Pose_NCKH\paper_baselines\lin2021_yolov8_lstm_gru\data\raw_yolov8_keypoints\Fall\Fall_Fall_f_raw_b_4_B_M_200.csv,1,Fall,1,15,nose,1128.7119140625,418.2737731933594,0.9471058249473572,neck,1192.9794921875,471.5093078613281,0.993031919002533,right_shoulder,1148.1309814453125,450.9262390136719,0.9882813096046448,right_elbow,1087.61181640625,546.887939453125,0.9356029629707336,right_wrist,979.7510986328125,543.4234619140625,0.9128946661949158,left_shoulder,1237.828125,492.0923767089844,0.9977825284004211,left_elbow,1221.4345703125,668.4378662109375,0.9915169477462769,left_wrist,1105.9053955078125,687.9000854492188,0.9823440313339233,mid_hip,1057.162109375,642.371337890625,0.9895760416984558,right_hip,1033.78759765625,618.349609375,0.9862848520278931,right_knee,851.491455078125,624.4765625,0.9553850293159485,right_ankle,683.0247192382812,730.1640014648438,0.8389592170715332,left_hip,1080.53662109375,666.39306640625,0.9928672313690186,left_knee,863.2978515625,657.329345703125,0.9782577157020569,left_ankle,656.369384765625,719.9453735351562,0.896071195602417
Fall__Fall_f_raw_b_4_B_M_200,15,C:\Users\ASUS\Downloads\3D_Human_Pose_NCKH\paper_baselines\lin2021_yolov8_lstm_gru\data\raw_yolov8_keypoints\Fall\Fall_Fall_f_raw_b_4_B_M_200.csv,1,Fall,1,15,nose,1128.91015625,417.8083190917969,0.9643102288246155,neck,1191.2530517578125,472.9092102050781,0.9935291409492493,right_shoulder,1142.4921875,454.6264343261719,0.9901161789894104,right_elbow,1074.254638671875,550.0342407226562,0.935499370098114,right_wrist,974.8027954101562,537.882568359375,0.9098368287086487,left_shoulder,1240.013916015625,491.19195556640625,0.9969421029090881,left_elbow,1223.38818359375,669.1322021484375,0.9851056337356567,left_wrist,1110.6944580078125,691.1195068359375,0.9736559987068176,mid_hip,1052.1185302734375,645.2984008789062,0.9842694997787476,right_hip,1023.953857421875,622.611572265625,0.9807048439979553,right_knee,848.9580078125,619.4491577148438,0.9495801329612732,right_ankle,676.340576171875,733.5027465820312,0.8194176554679871,left_hip,1080.2830810546875,667.9852294921875,0.987834095954895,left_knee,871.4578857421875,655.3408203125,0.9704865217208862,left_ankle,643.3465576171875,729.1434326171875,0.8702712655067444
Fall__Fall_f_raw_b_4_B_M_200,16,C:\Users\ASUS\Downloads\3D_Human_Pose_NCKH\paper_baselines\lin2021_yolov8_lstm_gru\data\raw_yolov8_keypoints\Fall\Fall_Fall_f_raw_b_4_B_M_200.csv,1,Fall,1,15,nose,1129.0799560546875,416.75994873046875,0.9671525359153748,neck,1190.90771484375,474.1014099121094,0.9943955540657043,right_shoulder,1140.96044921875,455.99554443359375,0.9916188716888428,right_elbow,1068.850830078125,550.5396728515625,0.9455126523971558,right_wrist,973.43408203125,535.1278076171875,0.9223238229751587,left_shoulder,1240.85498046875,492.207275390625,0.9971721768379211,left_elbow,1222.205810546875,668.34619140625,0.9858200550079346,left_wrist,1114.7880859375,685.672607421875,0.9752026200294495,mid_hip,1054.486572265625,645.6526489257812,0.9857333898544312,right_hip,1025.368896484375,623.2691650390625,0.9828227162361145,right_knee,848.2439575195312,626.0521240234375,0.9500980973243713,right_ankle,668.8225708007812,730.373779296875,0.8116109371185303,left_hip,1083.604248046875,668.0360717773438,0.9886441230773926,left_knee,873.9618530273438,659.835693359375,0.9694312810897827,left_ankle,639.2967529296875,720.6661376953125,0.8612431287765503
Fall__Fall_f_raw_b_4_B_M_200,17,C:\Users\ASUS\Downloads\3D_Human_Pose_NCKH\paper_baselines\lin2021_yolov8_lstm_gru\data\raw_yolov8_keypoints\Fall\Fall_Fall_f_raw_b_4_B_M_200.csv,1,Fall,1,15,nose,1129.161865234375,420.71942138671875,0.9664126634597778,neck,1191.36328125,471.50091552734375,0.994023323059082,right_shoulder,1141.151123046875,452.4837341308594,0.9910545945167542,right_elbow,1069.360595703125,548.17578125,0.9439029693603516,right_wrist,975.3089599609375,531.9336547851562,0.922999382019043,left_shoulder,1241.575439453125,490.51812744140625,0.9969921112060547,left_elbow,1225.365966796875,667.5647583007812,0.9855062961578369,left_wrist,1115.247314453125,678.1913452148438,0.9756919145584106,mid_hip,1063.417724609375,644.7147216796875,0.9848459959030151,right_hip,1034.3193359375,622.2819213867188,0.981732964515686,right_knee,865.7977294921875,621.53759765625,0.9487642049789429,right_ankle,688.3223876953125,728.09716796875,0.8098894357681274,left_hip,1092.51611328125,667.1475830078125,0.9879590272903442,left_knee,885.9856567382812,657.7669677734375,0.9686166644096375,left_ankle,654.038330078125,720.5824584960938,0.8593575358390808
Fall__Fall_f_raw_b_4_B_M_200,18,C:\Users\ASUS\Downloads\3D_Human_Pose_NCKH\paper_baselines\lin2021_yolov8_lstm_gru\data\raw_yolov8_keypoints\Fall\Fall_Fall_f_raw_b_4_B_M_200.csv,1,Fall,1,15,nose,1128.52783203125,422.30975341796875,0.9607681632041931,neck,1189.791259765625,469.9397277832031,0.9939101338386536,right_shoulder,1139.179443359375,451.63739013671875,0.9912180304527283,right_elbow,1066.0745849609375,546.681396484375,0.9479882717132568,right_wrist,970.784423828125,525.6373291015625,0.9260294437408447,left_shoulder,1240.403076171875,488.2420349121094,0.9966021776199341,left_elbow,1227.5194091796875,659.003662109375,0.9838639497756958,left_wrist,1123.6611328125,672.2103881835938,0.9730097651481628,mid_hip,1062.4833984375,645.6300048828125,0.9855998754501343,right_hip,1033.396240234375,623.2798461914062,0.9831092953681946,right_knee,864.3978271484375,616.63623046875,0.9529516100883484,right_ankle,686.3441162109375,726.68115234375,0.8242163062095642,left_hip,1091.570556640625,667.980224609375,0.9880905151367188,left_knee,880.3624877929688,656.0660400390625,0.9692538380622864,left_ankle,645.041259765625,718.072021484375,0.865422785282135
Fall__Fall_f_raw_b_4_B_M_200,19,C:\Users\ASUS\Downloads\3D_Human_Pose_NCKH\paper_baselines\lin2021_yolov8_lstm_gru\data\raw_yolov8_keypoints\Fall\Fall_Fall_f_raw_b_4_B_M_200.csv,1,Fall,1,15,nose,1126.934814453125,431.48077392578125,0.9575048685073853,neck,1190.5596923828125,467.5506286621094,0.9939011931419373,right_shoulder,1138.510498046875,449.6888122558594,0.9908348321914673,right_elbow,1064.005126953125,545.6629638671875,0.9506753087043762,right_wrist,971.0859375,523.024169921875,0.9344136714935303,left_shoulder,1242.60888671875,485.4124755859375,0.996967613697052,left_elbow,1232.931884765625,652.376220703125,0.987410843372345,left_wrist,1128.4979248046875,669.3739013671875,0.9790635704994202,mid_hip,1071.9830322265625,644.2511596679688,0.9877097606658936,right_hip,1041.9990234375,622.1499633789062,0.9851395487785339,right_knee,882.792236328125,612.9009399414062,0.9572188854217529,right_ankle,685.6070556640625,722.803466796875,0.8366113305091858,left_hip,1101.967041015625,666.352294921875,0.9902799725532532,left_knee,900.2230224609375,656.6669921875,0.973747193813324,left_ankle,650.8416748046875,716.0692749023438,0.8787200450897217
Fall__Fall_f_raw_b_4_B_M_200,20,C:\Users\ASUS\Downloads\3D_Human_Pose_NCKH\paper_baselines\lin2021_yolov8_lstm_gru\data\raw_yolov8_keypoints\Fall\Fall_Fall_f_raw_b_4_B_M_200.csv,1,Fall,1,15,nose,1127.6298828125,427.510986328125,0.9628859162330627,neck,1187.9439697265625,471.0462341308594,0.9945788383483887,right_shoulder,1134.4866943359375,450.98095703125,0.9921931624412537,right_elbow,1062.8974609375,542.5953369140625,0.9549813866615295,right_wrist,969.872314453125,520.6376953125,0.9359946846961975,left_shoulder,1241.4012451171875,491.11151123046875,0.9969645142555237,left_elbow,1235.32568359375,661.3924560546875,0.9856509566307068,left_wrist,1135.315673828125,667.4888916015625,0.9761916399002075,mid_hip,1066.711669921875,645.4923095703125,0.9877904653549194,right_hip,1035.751953125,622.2339477539062,0.9857469797134399,right_knee,863.3089599609375,615.8670654296875,0.9582337141036987,right_ankle,682.178466796875,724.9755859375,0.835013747215271,left_hip,1097.67138671875,668.750732421875,0.9898339509963989,left_knee,883.451416015625,659.506103515625,0.9724438786506653,left_ankle,644.464111328125,718.601318359375,0.8730387687683105
Fall__Fall_f_raw_b_4_B_M_200,21,C:\Users\ASUS\Downloads\3D_Human_Pose_NCKH\paper_baselines\lin2021_yolov8_lstm_gru\data\raw_yolov8_keypoints\Fall\Fall_Fall_f_raw_b_4_B_M_200.csv,1,Fall,1,15,nose,1129.966064453125,428.4552001953125,0.967944324016571,neck,1185.91064453125,473.5364074707031,0.9950850605964661,right_shoulder,1131.33447265625,451.5169677734375,0.9930155277252197,right_elbow,1061.994873046875,543.0738525390625,0.958160936832428,right_wrist,965.7413330078125,518.1806640625,0.9405287504196167,left_shoulder,1240.48681640625,495.55584716796875,0.9971545934677124,left_elbow,1246.4190673828125,669.0933837890625,0.9856330752372742,left_wrist,1137.448486328125,665.5665893554688,0.9767889976501465,mid_hip,1064.1148681640625,647.1812133789062,0.9878942370414734,right_hip,1032.7314453125,622.8174438476562,0.9860471487045288,right_knee,859.3782348632812,614.9833984375,0.9581796526908875,right_ankle,678.82275390625,723.64404296875,0.830619752407074,left_hip,1095.4984130859375,671.5450439453125,0.989741325378418,left_knee,881.063232421875,662.1988525390625,0.97162926197052,left_ankle,646.170166015625,719.03515625,0.8675469160079956
Fall__Fall_f_raw_b_4_B_M_200,22,C:\Users\ASUS\Downloads\3D_Human_Pose_NCKH\paper_baselines\lin2021_yolov8_lstm_gru\data\raw_yolov8_keypoints\Fall\Fall_Fall_f_raw_b_4_B_M_200.csv,1,Fall,1,15,nose,1130.944091796875,430.17169189453125,0.9739632606506348,neck,1184.1141357421875,473.14794921875,0.9962701797485352,right_shoulder,1127.594970703125,451.1492919921875,0.9947609305381775,right_elbow,1058.71484375,539.5125732421875,0.9677582383155823,right_wrist,968.7774658203125,515.789794921875,0.9524532556533813,left_shoulder,1240.6331787109375,495.1465759277344,0.9977794289588928,left_elbow,1251.310302734375,665.7626953125,0.9881201982498169,left_wrist,1141.4190673828125,667.669921875,0.9802906513214111,mid_hip,1061.7041015625,645.8839721679688,0.990710973739624,right_hip,1029.29296875,621.5050048828125,0.9894127249717712,right_knee,861.7014770507812,614.1182861328125,0.9657546877861023,right_ankle,670.533203125,722.2138671875,0.8494811654090881,left_hip,1094.115234375,670.262939453125,0.9920092821121216,left_knee,884.4000244140625,662.029296875,0.9761053323745728,left_ankle,641.0784301757812,717.935791015625,0.8809329867362976
Fall__Fall_f_raw_b_4_B_M_200,23,C:\Users\ASUS\Downloads\3D_Human_Pose_NCKH\paper_baselines\lin2021_yolov8_lstm_gru\data\raw_yolov8_keypoints\Fall\Fall_Fall_f_raw_b_4_B_M_200.csv,1,Fall,1,15,nose,1131.610107421875,433.9552917480469,0.9651648998260498,neck,1186.7393798828125,471.42718505859375,0.995856761932373,right_shoulder,1128.6025390625,447.33929443359375,0.9942195415496826,right_elbow,1054.024658203125,531.0975952148438,0.9691508412361145,right_wrist,961.1953125,510.48260498046875,0.9552499055862427,left_shoulder,1244.876220703125,495.51507568359375,0.9974939823150635,left_elbow,1265.44091796875,669.172607421875,0.9880390763282776,left_wrist,1149.975830078125,671.9462280273438,0.9806752800941467,mid_hip,1064.4063720703125,647.1091918945312,0.9913454055786133,right_hip,1031.5045166015625,621.4058227539062,0.9902266263961792,right_knee,864.15087890625,610.2657470703125,0.967410147190094,right_ankle,673.3450317382812,718.96484375,0.8557870984077454,left_hip,1097.308349609375,672.8125610351562,0.9924641847610474,left_knee,881.8699951171875,662.0805053710938,0.9767487049102783,left_ankle,639.624755859375,718.0896606445312,0.8841611742973328
Fall__Fall_f_raw_b_4_B_M_200,24,C:\Users\ASUS\Downloads\3D_Human_Pose_NCKH\paper_baselines\lin2021_yolov8_lstm_gru\data\raw_yolov8_keypoints\Fall\Fall_Fall_f_raw_b_4_B_M_200.csv,1,Fall,1,15,nose,1137.0518798828125,434.56060791015625,0.97635817527771,neck,1185.8485107421875,474.1988830566406,0.9963909387588501,right_shoulder,1122.6748046875,448.95733642578125,0.9950120449066162,right_elbow,1050.297119140625,529.9981689453125,0.9703029990196228,right_wrist,961.6068115234375,508.99188232421875,0.9572182297706604,left_shoulder,1249.022216796875,499.4403991699219,0.997769832611084,left_elbow,1285.05517578125,680.30810546875,0.9875980019569397,left_wrist,1156.994384765625,679.3519897460938,0.9805256724357605,mid_hip,1065.1949462890625,652.2923583984375,0.9899873733520508,right_hip,1029.1767578125,625.7486572265625,0.9888390898704529,right_knee,857.0681762695312,609.0684814453125,0.961972713470459,right_ankle,666.76171875,718.2021484375,0.8303960561752319,left_hip,1101.213134765625,678.8361206054688,0.9911357164382935,left_knee,880.396240234375,660.42236328125,0.9721945524215698,left_ankle,640.4573974609375,721.4236450195312,0.8619266748428345
Fall__Fall_f_raw_b_4_B_M_200,25,C:\Users\ASUS\Downloads\3D_Human_Pose_NCKH\paper_baselines\lin2021_yolov8_lstm_gru\data\raw_yolov8_keypoints\Fall\Fall_Fall_f_raw_b_4_B_M_200.csv,1,Fall,1,15,nose,1139.854248046875,437.1854553222656,0.9789507985115051,neck,1182.75244140625,476.8840637207031,0.996189534664154,right_shoulder,1118.653564453125,448.2640380859375,0.9948215484619141,right_elbow,1048.06982421875,522.40869140625,0.9681475162506104,right_wrist,963.1861572265625,508.4001159667969,0.9543644785881042,left_shoulder,1246.8511962890625,505.50408935546875,0.997557520866394,left_elbow,1288.34326171875,682.9371337890625,0.9852414727210999,left_wrist,1156.978515625,683.8029174804688,0.9772079586982727,mid_hip,1058.936279296875,652.0072021484375,0.9878412485122681,right_hip,1022.5924072265625,624.2940673828125,0.9866456389427185,right_knee,869.1417846679688,599.658935546875,0.9576119780540466,right_ankle,679.2064208984375,714.503173828125,0.821358323097229,left_hip,1095.2801513671875,679.7203369140625,0.9890368580818176,left_knee,891.76708984375,656.6475830078125,0.9675683975219727,left_ankle,652.1482543945312,726.07275390625,0.850226640701294
Fall__Fall_f_raw_b_4_B_M_200,26,C:\Users\ASUS\Downloads\3D_Human_Pose_NCKH\paper_baselines\lin2021_yolov8_lstm_gru\data\raw_yolov8_keypoints\Fall\Fall_Fall_f_raw_b_4_B_M_200.csv,1,Fall,1,15,nose,1145.162353515625,439.6390686035156,0.9773902297019958,neck,1180.4530029296875,481.61181640625,0.9969772100448608,right_shoulder,1115.0150146484375,450.63427734375,0.9962021708488464,right_elbow,1042.5452880859375,521.4239501953125,0.9775362610816956,right_wrist,962.29248046875,510.084228515625,0.9636991620063782,left_shoulder,1245.89111328125,512.58935546875,0.9977522492408752,left_elbow,1289.3807373046875,694.4951171875,0.986011266708374,left_wrist,1166.392333984375,697.087158203125,0.9773619771003723,mid_hip,1050.9371337890625,651.8985595703125,0.991721510887146,right_hip,1013.8040771484375,622.7537841796875,0.991361677646637,right_knee,840.3261108398438,606.2484741210938,0.9688517451286316,right_ankle,668.93310546875,712.4950561523438,0.852674126625061,left_hip,1088.070068359375,681.0433349609375,0.9920812845230103,left_knee,866.8141479492188,663.5032958984375,0.9739968180656433,left_ankle,640.6005249023438,724.30517578125,0.8718373775482178
Fall__Fall_f_raw_b_4_B_M_200,27,C:\Users\ASUS\Downloads\3D_Human_Pose_NCKH\paper_baselines\lin2021_yolov8_lstm_gru\data\raw_yolov8_keypoints\Fall\Fall_Fall_f_raw_b_4_B_M_200.csv,1,Fall,1,15,nose,1148.0618896484375,445.52972412109375,0.979498028755188,neck,1181.471435546875,486.4012451171875,0.9967726469039917,right_shoulder,1113.923583984375,452.6454162597656,0.9956521391868591,right_elbow,1036.61181640625,521.1888427734375,0.9726659655570984,right_wrist,963.4237060546875,511.90008544921875,0.9572836756706238,left_shoulder,1249.0191650390625,520.1571044921875,0.9978931546211243,left_elbow,1289.7862548828125,709.9400024414062,0.9869338274002075,left_wrist,1168.0985107421875,709.123291015625,0.9783806204795837,mid_hip,1044.044677734375,653.1018676757812,0.9906112551689148,right_hip,1005.5543212890625,623.0028076171875,0.98973149061203,right_knee,828.8300170898438,608.9268798828125,0.9637741446495056,right_ankle,672.0056762695312,714.7579345703125,0.8360061049461365,left_hip,1082.5350341796875,683.200927734375,0.9914910197257996,left_knee,856.4124755859375,661.9957275390625,0.9726130962371826,left_ankle,642.71240234375,724.9226684570312,0.865394115447998
Fall__Fall_f_raw_b_4_B_M_200,28,C:\Users\ASUS\Downloads\3D_Human_Pose_NCKH\paper_baselines\lin2021_yolov8_lstm_gru\data\raw_yolov8_keypoints\Fall\Fall_Fall_f_raw_b_4_B_M_200.csv,1,Fall,1,15,nose,1150.00634765625,467.30938720703125,0.9776092767715454,neck,1180.841552734375,493.63116455078125,0.9968689680099487,right_shoulder,1112.0159912109375,458.4979248046875,0.9962643980979919,right_elbow,1029.674560546875,507.5332946777344,0.9797455668449402,right_wrist,959.9412231445312,509.8497619628906,0.9664111137390137,left_shoulder,1249.667236328125,528.764404296875,0.9974735379219055,left_elbow,1294.638916015625,711.3192749023438,0.9858285188674927,left_wrist,1186.6417236328125,726.7091064453125,0.978148341178894,mid_hip,1044.41650390625,656.2874755859375,0.9927678108215332,right_hip,1006.7528076171875,626.84228515625,0.992658793926239,right_knee,843.6998291015625,619.6182250976562,0.9726418256759644,right_ankle,677.8221435546875,713.634765625,0.8874492645263672,left_hip,1082.080322265625,685.7326049804688,0.9928768277168274,left_knee,874.7445068359375,672.759765625,0.9755607843399048,left_ankle,656.2496337890625,719.6011962890625,0.8990561962127686
Fall__Fall_f_raw_b_4_B_M_200,29,C:\Users\ASUS\Downloads\3D_Human_Pose_NCKH\paper_baselines\lin2021_yolov8_lstm_gru\data\raw_yolov8_keypoints\Fall\Fall_Fall_f_raw_b_4_B_M_200.csv,1,Fall,1,15,nose,1156.313232421875,463.7635803222656,0.9748733639717102,neck,1178.419921875,496.0571594238281,0.9961782693862915,right_shoulder,1111.472412109375,455.93182373046875,0.9971864819526672,right_elbow,1023.3973388671875,507.5173645019531,0.9856151342391968,right_wrist,960.4375,514.5525512695312,0.9712913036346436,left_shoulder,1245.367431640625,536.1824951171875,0.9951700568199158,left_elbow,1282.039306640625,682.36181640625,0.9605581164360046,left_wrist,1263.097900390625,624.8112182617188,0.9444370865821838,mid_hip,1043.18017578125,652.7015380859375,0.9895069003105164,right_hip,1005.2880249023438,621.3087768554688,0.9918497800827026,right_knee,846.8941650390625,602.78515625,0.9724404811859131,right_ankle,686.4215087890625,697.54443359375,0.8643771409988403,left_hip,1081.072265625,684.09423828125,0.9871640205383301,left_knee,877.5428466796875,673.040283203125,0.9603537321090698,left_ankle,652.62158203125,715.8989868164062,0.8415163159370422
Fall__Fall_f_raw_b_4_B_M_200,30,C:\Users\ASUS\Downloads\3D_Human_Pose_NCKH\paper_baselines\lin2021_yolov8_lstm_gru\data\raw_yolov8_keypoints\Fall\Fall_Fall_f_raw_b_4_B_M_200.csv,1,Fall,1,15,nose,1173.130615234375,471.6255798339844,0.973565936088562,neck,1176.4053955078125,502.4549865722656,0.9945319890975952,right_shoulder,1107.132568359375,462.9266052246094,0.9974175691604614,right_elbow,1021.9044189453125,502.9749755859375,0.9870824813842773,right_wrist,950.185791015625,519.2909545898438,0.9692729711532593,left_shoulder,1245.67822265625,541.9833984375,0.9916463494300842,left_elbow,1281.860595703125,716.7615356445312,0.9313003420829773,left_wrist,1223.8070068359375,769.47119140625,0.9055806994438171,mid_hip,1037.87109375,639.7999877929688,0.9877521395683289,right_hip,1001.139892578125,609.39892578125,0.9921116828918457,right_knee,840.0185546875,612.81201171875,0.9718703031539917,right_ankle,679.95263671875,695.5621337890625,0.9024510979652405,left_hip,1074.6024169921875,670.2011108398438,0.9833925366401672,left_knee,874.2908935546875,681.3223876953125,0.9471303224563599,left_ankle,653.5272216796875,715.97705078125,0.864838719367981
Fall__Fall_f_raw_b_4_B_M_200,31,C:\Users\ASUS\Downloads\3D_Human_Pose_NCKH\paper_baselines\lin2021_yolov8_lstm_gru\data\raw_yolov8_keypoints\Fall\Fall_Fall_f_raw_b_4_B_M_200.csv,1,Fall,1,15,nose,1176.353271484375,483.8509826660156,0.9800395369529724,neck,1177.2593994140625,503.0271911621094,0.9950962066650391,right_shoulder,1109.459716796875,458.18426513671875,0.9977128505706787,right_elbow,1008.574462890625,494.53729248046875,0.9887032508850098,right_wrist,956.0941162109375,523.8159790039062,0.9748982191085815,left_shoulder,1245.05908203125,547.8701171875,0.9924795627593994,left_elbow,1277.8992919921875,693.2056884765625,0.9314296245574951,left_wrist,1285.1453857421875,632.0260009765625,0.9121846556663513,mid_hip,1037.3070068359375,646.8640747070312,0.9867313504219055,right_hip,999.92431640625,614.9066162109375,0.9916760921478271,right_knee,840.765380859375,615.4012451171875,0.9717321395874023,right_ankle,675.5361328125,695.7708740234375,0.8765053749084473,left_hip,1074.689697265625,678.8215942382812,0.9817865490913391,left_knee,875.8295288085938,683.2120971679688,0.9445957541465759,left_ankle,657.3380126953125,712.5621337890625,0.8308295607566833
Fall__Fall_f_raw_b_4_B_M_200,32,C:\Users\ASUS\Downloads\3D_Human_Pose_NCKH\paper_baselines\lin2021_yolov8_lstm_gru\data\raw_yolov8_keypoints\Fall\Fall_Fall_f_raw_b_4_B_M_200.csv,1,Fall,1,15,nose,1180.662353515625,511.768310546875,0.9830901622772217,neck,1180.5789794921875,511.0804748535156,0.9980489611625671,right_shoulder,1105.3060302734375,458.2299499511719,0.9982043504714966,right_elbow,999.812744140625,488.8292236328125,0.9925939440727234,right_wrist,951.830810546875,529.5986938476562,0.9833722710609436,left_shoulder,1255.85205078125,563.9310302734375,0.9978936314582825,left_elbow,1265.02880859375,756.948974609375,0.9837888479232788,left_wrist,1201.2938232421875,855.08349609375,0.9642713069915771,mid_hip,1037.07763671875,651.7300415039062,0.9948069453239441,right_hip,998.5757446289062,616.650634765625,0.9958633184432983,right_knee,859.6595458984375,634.5941772460938,0.9747762084007263,right_ankle,694.0047607421875,709.255859375,0.8762570023536682,left_hip,1075.57958984375,686.8093872070312,0.9937506318092346,left_knee,888.4222412109375,687.7255859375,0.9656387567520142,left_ankle,678.4769897460938,715.8360595703125,0.8630722165107727
Fall__Fall_f_raw_b_4_B_M_200,33,C:\Users\ASUS\Downloads\3D_Human_Pose_NCKH\paper_baselines\lin2021_yolov8_lstm_gru\data\raw_yolov8_keypoints\Fall\Fall_Fall_f_raw_b_4_B_M_200.csv,1,Fall,1,15,nose,1185.3892822265625,528.8486328125,0.9730514883995056,neck,1183.858154296875,515.3439331054688,0.9958715438842773,right_shoulder,1112.172607421875,456.2643127441406,0.9967064261436462,right_elbow,991.8807373046875,482.1583557128906,0.988359808921814,right_wrist,951.44384765625,540.2864990234375,0.9759688973426819,left_shoulder,1255.543701171875,574.423583984375,0.9950366616249084,left_elbow,1252.3096923828125,788.8765869140625,0.9677858352661133,left_wrist,1202.7265625,909.1763916015625,0.9372140169143677,mid_hip,1026.0516357421875,662.7748413085938,0.9899877309799194,right_hip,987.19384765625,624.875732421875,0.9924159049987793,right_knee,835.7083740234375,653.0472412109375,0.9623236656188965,right_ankle,674.2183837890625,715.198974609375,0.8409853577613831,left_hip,1064.909423828125,700.6739501953125,0.9875596165657043,left_knee,872.443603515625,705.59814453125,0.9439892172813416,left_ankle,667.94287109375,719.9860229492188,0.8182324767112732
Fall__Fall_f_raw_b_4_B_M_200,34,C:\Users\ASUS\Downloads\3D_Human_Pose_NCKH\paper_baselines\lin2021_yolov8_lstm_gru\data\raw_yolov8_keypoints\Fall\Fall_Fall_f_raw_b_4_B_M_200.csv,1,Fall,1,15,nose,1171.0286865234375,549.6766357421875,0.9585965871810913,neck,1180.588134765625,530.2753295898438,0.9924281239509583,right_shoulder,1107.537353515625,471.2774658203125,0.9920381307601929,right_elbow,977.9038696289062,489.20526123046875,0.9742552042007446,right_wrist,952.6187744140625,559.1859741210938,0.9595402479171753,left_shoulder,1253.638916015625,589.2732543945312,0.9928181171417236,left_elbow,1254.112548828125,819.3396606445312,0.9722430109977722,left_wrist,1210.796142578125,941.7835693359375,0.960111677646637,mid_hip,1034.1856689453125,652.7418212890625,0.9850994348526001,right_hip,994.715087890625,617.087158203125,0.9862436652183533,right_knee,842.4204711914062,648.93798828125,0.9383595585823059,right_ankle,654.1871337890625,710.4927978515625,0.8295642733573914,left_hip,1073.65625,688.396484375,0.9839552044868469,left_knee,874.6624145507812,704.8148193359375,0.9330708980560303,left_ankle,653.1690063476562,717.0410766601562,0.8290563821792603
Fall__Fall_f_raw_b_4_B_M_200,35,C:\Users\ASUS\Downloads\3D_Human_Pose_NCKH\paper_baselines\lin2021_yolov8_lstm_gru\data\raw_yolov8_keypoints\Fall\Fall_Fall_f_raw_b_4_B_M_200.csv,1,Fall,1,15,nose,1159.2667236328125,558.69775390625,0.9176177978515625,neck,1194.6324462890625,544.2731323242188,0.9889625906944275,right_shoulder,1123.875244140625,480.98016357421875,0.9870210289955139,right_elbow,975.958984375,484.94000244140625,0.9661887288093567,right_wrist,956.783935546875,579.1719360351562,0.9474545121192932,left_shoulder,1265.3896484375,607.5661010742188,0.9909041523933411,left_elbow,1253.495849609375,839.4226684570312,0.9725216627120972,left_wrist,1232.6826171875,976.1419677734375,0.9572799801826477,mid_hip,1018.7642822265625,651.8919677734375,0.985786497592926,right_hip,980.46533203125,614.1466674804688,0.9861218333244324,right_knee,827.9152221679688,658.151123046875,0.9397709369659424,right_ankle,647.9782104492188,722.0831298828125,0.8441759943962097,left_hip,1057.063232421875,689.6373291015625,0.9854512214660645,left_knee,864.9580078125,709.8108520507812,0.9389769434928894,left_ankle,651.1046142578125,719.948974609375,0.8492376208305359
Fall__Fall_f_raw_b_4_B_M_200,36,C:\Users\ASUS\Downloads\3D_Human_Pose_NCKH\paper_baselines\lin2021_yolov8_lstm_gru\data\raw_yolov8_keypoints\Fall\Fall_Fall_f_raw_b_4_B_M_200.csv,1,Fall,1,15,nose,1198.86669921875,611.09130859375,0.9471473097801208,neck,1191.6917724609375,560.7620849609375,0.9907018542289734,right_shoulder,1099.91943359375,474.59442138671875,0.9922176599502563,right_elbow,962.2481689453125,491.065185546875,0.9867886304855347,right_wrist,957.4813232421875,605.479736328125,0.9790641665458679,left_shoulder,1283.464111328125,646.9296875,0.9891859889030457,left_elbow,1243.90478515625,873.34912109375,0.963396430015564,left_wrist,1251.6763916015625,1057.5576171875,0.9360188841819763,mid_hip,1021.9686279296875,634.7836303710938,0.989746630191803,right_hip,962.3582153320312,583.5213623046875,0.9919890761375427,right_knee,802.836669921875,668.6588134765625,0.9471694231033325,right_ankle,649.22509765625,717.29443359375,0.7867184281349182,left_hip,1081.5789794921875,686.0458984375,0.9875041842460632,left_knee,1017.0419311523438,818.6881713867188,0.9242783784866333,left_ankle,855.8779296875,840.3851318359375,0.7431458830833435
Fall__Fall_f_raw_b_4_B_M_200,37,C:\Users\ASUS\Downloads\3D_Human_Pose_NCKH\paper_baselines\lin2021_yolov8_lstm_gru\data\raw_yolov8_keypoints\Fall\Fall_Fall_f_raw_b_4_B_M_200.csv,1,Fall,1,15,nose,1241.076416015625,652.4925537109375,0.9088185429573059,neck,1176.1336669921875,596.3643188476562,0.9712304472923279,right_shoulder,1095.85595703125,526.7496337890625,0.9902153015136719,right_elbow,946.3004150390625,503.6507263183594,0.9783070087432861,right_wrist,960.771728515625,624.933837890625,0.947510302066803,left_shoulder,1256.4112548828125,665.97900390625,0.9522456526756287,left_elbow,1251.9423828125,888.0792236328125,0.7877732515335083,left_wrist,1255.9967041015625,1046.34228515625,0.7137218713760376,mid_hip,935.705322265625,651.8902587890625,0.9646159410476685,right_hip,889.656982421875,613.1488037109375,0.9807079434394836,right_knee,724.3177490234375,696.1968994140625,0.9336056113243103,right_ankle,630.8395385742188,746.7621459960938,0.825417697429657,left_hip,981.753662109375,690.6317138671875,0.948523998260498,left_knee,777.7864990234375,717.60595703125,0.8483790159225464,left_ankle,625.1013793945312,746.6057739257812,0.7546494603157043
Fall__Fall_f_raw_b_4_B_M_200,38,C:\Users\ASUS\Downloads\3D_Human_Pose_NCKH\paper_baselines\lin2021_yolov8_lstm_gru\data\raw_yolov8_keypoints\Fall\Fall_Fall_f_raw_b_4_B_M_200.csv,1,Fall,1,15,nose,1231.49609375,716.215087890625,0.8398525714874268,neck,1165.5111083984375,634.5872192382812,0.9318363070487976,right_shoulder,1094.356689453125,557.6478271484375,0.9754854440689087,right_elbow,919.8781127929688,539.0201416015625,0.955561101436615,right_wrist,980.2285766601562,690.6890258789062,0.9072869420051575,left_shoulder,1236.6654052734375,711.526611328125,0.8881871700286865,left_elbow,1246.345458984375,914.5389404296875,0.6434347033500671,left_wrist,1253.50634765625,1051.9757080078125,0.5971047282218933,mid_hip,899.549072265625,673.4266357421875,0.9392077922821045,right_hip,860.419921875,629.7617797851562,0.96614009141922,right_knee,657.6129150390625,672.6162719726562,0.9462325572967529,right_ankle,616.0299072265625,850.301025390625,0.8782992362976074,left_hip,938.6782836914062,717.0914916992188,0.9122754335403442,left_knee,667.7008056640625,720.3093872070312,0.8786621689796448,left_ankle,602.7288818359375,843.4813842773438,0.8257232308387756
Fall__Fall_f_raw_b_4_B_M_200,39,C:\Users\ASUS\Downloads\3D_Human_Pose_NCKH\paper_baselines\lin2021_yolov8_lstm_gru\data\raw_yolov8_keypoints\Fall\Fall_Fall_f_raw_b_4_B_M_200.csv,1,Fall,1,15,nose,1258.425537109375,775.855224609375,0.7856636047363281,neck,1173.73193359375,676.5224609375,0.9655795097351074,right_shoulder,1084.6739501953125,615.5235595703125,0.9843127131462097,right_elbow,925.9100341796875,615.7315673828125,0.974801242351532,right_wrist,971.2326049804688,705.5872802734375,0.9463476538658142,left_shoulder,1262.789794921875,737.5213623046875,0.9468463659286499,left_elbow,1244.04541015625,931.2724609375,0.8280602693557739,left_wrist,1255.58203125,1072.630859375,0.7431161403656006,mid_hip,953.1724243164062,643.3991088867188,0.981473982334137,right_hip,901.825927734375,609.1034545898438,0.9887539148330688,right_knee,710.8568725585938,729.2449340820312,0.971867024898529,right_ankle,633.9703369140625,838.3943481445312,0.9112999439239502,left_hip,1004.5189819335938,677.69482421875,0.9741941094398499,left_knee,782.0392456054688,743.0553588867188,0.9445146918296814,left_ankle,630.9591064453125,841.546142578125,0.8841860294342041
Fall__Fall_f_raw_b_4_B_M_200,40,C:\Users\ASUS\Downloads\3D_Human_Pose_NCKH\paper_baselines\lin2021_yolov8_lstm_gru\data\raw_yolov8_keypoints\Fall\Fall_Fall_f_raw_b_4_B_M_200.csv,1,Fall,1,15,nose,1296.310791015625,851.8157958984375,0.6637468338012695,neck,1185.8133544921875,693.758056640625,0.9047804474830627,right_shoulder,1087.4993896484375,652.4968872070312,0.9794386625289917,right_elbow,928.047607421875,706.4287109375,0.9937909245491028,right_wrist,1016.763671875,812.824951171875,0.9940820336341858,left_shoulder,1284.127197265625,735.0191650390625,0.830122172832489,left_elbow,1255.2962646484375,882.3096313476562,0.8627864718437195,left_wrist,1255.33203125,1007.02001953125,0.9126251935958862,mid_hip,1041.7139892578125,629.148193359375,0.9902875423431396,right_hip,965.009521484375,611.4668579101562,0.9952551126480103,right_knee,888.656005859375,839.1063232421875,0.9698405861854553,right_ankle,694.219970703125,778.7857666015625,0.8368926644325256,left_hip,1118.4185791015625,646.8294677734375,0.9853200316429138,left_knee,1217.965087890625,849.2092895507812,0.9191636443138123,left_ankle,1162.67724609375,845.462890625,0.7496187090873718
Fall__Fall_f_raw_b_4_B_M_200,41,C:\Users\ASUS\Downloads\3D_Human_Pose_NCKH\paper_baselines\lin2021_yolov8_lstm_gru\data\raw_yolov8_keypoints\Fall\Fall_Fall_f_raw_b_4_B_M_200.csv,1,Fall,1,15,nose,1266.232666015625,887.9155883789062,0.38261979818344116,neck,1213.587646484375,741.0578002929688,0.8854919075965881,right_shoulder,1105.5804443359375,703.5331420898438,0.9919131994247437,right_elbow,920.111572265625,775.5035400390625,0.9967215657234192,right_wrist,1068.781005859375,905.0319213867188,0.9927640557289124,left_shoulder,1321.594970703125,778.5823974609375,0.7790705561637878,left_elbow,1307.05078125,898.004638671875,0.6327285170555115,left_wrist,1302.0604248046875,970.6737060546875,0.7110183835029602,mid_hip,1015.2631225585938,648.1194458007812,0.9829047918319702,right_hip,947.908203125,628.2293090820312,0.995608389377594,right_knee,852.0939331054688,839.95166015625,0.9592345952987671,right_ankle,692.0089721679688,800.4173583984375,0.7739167213439941,left_hip,1082.6180419921875,668.0096435546875,0.9702011942863464,left_knee,991.9254150390625,853.0662231445312,0.7895240783691406,left_ankle,802.2500610351562,746.2752685546875,0.5492486953735352
Fall__Fall_f_raw_b_4_B_M_200,42,C:\Users\ASUS\Downloads\3D_Human_Pose_NCKH\paper_baselines\lin2021_yolov8_lstm_gru\data\raw_yolov8_keypoints\Fall\Fall_Fall_f_raw_b_4_B_M_200.csv,1,Fall,1,15,nose,1296.666259765625,941.49560546875,0.42329439520835876,neck,1215.7247314453125,780.618896484375,0.7661457657814026,right_shoulder,1113.328857421875,742.5157470703125,0.9893233180046082,right_elbow,924.0673828125,838.850830078125,0.9949754476547241,right_wrist,1079.88427734375,972.923828125,0.9870337247848511,left_shoulder,1318.12060546875,818.7220458984375,0.542968213558197,left_elbow,1250.276611328125,930.990234375,0.32329970598220825,left_wrist,1252.253173828125,998.229736328125,0.45605671405792236,mid_hip,1015.4819946289062,664.2884521484375,0.9430783987045288,right_hip,946.04736328125,643.6854248046875,0.9879580140113831,right_knee,806.5521240234375,857.4622192382812,0.9156895279884338,right_ankle,687.4422607421875,822.6573486328125,0.6387482285499573,left_hip,1084.9166259765625,684.8914794921875,0.8981988430023193,left_knee,1006.389404296875,891.7102661132812,0.5779591798782349,left_ankle,836.6522827148438,779.7076416015625,0.3484480381011963
Fall__Fall_f_raw_b_4_B_M_200,43,C:\Users\ASUS\Downloads\3D_Human_Pose_NCKH\paper_baselines\lin2021_yolov8_lstm_gru\data\raw_yolov8_keypoints\Fall\Fall_Fall_f_raw_b_4_B_M_200.csv,1,Fall,1,15,nose,1326.825439453125,968.34521484375,0.397225558757782,neck,1239.4576416015625,802.6636352539062,0.6236608624458313,right_shoulder,1111.860595703125,777.1568603515625,0.8272172808647156,right_elbow,964.1590576171875,944.8846435546875,0.8725391626358032,right_wrist,1092.9051513671875,1016.1461791992188,0.8544471263885498,left_shoulder,1367.0546875,828.17041015625,0.42010438442230225,left_elbow,1358.65625,982.625244140625,0.3110031187534332,left_wrist,1418.2496337890625,1004.7667236328125,0.40767723321914673,mid_hip,1037.0794677734375,719.0850219726562,0.7292332053184509,right_hip,949.2778930664062,709.697509765625,0.8104199171066284,right_knee,926.11279296875,973.5939331054688,0.5716829299926758,right_ankle,886.5391845703125,966.1404418945312,0.19002239406108856,left_hip,1124.8809814453125,728.4725952148438,0.6480464935302734,left_knee,1220.060546875,986.910888671875,0.3718550503253937,left_ankle,1127.8236083984375,948.9959106445312,0.13579076528549194
Fall__Fall_f_raw_b_4_B_M_200,44,C:\Users\ASUS\Downloads\3D_Human_Pose_NCKH\paper_baselines\lin2021_yolov8_lstm_gru\data\raw_yolov8_keypoints\Fall\Fall_Fall_f_raw_b_4_B_M_200.csv,1,Fall,1,15,nose,1365.018310546875,986.230712890625,0.27607056498527527,neck,1223.581298828125,829.1385498046875,0.7096973657608032,right_shoulder,1161.7498779296875,871.0043334960938,0.8040245175361633,right_elbow,1045.287353515625,1035.158203125,0.7447420954704285,right_wrist,1103.64501953125,1037.78466796875,0.655125081539154,left_shoulder,1285.41259765625,787.2728271484375,0.6153702139854431,left_elbow,1237.7806396484375,862.8107299804688,0.4828348159790039,left_wrist,1336.274169921875,975.7686767578125,0.44011422991752625,mid_hip,961.7096557617188,758.1278686523438,0.766088604927063,right_hip,925.8310546875,776.9854736328125,0.7860174179077148,right_knee,954.87158203125,1003.164306640625,0.663711667060852,right_ankle,791.4495849609375,985.8480834960938,0.3316519856452942,left_hip,997.5882568359375,739.2702026367188,0.7461597919464111,left_knee,1051.9599609375,918.029296875,0.6184048056602478,left_ankle,796.546142578125,891.0052490234375,0.3440854549407959
Fall__Fall_f_raw_b_4_B_M_200,45,C:\Users\ASUS\Downloads\3D_Human_Pose_NCKH\paper_baselines\lin2021_yolov8_lstm_gru\data\raw_yolov8_keypoints\Fall\Fall_Fall_f_raw_b_4_B_M_200.csv,1,Fall,1,15,nose,1380.7579345703125,1002.9508666992188,0.38400694727897644,neck,1202.6778564453125,842.7576293945312,0.6374603509902954,right_shoulder,1099.794189453125,868.8389892578125,0.6235196590423584,right_elbow,1015.05517578125,920.208251953125,0.3921239376068115,right_wrist,1184.26513671875,986.8406982421875,0.35200852155685425,left_shoulder,1305.5616455078125,816.6762084960938,0.6514011025428772,left_elbow,1285.3857421875,865.909423828125,0.4757784605026245,left_wrist,1355.676025390625,995.092529296875,0.3646310269832611,mid_hip,1034.5189208984375,940.8369750976562,0.2772789001464844,right_hip,973.4049682617188,970.3595581054688,0.2474147528409958,right_knee,1147.2271728515625,1080.0,0.0567549467086792,right_ankle,1316.261962890625,1071.5374755859375,0.01706116646528244,left_hip,1095.6329345703125,911.314453125,0.30714306235313416,left_knee,1225.2882080078125,942.5845947265625,0.07388697564601898,left_ankle,1034.7469482421875,923.0562744140625,0.025533393025398254
Fall__Fall_f_raw_b_4_B_M_200,46,C:\Users\ASUS\Downloads\3D_Human_Pose_NCKH\paper_baselines\lin2021_yolov8_lstm_gru\data\raw_yolov8_keypoints\Fall\Fall_Fall_f_raw_b_4_B_M_200.csv,1,Fall,1,15,nose,1385.076904296875,1019.1292724609375,0.24058353900909424,neck,1223.36865234375,859.9466552734375,0.3331790268421173,right_shoulder,1144.005126953125,843.4925537109375,0.5187909007072449,right_elbow,946.5159301757812,685.681640625,0.5586565732955933,right_wrist,992.4698486328125,743.9324951171875,0.5917503833770752,left_shoulder,1302.732177734375,876.4008178710938,0.14756715297698975,left_elbow,1171.703125,769.89404296875,0.10481376945972443,left_wrist,1071.634521484375,764.8529052734375,0.17841528356075287,mid_hip,1030.3756103515625,972.501220703125,0.13815553486347198,right_hip,976.000244140625,975.110595703125,0.18974235653877258,right_knee,989.475830078125,994.9561157226562,0.05453881993889809,right_ankle,987.3577880859375,947.8727416992188,0.03343387320637703,left_hip,1084.7509765625,969.891845703125,0.08656869828701019,left_knee,1128.296142578125,859.0691528320312,0.025314977392554283,left_ankle,911.7357788085938,819.7799072265625,0.026855846866965294
Fall__Fall_f_raw_b_4_B_M_200,47,C:\Users\ASUS\Downloads\3D_Human_Pose_NCKH\paper_baselines\lin2021_yolov8_lstm_gru\data\raw_yolov8_keypoints\Fall\Fall_Fall_f_raw_b_4_B_M_200.csv,1,Fall,1,15,nose,1362.285888671875,1033.0052490234375,0.1648540198802948,neck,1193.4586181640625,888.1064453125,0.5320439338684082,right_shoulder,1149.62744140625,925.7900390625,0.5233274698257446,right_elbow,956.2086181640625,867.67138671875,0.3699166178703308,right_wrist,956.2547607421875,798.8753662109375,0.42650288343429565,left_shoulder,1237.2899169921875,850.4228515625,0.5407603979110718,left_elbow,1126.5169677734375,761.3084716796875,0.46417734026908875,left_wrist,1084.6580810546875,775.846435546875,0.4543549418449402,mid_hip,945.7815551757812,864.0796508789062,0.30719032883644104,right_hip,925.6673583984375,887.2179565429688,0.28944167494773865,right_knee,961.2716674804688,954.306396484375,0.1250620186328888,right_ankle,935.3014526367188,929.83447265625,0.05616697669029236,left_hip,965.8958129882812,840.94140625,0.3249390125274658,left_knee,971.1751098632812,803.927978515625,0.1596897691488266,left_ankle,782.08154296875,794.528076171875,0.08151832222938538
Fall__Fall_f_raw_b_4_B_M_200,48,C:\Users\ASUS\Downloads\3D_Human_Pose_NCKH\paper_baselines\lin2021_yolov8_lstm_gru\data\raw_yolov8_keypoints\Fall\Fall_Fall_f_raw_b_4_B_M_200.csv,1,Fall,1,15,nose,1360.5467529296875,1037.7032470703125,0.1404426544904709,neck,1191.36083984375,909.852783203125,0.5801045298576355,right_shoulder,1146.267578125,981.7781982421875,0.5204232931137085,right_elbow,982.8765869140625,1018.468017578125,0.22660978138446808,right_wrist,910.6543579101562,837.18798828125,0.2430807501077652,left_shoulder,1236.4542236328125,837.9273681640625,0.6397857666015625,left_elbow,1081.197021484375,771.0262451171875,0.5503963828086853,left_wrist,974.6830444335938,752.70068359375,0.44339632987976074,mid_hip,980.5489501953125,874.242431640625,0.2543330490589142,right_hip,960.746337890625,912.7177734375,0.20126217603683472,right_knee,1065.1766357421875,946.3522338867188,0.08393506705760956,right_ankle,1129.162841796875,894.1466064453125,0.04400128498673439,left_hip,1000.3515014648438,835.76708984375,0.30740392208099365,left_knee,1070.99560546875,788.3084716796875,0.1501166671514511,left_ankle,858.9190063476562,743.7022705078125,0.07500192523002625
Fall__Fall_f_raw_b_4_B_M_200,49,C:\Users\ASUS\Downloads\3D_Human_Pose_NCKH\paper_baselines\lin2021_yolov8_lstm_gru\data\raw_yolov8_keypoints\Fall\Fall_Fall_f_raw_b_4_B_M_200.csv,1,Fall,1,15,nose,1369.49560546875,1032.230712890625,0.09029720723628998,neck,1179.1885986328125,917.4585571289062,0.37927740812301636,right_shoulder,1156.243408203125,982.25341796875,0.2974812090396881,right_elbow,910.5192260742188,926.586181640625,0.19485436379909515,right_wrist,926.6248168945312,824.3201293945312,0.3265031576156616,left_shoulder,1202.1336669921875,852.6636962890625,0.4610736072063446,left_elbow,975.529541015625,752.3897705078125,0.556107759475708,left_wrist,937.2578125,792.7944946289062,0.5798062086105347,mid_hip,987.1246948242188,889.7921142578125,0.23302704095840454,right_hip,973.4177856445312,928.1218872070312,0.1791975498199463,right_knee,951.01025390625,937.2205810546875,0.07618284970521927,right_ankle,878.6239013671875,869.800048828125,0.0555131621658802,left_hip,1000.8316040039062,851.4622802734375,0.2868565320968628,left_knee,1058.723876953125,740.0848388671875,0.15204426646232605,left_ankle,855.1761474609375,725.22509765625,0.1056504100561142
Fall__Fall_f_raw_b_4_B_M_200,50,C:\Users\ASUS\Downloads\3D_Human_Pose_NCKH\paper_baselines\lin2021_yolov8_lstm_gru\data\raw_yolov8_keypoints\Fall\Fall_Fall_f_raw_b_4_B_M_200.csv,1,Fall,1,15,nose,1372.120361328125,1020.251953125,0.09019553661346436,neck,1164.0975341796875,939.2237548828125,0.41102147102355957,right_shoulder,1166.00634765625,1012.2167358398438,0.2951180636882782,right_elbow,970.1177978515625,1019.0367431640625,0.17062176764011383,right_wrist,911.6369018554688,852.5316162109375,0.28729820251464844,left_shoulder,1162.1888427734375,866.2307739257812,0.5269249081611633,left_elbow,960.9666748046875,807.8648681640625,0.6237398982048035,left_wrist,912.8395385742188,830.6163940429688,0.6187278032302856,mid_hip,956.933837890625,932.0802612304688,0.20658712089061737,right_hip,957.4454345703125,969.1005249023438,0.14144261181354523,right_knee,933.1929931640625,942.6329956054688,0.05583416298031807,right_ankle,835.8817138671875,863.9052734375,0.0392867773771286,left_hip,956.4222412109375,895.06005859375,0.2717316150665283,left_knee,1029.1875,783.9842529296875,0.13547365367412567,left_ankle,844.3672485351562,768.484375,0.0809958279132843
Fall__Fall_f_raw_b_4_B_M_200,51,C:\Users\ASUS\Downloads\3D_Human_Pose_NCKH\paper_baselines\lin2021_yolov8_lstm_gru\data\raw_yolov8_keypoints\Fall\Fall_Fall_f_raw_b_4_B_M_200.csv,1,Fall,1,15,nose,1368.347900390625,1016.6458740234375,0.10023047029972076,neck,1114.798095703125,931.8513793945312,0.5096648335456848,right_shoulder,1133.2686767578125,1007.139892578125,0.36904963850975037,right_elbow,849.890380859375,965.977294921875,0.17141073942184448,right_wrist,894.1689453125,906.8719482421875,0.2618243992328644,left_shoulder,1096.3275146484375,856.5628051757812,0.6502800583839417,left_elbow,859.7822265625,789.2227783203125,0.6492819786071777,left_wrist,911.4838256835938,868.4783935546875,0.6144728660583496,mid_hip,863.8703002929688,942.65234375,0.19670967757701874,right_hip,879.0732421875,988.4459838867188,0.12742602825164795,right_knee,948.1627807617188,983.68994140625,0.04416419565677643,right_ankle,920.343017578125,928.7401123046875,0.026111600920557976,left_hip,848.6673583984375,896.858642578125,0.2659933269023895,left_knee,966.9229736328125,759.7868041992188,0.11806448549032211,left_ankle,821.8238525390625,806.5570678710938,0.06299363076686859
Fall__Fall_f_raw_b_4_B_M_200,52,C:\Users\ASUS\Downloads\3D_Human_Pose_NCKH\paper_baselines\lin2021_yolov8_lstm_gru\data\raw_yolov8_keypoints\Fall\Fall_Fall_f_raw_b_4_B_M_200.csv,1,Fall,1,15,nose,1404.86865234375,1015.9901733398438,0.11737627536058426,neck,1193.4041748046875,952.6016845703125,0.5062218904495239,right_shoulder,1212.641357421875,1071.961181640625,0.3915368318557739,right_elbow,1222.09814453125,1080.0,0.19401313364505768,right_wrist,1367.0654296875,1039.45751953125,0.20041793584823608,left_shoulder,1174.1669921875,833.2421875,0.6209070086479187,left_elbow,1211.3798828125,819.3550415039062,0.5457024574279785,left_wrist,1350.1455078125,927.0280151367188,0.49749207496643066,mid_hip,838.2562866210938,876.3316650390625,0.2938463091850281,right_hip,858.7738037109375,923.7076416015625,0.20831386744976044,right_knee,764.8336181640625,986.0068359375,0.12404918670654297,right_ankle,691.8414306640625,927.5592041015625,0.08231968432664871,left_hip,817.73876953125,828.9556884765625,0.3793787658214569,left_knee,743.7026977539062,793.95703125,0.2702566683292389,left_ankle,617.6450805664062,892.7852783203125,0.16408109664916992
Fall__Fall_f_raw_b_4_B_M_200,53,C:\Users\ASUS\Downloads\3D_Human_Pose_NCKH\paper_baselines\lin2021_yolov8_lstm_gru\data\raw_yolov8_keypoints\Fall\Fall_Fall_f_raw_b_4_B_M_200.csv,1,Fall,1,15,nose,1393.101806640625,1021.65478515625,0.11487673223018646,neck,1191.489990234375,968.79736328125,0.42678526043891907,right_shoulder,1196.818603515625,1068.3790283203125,0.3459838330745697,right_elbow,1152.5289306640625,1080.0,0.18338483572006226,right_wrist,1187.8338623046875,1036.4769287109375,0.2104053497314453,left_shoulder,1186.161376953125,869.2157592773438,0.5075867176055908,left_elbow,1191.36474609375,846.7213134765625,0.44485434889793396,left_wrist,1257.9796142578125,904.668212890625,0.4162755310535431,mid_hip,877.6451416015625,904.7836303710938,0.21000736951828003,right_hip,889.0697021484375,946.2837524414062,0.15697365999221802,right_knee,840.9390869140625,990.0047607421875,0.0848941057920456,right_ankle,848.5301513671875,933.392578125,0.06698937714099884,left_hip,866.2205810546875,863.283447265625,0.26304107904434204,left_knee,844.65673828125,800.2820434570312,0.16657264530658722,left_ankle,760.0921020507812,898.2965698242188,0.12356774508953094
Fall__Fall_f_raw_b_4_B_M_200,54,C:\Users\ASUS\Downloads\3D_Human_Pose_NCKH\paper_baselines\lin2021_yolov8_lstm_gru\data\raw_yolov8_keypoints\Fall\Fall_Fall_f_raw_b_4_B_M_200.csv,1,Fall,1,15,nose,1291.567626953125,895.8927612304688,0.06519141793251038,neck,1128.9208984375,978.4990234375,0.40562108159065247,right_shoulder,1203.3887939453125,1044.54052734375,0.23251955211162567,right_elbow,977.6134033203125,1080.0,0.07498130202293396,right_wrist,935.061279296875,999.2276000976562,0.0891081914305687,left_shoulder,1054.452880859375,912.4575805664062,0.5787225961685181,left_elbow,815.6273193359375,948.6505737304688,0.5162513256072998,left_wrist,902.1439819335938,962.3380126953125,0.4457896649837494,mid_hip,803.1817016601562,955.6107788085938,0.22582325339317322,right_hip,853.788818359375,979.767822265625,0.13563095033168793,right_knee,802.8629150390625,989.3994140625,0.11411526799201965,right_ankle,701.4224853515625,983.668212890625,0.1106300801038742,left_hip,752.5745849609375,931.4536743164062,0.3160155713558197,left_knee,765.638427734375,884.8082885742188,0.297896146774292,left_ankle,690.0676879882812,961.5686645507812,0.22463761270046234
Fall__Fall_f_raw_b_4_B_M_200,55,C:\Users\ASUS\Downloads\3D_Human_Pose_NCKH\paper_baselines\lin2021_yolov8_lstm_gru\data\raw_yolov8_keypoints\Fall\Fall_Fall_f_raw_b_4_B_M_200.csv,1,Fall,1,15,nose,1348.333251953125,990.55810546875,0.07225681096315384,neck,1147.0655517578125,1002.7754516601562,0.5384917855262756,right_shoulder,1249.163818359375,1080.0,0.3935161828994751,right_elbow,1078.887939453125,1080.0,0.17421163618564606,right_wrist,989.482666015625,991.5913696289062,0.19281433522701263,left_shoulder,1044.9671630859375,925.5509033203125,0.683467447757721,left_elbow,881.7035522460938,949.6466064453125,0.6215272545814514,left_wrist,971.5045166015625,964.2396240234375,0.5557383298873901,mid_hip,798.6546020507812,964.4921875,0.36116528511047363,right_hip,867.3875732421875,991.2919921875,0.2577599287033081,right_knee,832.168701171875,970.7601318359375,0.18862701952457428,right_ankle,677.3896484375,950.701904296875,0.14868569374084473,left_hip,729.921630859375,937.6923828125,0.46457064151763916,left_knee,771.0118408203125,871.5323486328125,0.3959641456604004,left_ankle,649.4227905273438,954.9591064453125,0.27035394310951233
Fall__Fall_f_raw_b_4_B_M_200,56,C:\Users\ASUS\Downloads\3D_Human_Pose_NCKH\paper_baselines\lin2021_yolov8_lstm_gru\data\raw_yolov8_keypoints\Fall\Fall_Fall_f_raw_b_4_B_M_200.csv,1,Fall,1,15,nose,1260.8934326171875,897.5576171875,0.09854942560195923,neck,1123.656982421875,1008.5336303710938,0.6045416593551636,right_shoulder,1240.5540771484375,1080.0,0.4379340708255768,right_elbow,1090.662841796875,1080.0,0.15920281410217285,right_wrist,1010.5426025390625,961.7305908203125,0.17333973944187164,left_shoulder,1006.7598266601562,937.0672607421875,0.7711492776870728,left_elbow,844.1691284179688,918.7542724609375,0.6849939823150635,left_wrist,937.7733764648438,918.9832763671875,0.6084436774253845,mid_hip,768.1887817382812,950.9089965820312,0.38440170884132385,right_hip,849.7459716796875,974.6054077148438,0.26488134264945984,right_knee,807.6568603515625,965.848876953125,0.17304979264736176,right_ankle,680.0242919921875,912.85107421875,0.14657090604305267,left_hip,686.631591796875,927.212646484375,0.5039221048355103,left_knee,673.8582153320312,873.689697265625,0.38575640320777893,left_ankle,632.0528564453125,902.3548583984375,0.26691898703575134
Fall__Fall_f_raw_b_4_B_M_200,57,C:\Users\ASUS\Downloads\3D_Human_Pose_NCKH\paper_baselines\lin2021_yolov8_lstm_gru\data\raw_yolov8_keypoints\Fall\Fall_Fall_f_raw_b_4_B_M_200.csv,1,Fall,1,15,nose,1202.068603515625,887.032470703125,0.34812697768211365,neck,1146.171142578125,1001.4501342773438,0.6430677771568298,right_shoulder,1218.5545654296875,1055.96533203125,0.39783623814582825,right_elbow,1159.264404296875,1057.992431640625,0.1201094314455986,right_wrist,1150.974609375,927.944091796875,0.16938886046409607,left_shoulder,1073.787841796875,946.9349365234375,0.888299286365509,left_elbow,990.5095825195312,888.089599609375,0.8307431936264038,left_wrist,1121.8441162109375,897.48876953125,0.7879374027252197,mid_hip,849.8494262695312,962.2372436523438,0.3953946530818939,right_hip,901.3392333984375,978.1680908203125,0.23033669590950012,right_knee,812.537841796875,955.9286499023438,0.17552687227725983,right_ankle,619.1805419921875,944.3197021484375,0.16537010669708252,left_hip,798.359619140625,946.306396484375,0.5604525804519653,left_knee,751.0381469726562,884.7570190429688,0.47687381505966187,left_ankle,655.3045043945312,919.9436645507812,0.34169620275497437
Fall__Fall_f_raw_b_4_B_M_200,58,C:\Users\ASUS\Downloads\3D_Human_Pose_NCKH\paper_baselines\lin2021_yolov8_lstm_gru\data\raw_yolov8_keypoints\Fall\Fall_Fall_f_raw_b_4_B_M_200.csv,1,Fall,1,15,nose,1171.9791259765625,883.244873046875,0.32669660449028015,neck,1114.5997314453125,1016.0631713867188,0.7358485460281372,right_shoulder,1195.899658203125,1035.603759765625,0.5774942636489868,right_elbow,1117.7598876953125,991.7850341796875,0.21621501445770264,right_wrist,1110.847412109375,931.494140625,0.21253158152103424,left_shoulder,1033.2998046875,996.5225830078125,0.8942028284072876,left_elbow,926.6119384765625,905.1571044921875,0.8301354050636292,left_wrist,1090.2646484375,900.961181640625,0.7900741696357727,mid_hip,773.2769775390625,973.5309448242188,0.6656774282455444,right_hip,826.22412109375,977.124267578125,0.534028172492981,right_knee,770.5076904296875,854.3753662109375,0.6391980051994324,right_ankle,604.2808837890625,903.270751953125,0.6944324970245361,left_hip,720.3297729492188,969.9376220703125,0.7973266243934631,left_knee,659.7162475585938,819.189697265625,0.8660959005355835,left_ankle,591.280029296875,919.4478759765625,0.8468730449676514
Fall__Fall_f_raw_b_4_B_M_200,59,C:\Users\ASUS\Downloads\3D_Human_Pose_NCKH\paper_baselines\lin2021_yolov8_lstm_gru\data\raw_yolov8_keypoints\Fall\Fall_Fall_f_raw_b_4_B_M_200.csv,1,Fall,1,15,nose,1144.33251953125,892.6976318359375,0.360408753156662,neck,1089.7454833984375,1018.3812866210938,0.5517500638961792,right_shoulder,1171.8857421875,1030.745849609375,0.3284495174884796,right_elbow,1034.03076171875,940.9308471679688,0.12323915213346481,right_wrist,1061.53369140625,921.1644287109375,0.19089756906032562,left_shoulder,1007.6053466796875,1006.0167846679688,0.7750505805015564,left_elbow,838.8673095703125,870.967041015625,0.7086828351020813,left_wrist,1053.2252197265625,898.5697021484375,0.7248924970626831,mid_hip,848.4790649414062,1024.729248046875,0.2024451643228531,right_hip,903.2283325195312,1026.646484375,0.11024872958660126,right_knee,813.4378051757812,926.54931640625,0.04583575204014778,right_ankle,715.7236328125,861.2354736328125,0.05156369134783745,left_hip,793.7298583984375,1022.8118896484375,0.2946416139602661,left_knee,796.9273681640625,898.20458984375,0.1412336528301239,left_ankle,798.7186279296875,880.8636474609375,0.10798761248588562
