video_id,frame_idx,source_file,label,label_name,has_person,valid_joint_count,joint_0_name,joint_0_x,joint_0_y,joint_0_c,joint_1_name,joint_1_x,joint_1_y,joint_1_c,joint_2_name,joint_2_x,joint_2_y,joint_2_c,joint_3_name,joint_3_x,joint_3_y,joint_3_c,joint_4_name,joint_4_x,joint_4_y,joint_4_c,joint_5_name,joint_5_x,joint_5_y,joint_5_c,joint_6_name,joint_6_x,joint_6_y,joint_6_c,joint_7_name,joint_7_x,joint_7_y,joint_7_c,joint_8_name,joint_8_x,joint_8_y,joint_8_c,joint_9_name,joint_9_x,joint_9_y,joint_9_c,joint_10_name,joint_10_x,joint_10_y,joint_10_c,joint_11_name,joint_11_x,joint_11_y,joint_11_c,joint_12_name,joint_12_x,joint_12_y,joint_12_c,joint_13_name,joint_13_x,joint_13_y,joint_13_c,joint_14_name,joint_14_x,joint_14_y,joint_14_c
Fall__Fall_f_raw_c_1_C_M_102_resized,0,C:\Users\ASUS\Downloads\3D_Human_Pose_NCKH\paper_baselines\lin2021_yolov8_lstm_gru\data\raw_yolov8_keypoints\Fall\Fall_Fall_f_raw_c_1_C_M_102_resized.csv,1,Fall,1,15,nose,518.162841796875,226.02737426757812,0.9438547492027283,neck,432.913330078125,275.0250549316406,0.9879681468009949,right_shoulder,406.9017639160156,275.2975769042969,0.9979744553565979,right_elbow,421.6443786621094,372.705322265625,0.9960542917251587,right_wrist,534.4671630859375,414.0616149902344,0.9916160702705383,left_shoulder,458.92486572265625,274.7525329589844,0.9779617786407471,left_elbow,476.05487060546875,367.8375244140625,0.8505803346633911,left_wrist,559.6383056640625,402.982666015625,0.8381745219230652,mid_hip,414.6056823730469,418.5617980957031,0.9882215857505798,right_hip,397.3655700683594,426.560791015625,0.9943588376045227,right_knee,563.6010131835938,438.3829040527344,0.984312117099762,right_ankle,537.9652099609375,540.1420288085938,0.8925827741622925,left_hip,431.8457946777344,410.5627746582031,0.982084333896637,left_knee,596.4384155273438,413.9770202636719,0.9450194835662842,left_ankle,530.6254272460938,524.1092529296875,0.8096111416816711
Fall__Fall_f_raw_c_1_C_M_102_resized,1,C:\Users\ASUS\Downloads\3D_Human_Pose_NCKH\paper_baselines\lin2021_yolov8_lstm_gru\data\raw_yolov8_keypoints\Fall\Fall_Fall_f_raw_c_1_C_M_102_resized.csv,1,Fall,1,15,nose,518.751953125,225.75950622558594,0.9440543055534363,neck,433.33575439453125,276.28509521484375,0.9885798096656799,right_shoulder,407.9456787109375,276.48321533203125,0.9982326030731201,right_elbow,420.44830322265625,371.2100830078125,0.9967890977859497,right_wrist,533.9797973632812,415.3328857421875,0.9932043552398682,left_shoulder,458.725830078125,276.0870056152344,0.978926956653595,left_elbow,475.227294921875,368.3438720703125,0.8572624325752258,left_wrist,559.5639038085938,403.30078125,0.8490639328956604,mid_hip,417.1048583984375,418.8622131347656,0.9895363450050354,right_hip,400.221923828125,426.9530334472656,0.995205819606781,right_knee,569.5667724609375,443.3267822265625,0.9854596257209778,right_ankle,535.2186889648438,540.0372314453125,0.8936678171157837,left_hip,433.98779296875,410.77142333984375,0.9838669300079346,left_knee,602.1829833984375,418.06878662109375,0.945895254611969,left_ankle,531.3683471679688,523.6685180664062,0.8057500123977661
Fall__Fall_f_raw_c_1_C_M_102_resized,2,C:\Users\ASUS\Downloads\3D_Human_Pose_NCKH\paper_baselines\lin2021_yolov8_lstm_gru\data\raw_yolov8_keypoints\Fall\Fall_Fall_f_raw_c_1_C_M_102_resized.csv,1,Fall,1,15,nose,517.62646484375,225.87269592285156,0.9423313140869141,neck,434.2474365234375,275.4248962402344,0.9840826988220215,right_shoulder,407.24530029296875,274.066162109375,0.9970724582672119,right_elbow,419.3285827636719,373.1266174316406,0.9933685660362244,right_wrist,530.1124267578125,412.8620910644531,0.98387211561203,left_shoulder,461.2496032714844,276.78363037109375,0.9710928797721863,left_elbow,472.9181823730469,369.3922119140625,0.8373130559921265,left_wrist,556.2658081054688,404.4897155761719,0.7999403476715088,mid_hip,414.5095520019531,412.7366638183594,0.9864743947982788,right_hip,395.7622375488281,419.781005859375,0.992735743522644,right_knee,563.6990966796875,440.3296203613281,0.9809879064559937,right_ankle,527.1218872070312,536.683349609375,0.9073318839073181,left_hip,433.2568664550781,405.6922912597656,0.9802129864692688,left_knee,590.3158569335938,413.23736572265625,0.9413063526153564,left_ankle,539.7863159179688,530.4493408203125,0.8383115530014038
Fall__Fall_f_raw_c_1_C_M_102_resized,3,C:\Users\ASUS\Downloads\3D_Human_Pose_NCKH\paper_baselines\lin2021_yolov8_lstm_gru\data\raw_yolov8_keypoints\Fall\Fall_Fall_f_raw_c_1_C_M_102_resized.csv,1,Fall,1,15,nose,518.9873657226562,226.40109252929688,0.9433892965316772,neck,433.4905090332031,276.70654296875,0.9844931364059448,right_shoulder,407.2429504394531,275.2132568359375,0.9970729351043701,right_elbow,419.1928405761719,373.2142639160156,0.9931126236915588,right_wrist,529.4041748046875,411.68719482421875,0.9832704067230225,left_shoulder,459.738037109375,278.1997985839844,0.9719132781028748,left_elbow,471.5086364746094,369.2879638671875,0.8395468592643738,left_wrist,555.8572387695312,403.47222900390625,0.8002256751060486,mid_hip,414.5131530761719,414.2899475097656,0.9861385226249695,right_hip,396.4462890625,421.4330749511719,0.9924448132514954,right_knee,567.2279663085938,437.6199951171875,0.980107307434082,right_ankle,533.2603759765625,533.1767578125,0.9051039814949036,left_hip,432.58001708984375,407.14678955078125,0.9798321723937988,left_knee,590.383544921875,410.4775390625,0.9398144483566284,left_ankle,541.8525390625,527.5256958007812,0.8361706733703613
Fall__Fall_f_raw_c_1_C_M_102_resized,4,C:\Users\ASUS\Downloads\3D_Human_Pose_NCKH\paper_baselines\lin2021_yolov8_lstm_gru\data\raw_yolov8_keypoints\Fall\Fall_Fall_f_raw_c_1_C_M_102_resized.csv,1,Fall,1,15,nose,518.4729614257812,227.1969757080078,0.944475531578064,neck,433.4065246582031,276.8138732910156,0.9855546355247498,right_shoulder,406.2359924316406,276.2168884277344,0.9971750974655151,right_elbow,419.7286071777344,375.7637023925781,0.9934245347976685,right_wrist,529.1904296875,412.209716796875,0.9842700958251953,left_shoulder,460.5770568847656,277.4108581542969,0.9739341735839844,left_elbow,472.8499450683594,369.1455078125,0.8526692390441895,left_wrist,554.3910522460938,403.219970703125,0.814956545829773,mid_hip,417.0962219238281,416.4003601074219,0.9870132803916931,right_hip,398.404296875,424.0215148925781,0.992840051651001,right_knee,567.166015625,440.54132080078125,0.9805482625961304,right_ankle,531.1875610351562,534.8657836914062,0.906036913394928,left_hip,435.7881164550781,408.7792053222656,0.9811865091323853,left_knee,593.9021606445312,410.8978576660156,0.9420623183250427,left_ankle,540.783935546875,527.4752197265625,0.8395242094993591
Fall__Fall_f_raw_c_1_C_M_102_resized,5,C:\Users\ASUS\Downloads\3D_Human_Pose_NCKH\paper_baselines\lin2021_yolov8_lstm_gru\data\raw_yolov8_keypoints\Fall\Fall_Fall_f_raw_c_1_C_M_102_resized.csv,1,Fall,1,15,nose,518.3229370117188,226.96493530273438,0.9479252696037292,neck,434.8039855957031,276.1253356933594,0.9855895042419434,right_shoulder,407.3703918457031,275.433349609375,0.9972207546234131,right_elbow,418.3039245605469,375.8525085449219,0.9933295845985413,right_wrist,528.7760620117188,411.8418884277344,0.9839304089546204,left_shoulder,462.2375793457031,276.81732177734375,0.9739582538604736,left_elbow,473.31793212890625,369.6135559082031,0.8491708636283875,left_wrist,554.8873901367188,403.50439453125,0.8107813596725464,mid_hip,417.5257873535156,416.4512634277344,0.9862135648727417,right_hip,398.70831298828125,423.92962646484375,0.9924315214157104,right_knee,567.7152099609375,439.9095153808594,0.9790582060813904,right_ankle,532.1196899414062,533.2957763671875,0.899390697479248,left_hip,436.3432922363281,408.9728698730469,0.9799956679344177,left_knee,593.2869873046875,411.17840576171875,0.9374107718467712,left_ankle,541.9293212890625,527.1334838867188,0.8278812766075134
Fall__Fall_f_raw_c_1_C_M_102_resized,6,C:\Users\ASUS\Downloads\3D_Human_Pose_NCKH\paper_baselines\lin2021_yolov8_lstm_gru\data\raw_yolov8_keypoints\Fall\Fall_Fall_f_raw_c_1_C_M_102_resized.csv,1,Fall,1,15,nose,519.9100341796875,226.46902465820312,0.9470467567443848,neck,434.38360595703125,276.11083984375,0.9861733317375183,right_shoulder,407.2596740722656,275.51617431640625,0.9973810315132141,right_elbow,418.19091796875,375.1244812011719,0.9938032627105713,right_wrist,528.9725341796875,411.5570068359375,0.9848796725273132,left_shoulder,461.507568359375,276.7055358886719,0.9749656319618225,left_elbow,472.52423095703125,368.8125915527344,0.8541280627250671,left_wrist,555.0675659179688,403.15557861328125,0.81634122133255,mid_hip,413.8990783691406,415.5675964355469,0.987608790397644,right_hip,395.3647766113281,423.0906982421875,0.9932302236557007,right_knee,568.3212890625,440.2023010253906,0.981569766998291,right_ankle,531.4605712890625,533.9613647460938,0.9088957905769348,left_hip,432.4333801269531,408.04449462890625,0.9819874167442322,left_knee,591.051513671875,410.8225402832031,0.944223940372467,left_ankle,537.9144897460938,527.8180541992188,0.8429309725761414
Fall__Fall_f_raw_c_1_C_M_102_resized,7,C:\Users\ASUS\Downloads\3D_Human_Pose_NCKH\paper_baselines\lin2021_yolov8_lstm_gru\data\raw_yolov8_keypoints\Fall\Fall_Fall_f_raw_c_1_C_M_102_resized.csv,1,Fall,1,15,nose,521.4725952148438,226.53594970703125,0.9443919658660889,neck,433.5442199707031,275.74566650390625,0.9884520173072815,right_shoulder,409.16925048828125,276.6363525390625,0.9981655478477478,right_elbow,420.0971374511719,373.3170166015625,0.9965309500694275,right_wrist,535.8007202148438,415.82476806640625,0.9926727414131165,left_shoulder,457.9191589355469,274.8550109863281,0.9787384867668152,left_elbow,473.06353759765625,368.54034423828125,0.8533628582954407,left_wrist,559.2510986328125,403.05535888671875,0.8440573215484619,mid_hip,416.02099609375,420.1560974121094,0.9882263541221619,right_hip,399.9970397949219,428.6552734375,0.994515597820282,right_knee,571.8992309570312,441.1946105957031,0.9837070107460022,right_ankle,536.78271484375,537.9447021484375,0.8853509426116943,left_hip,432.0449523925781,411.6568908691406,0.9819371104240417,left_knee,599.0584106445312,414.0108947753906,0.9409199357032776,left_ankle,526.6580810546875,521.612060546875,0.7950162291526794
Fall__Fall_f_raw_c_1_C_M_102_resized,8,C:\Users\ASUS\Downloads\3D_Human_Pose_NCKH\paper_baselines\lin2021_yolov8_lstm_gru\data\raw_yolov8_keypoints\Fall\Fall_Fall_f_raw_c_1_C_M_102_resized.csv,1,Fall,1,15,nose,520.61474609375,226.7481231689453,0.9437653422355652,neck,435.20257568359375,276.0802001953125,0.9842870831489563,right_shoulder,409.44940185546875,275.0722351074219,0.9971131086349487,right_elbow,418.5216369628906,372.7005920410156,0.9932515025138855,right_wrist,527.4088745117188,410.3360900878906,0.9836175441741943,left_shoulder,460.95574951171875,277.0881652832031,0.9714610576629639,left_elbow,470.68017578125,368.7126159667969,0.8376622796058655,left_wrist,554.2509155273438,402.32666015625,0.7996907234191895,mid_hip,413.63726806640625,415.0267028808594,0.9862161874771118,right_hip,395.9773254394531,422.4425354003906,0.9925622344017029,right_knee,568.513671875,438.34912109375,0.9808541536331177,right_ankle,533.0986328125,533.9500732421875,0.9087843894958496,left_hip,431.29718017578125,407.6108703613281,0.9798702001571655,left_knee,589.8759765625,408.36151123046875,0.941162109375,left_ankle,541.4976806640625,526.3043212890625,0.8414974808692932
Fall__Fall_f_raw_c_1_C_M_102_resized,9,C:\Users\ASUS\Downloads\3D_Human_Pose_NCKH\paper_baselines\lin2021_yolov8_lstm_gru\data\raw_yolov8_keypoints\Fall\Fall_Fall_f_raw_c_1_C_M_102_resized.csv,1,Fall,1,15,nose,522.062255859375,227.06350708007812,0.9459946751594543,neck,435.2760009765625,276.8445129394531,0.9897341728210449,right_shoulder,409.2599182128906,278.1834716796875,0.9982422590255737,right_elbow,420.5723571777344,375.2946472167969,0.9965705871582031,right_wrist,536.2000732421875,416.9529113769531,0.9926793575286865,left_shoulder,461.2920837402344,275.50555419921875,0.9812260866165161,left_elbow,475.70428466796875,367.9383850097656,0.8712701201438904,left_wrist,560.7116088867188,403.45562744140625,0.8578266501426697,mid_hip,416.83734130859375,422.23333740234375,0.9891512989997864,right_hip,399.6235046386719,430.9718017578125,0.9947482943534851,right_knee,569.5809936523438,444.9466552734375,0.9828324913978577,right_ankle,537.233642578125,538.5446166992188,0.8772375583648682,left_hip,434.0511779785156,413.494873046875,0.9835543036460876,left_knee,601.0934448242188,416.5987548828125,0.9407089352607727,left_ankle,525.3255615234375,520.7723388671875,0.7868558168411255
Fall__Fall_f_raw_c_1_C_M_102_resized,10,C:\Users\ASUS\Downloads\3D_Human_Pose_NCKH\paper_baselines\lin2021_yolov8_lstm_gru\data\raw_yolov8_keypoints\Fall\Fall_Fall_f_raw_c_1_C_M_102_resized.csv,1,Fall,1,15,nose,522.359130859375,227.4169921875,0.9358012080192566,neck,435.6885681152344,277.8045654296875,0.9843558073043823,right_shoulder,408.9239807128906,276.75311279296875,0.9966526627540588,right_elbow,419.3885192871094,375.0374755859375,0.9922952651977539,right_wrist,529.8834838867188,412.4460144042969,0.9819060564041138,left_shoulder,462.4531555175781,278.85601806640625,0.9720589518547058,left_elbow,473.10052490234375,368.9699401855469,0.8503741025924683,left_wrist,556.9237670898438,402.8658142089844,0.8114721775054932,mid_hip,412.32275390625,417.3631896972656,0.9857132434844971,right_hip,393.8031311035156,424.743408203125,0.9917441010475159,right_knee,566.3754272460938,440.08233642578125,0.9776061773300171,right_ankle,532.1815185546875,533.9500732421875,0.8951213359832764,left_hip,430.8423767089844,409.98297119140625,0.9796823859214783,left_knee,592.3192749023438,411.1413269042969,0.9372056126594543,left_ankle,538.9830932617188,527.1780395507812,0.8278250694274902
Fall__Fall_f_raw_c_1_C_M_102_resized,11,C:\Users\ASUS\Downloads\3D_Human_Pose_NCKH\paper_baselines\lin2021_yolov8_lstm_gru\data\raw_yolov8_keypoints\Fall\Fall_Fall_f_raw_c_1_C_M_102_resized.csv,1,Fall,1,15,nose,525.1163940429688,227.64035034179688,0.9431647062301636,neck,435.0455017089844,277.627197265625,0.9886975288391113,right_shoulder,410.2088928222656,278.4947509765625,0.9980547428131104,right_elbow,420.02008056640625,374.11712646484375,0.9962007403373718,right_wrist,535.00146484375,415.3682556152344,0.9921154379844666,left_shoulder,459.882080078125,276.7596740722656,0.9793403148651123,left_elbow,474.7120666503906,369.03167724609375,0.8612802624702454,left_wrist,559.8662109375,403.021240234375,0.8503866195678711,mid_hip,414.8457336425781,420.35198974609375,0.9882093071937561,right_hip,398.6656188964844,428.9308166503906,0.99425208568573,right_knee,568.77490234375,440.69677734375,0.9829369187355042,right_ankle,537.8430786132812,537.2073364257812,0.8820982575416565,left_hip,431.02581787109375,411.7731628417969,0.9821664690971375,left_knee,597.7192993164062,412.1855163574219,0.9417856335639954,left_ankle,526.3218994140625,520.33740234375,0.7966051697731018
Fall__Fall_f_raw_c_1_C_M_102_resized,12,C:\Users\ASUS\Downloads\3D_Human_Pose_NCKH\paper_baselines\lin2021_yolov8_lstm_gru\data\raw_yolov8_keypoints\Fall\Fall_Fall_f_raw_c_1_C_M_102_resized.csv,1,Fall,1,15,nose,527.3867797851562,227.30650329589844,0.9479541182518005,neck,436.6324462890625,278.93194580078125,0.9887869954109192,right_shoulder,411.66107177734375,279.9333190917969,0.998171329498291,right_elbow,419.28753662109375,374.4625244140625,0.9964391589164734,right_wrist,536.894287109375,415.08160400390625,0.9926872253417969,left_shoulder,461.60382080078125,277.93060302734375,0.9794027209281921,left_elbow,475.18817138671875,368.6432189941406,0.8596656322479248,left_wrist,559.953857421875,402.00250244140625,0.852034866809845,mid_hip,415.1167297363281,421.71954345703125,0.988105297088623,right_hip,398.588623046875,430.36419677734375,0.994310736656189,right_knee,570.440185546875,443.5925598144531,0.9824685454368591,right_ankle,535.6000366210938,538.3521728515625,0.8757426142692566,left_hip,431.64483642578125,413.07489013671875,0.9818998575210571,left_knee,601.4622802734375,415.1670227050781,0.938683807849884,left_ankle,530.8408813476562,523.3502197265625,0.7835061550140381
Fall__Fall_f_raw_c_1_C_M_102_resized,13,C:\Users\ASUS\Downloads\3D_Human_Pose_NCKH\paper_baselines\lin2021_yolov8_lstm_gru\data\raw_yolov8_keypoints\Fall\Fall_Fall_f_raw_c_1_C_M_102_resized.csv,1,Fall,1,15,nose,528.4896240234375,227.18380737304688,0.947348952293396,neck,437.7033996582031,277.4377746582031,0.9885650277137756,right_shoulder,412.9929504394531,279.44921875,0.998084545135498,right_elbow,420.1924133300781,376.70587158203125,0.996253252029419,right_wrist,534.6937255859375,415.060546875,0.9923624992370605,left_shoulder,462.413818359375,275.42633056640625,0.9790455102920532,left_elbow,475.1738586425781,366.89678955078125,0.8599096536636353,left_wrist,558.511474609375,402.103759765625,0.8517574071884155,mid_hip,412.8056640625,420.5203552246094,0.9879609942436218,right_hip,396.3764343261719,429.39251708984375,0.9941351413726807,right_knee,569.462890625,442.8620910644531,0.9824972748756409,right_ankle,533.1263427734375,537.9965209960938,0.8767343163490295,left_hip,429.23492431640625,411.648193359375,0.9817867875099182,left_knee,599.9681396484375,414.4306945800781,0.940049409866333,left_ankle,529.9342651367188,524.5623168945312,0.7872278094291687
Fall__Fall_f_raw_c_1_C_M_102_resized,14,C:\Users\ASUS\Downloads\3D_Human_Pose_NCKH\paper_baselines\lin2021_yolov8_lstm_gru\data\raw_yolov8_keypoints\Fall\Fall_Fall_f_raw_c_1_C_M_102_resized.csv,1,Fall,1,15,nose,530.9190673828125,228.27626037597656,0.9520272016525269,neck,438.7225341796875,278.3564453125,0.9893879294395447,right_shoulder,413.229248046875,280.9872741699219,0.9980613589286804,right_elbow,419.3211975097656,378.6636962890625,0.9959555864334106,right_wrist,533.5513305664062,414.39752197265625,0.9918849468231201,left_shoulder,464.2158203125,275.72564697265625,0.9807144999504089,left_elbow,476.3204345703125,365.14678955078125,0.8697336316108704,left_wrist,560.1492919921875,402.46905517578125,0.8584601283073425,mid_hip,414.55291748046875,423.72137451171875,0.9878003001213074,right_hip,397.60650634765625,432.94140625,0.9937881827354431,right_knee,570.255126953125,442.54229736328125,0.9813585877418518,right_ankle,535.0921020507812,539.00537109375,0.8718175292015076,left_hip,431.4993591308594,414.5013427734375,0.9818124175071716,left_knee,602.4595336914062,413.83782958984375,0.939746618270874,left_ankle,531.5072021484375,526.6502685546875,0.7852110862731934
Fall__Fall_f_raw_c_1_C_M_102_resized,15,C:\Users\ASUS\Downloads\3D_Human_Pose_NCKH\paper_baselines\lin2021_yolov8_lstm_gru\data\raw_yolov8_keypoints\Fall\Fall_Fall_f_raw_c_1_C_M_102_resized.csv,1,Fall,1,15,nose,532.45458984375,229.0931396484375,0.9523411989212036,neck,439.7733459472656,277.2571105957031,0.9890285730361938,right_shoulder,414.2518005371094,280.7727355957031,0.9979829788208008,right_elbow,418.5467224121094,380.923095703125,0.9956924319267273,right_wrist,533.6323852539062,414.31927490234375,0.9914146065711975,left_shoulder,465.294921875,273.7414855957031,0.9800741076469421,left_elbow,475.49798583984375,364.0604553222656,0.8656392693519592,left_wrist,558.4700927734375,401.8873291015625,0.8543644547462463,mid_hip,415.28302001953125,422.2515869140625,0.9869369864463806,right_hip,398.42333984375,431.845703125,0.9932885766029358,right_knee,571.6907958984375,443.5350646972656,0.9800220131874084,right_ankle,536.1945190429688,538.4318237304688,0.8641653656959534,left_hip,432.1427307128906,412.6575012207031,0.9805853962898254,left_knee,601.9802856445312,414.2757263183594,0.9364300966262817,left_ankle,531.2389526367188,525.9410400390625,0.7752259969711304
Fall__Fall_f_raw_c_1_C_M_102_resized,16,C:\Users\ASUS\Downloads\3D_Human_Pose_NCKH\paper_baselines\lin2021_yolov8_lstm_gru\data\raw_yolov8_keypoints\Fall\Fall_Fall_f_raw_c_1_C_M_102_resized.csv,1,Fall,1,15,nose,536.3594970703125,229.95567321777344,0.9563458561897278,neck,443.8067932128906,276.5350646972656,0.9896302819252014,right_shoulder,416.5623779296875,280.6234436035156,0.9979325532913208,right_elbow,414.38372802734375,380.75701904296875,0.9953175783157349,right_wrist,532.5255126953125,413.72161865234375,0.9908689260482788,left_shoulder,471.0511779785156,272.4466552734375,0.9813280701637268,left_elbow,477.1185607910156,361.2652587890625,0.8742722272872925,left_wrist,558.3998413085938,401.0513916015625,0.8613919615745544,mid_hip,418.0178527832031,419.1131591796875,0.986931562423706,right_hip,400.0877990722656,428.94891357421875,0.9929967522621155,right_knee,571.5912475585938,443.93170166015625,0.9789485335350037,right_ankle,534.6968383789062,537.498779296875,0.8582872152328491,left_hip,435.9479064941406,409.27740478515625,0.9808664321899414,left_knee,603.6909790039062,414.0737609863281,0.936933159828186,left_ankle,531.7410888671875,526.5081787109375,0.773063063621521
Fall__Fall_f_raw_c_1_C_M_102_resized,17,C:\Users\ASUS\Downloads\3D_Human_Pose_NCKH\paper_baselines\lin2021_yolov8_lstm_gru\data\raw_yolov8_keypoints\Fall\Fall_Fall_f_raw_c_1_C_M_102_resized.csv,1,Fall,1,15,nose,538.4423828125,229.7287139892578,0.9538177847862244,neck,444.552734375,277.47137451171875,0.9892774224281311,right_shoulder,415.2778625488281,282.22186279296875,0.9979413151741028,right_elbow,414.3624572753906,383.2355041503906,0.9953396320343018,right_wrist,533.6130981445312,414.49945068359375,0.9908016324043274,left_shoulder,473.8276062011719,272.72088623046875,0.9806135892868042,left_elbow,479.5926208496094,360.3622131347656,0.8709095120429993,left_wrist,558.0106811523438,400.9989318847656,0.8562776446342468,mid_hip,419.1582946777344,420.39935302734375,0.9867169260978699,right_hip,399.8349304199219,430.5514831542969,0.9929490089416504,right_knee,568.5582275390625,445.77130126953125,0.9779399037361145,right_ankle,535.1282348632812,537.9357299804688,0.8517211079597473,left_hip,438.48162841796875,410.2472229003906,0.9804849028587341,left_knee,605.2289428710938,414.85882568359375,0.9334730505943298,left_ankle,529.7586059570312,527.14306640625,0.7625155448913574
Fall__Fall_f_raw_c_1_C_M_102_resized,18,C:\Users\ASUS\Downloads\3D_Human_Pose_NCKH\paper_baselines\lin2021_yolov8_lstm_gru\data\raw_yolov8_keypoints\Fall\Fall_Fall_f_raw_c_1_C_M_102_resized.csv,1,Fall,1,15,nose,542.9751586914062,230.14208984375,0.9574018120765686,neck,448.1632995605469,277.0419921875,0.9896488189697266,right_shoulder,415.7685241699219,282.39093017578125,0.9977682828903198,right_elbow,409.256103515625,384.732666015625,0.9945000410079956,right_wrist,530.653076171875,416.31268310546875,0.9893340468406677,left_shoulder,480.55810546875,271.6930847167969,0.9815293550491333,left_elbow,483.8431701660156,359.2696533203125,0.8768816590309143,left_wrist,561.6807250976562,402.00018310546875,0.8591693043708801,mid_hip,413.8815002441406,417.27490234375,0.9859970808029175,right_hip,392.565673828125,427.5982360839844,0.9920637011528015,right_knee,560.966064453125,446.04949951171875,0.975471019744873,right_ankle,531.9998168945312,537.2103271484375,0.8381953835487366,left_hip,435.1972961425781,406.9515380859375,0.9799305200576782,left_knee,602.433349609375,413.27740478515625,0.9323376417160034,left_ankle,526.5870971679688,528.5043334960938,0.7545520067214966
Fall__Fall_f_raw_c_1_C_M_102_resized,19,C:\Users\ASUS\Downloads\3D_Human_Pose_NCKH\paper_baselines\lin2021_yolov8_lstm_gru\data\raw_yolov8_keypoints\Fall\Fall_Fall_f_raw_c_1_C_M_102_resized.csv,1,Fall,1,15,nose,545.5076293945312,229.8834228515625,0.9542308449745178,neck,450.154052734375,276.1364440917969,0.9902202486991882,right_shoulder,417.0616149902344,280.1752014160156,0.9977163076400757,right_elbow,406.97857666015625,385.3149719238281,0.994971513748169,right_wrist,530.4913940429688,415.97674560546875,0.990990400314331,left_shoulder,483.24652099609375,272.0976867675781,0.9827242493629456,left_elbow,489.4704895019531,357.8893127441406,0.8988812565803528,left_wrist,565.1155395507812,401.51446533203125,0.8909900188446045,mid_hip,412.4460754394531,413.66082763671875,0.9902027249336243,right_hip,390.5587158203125,422.9646911621094,0.9942407608032227,right_knee,550.7398681640625,446.27587890625,0.9831069707870483,right_ankle,521.3360595703125,539.4860229492188,0.8918381929397583,left_hip,434.33343505859375,404.35693359375,0.9861646890640259,left_knee,597.8492431640625,416.2191162109375,0.9559248685836792,left_ankle,528.7483520507812,532.8145751953125,0.8385086059570312
Fall__Fall_f_raw_c_1_C_M_102_resized,20,C:\Users\ASUS\Downloads\3D_Human_Pose_NCKH\paper_baselines\lin2021_yolov8_lstm_gru\data\raw_yolov8_keypoints\Fall\Fall_Fall_f_raw_c_1_C_M_102_resized.csv,1,Fall,1,15,nose,550.463134765625,231.0334014892578,0.9556716680526733,neck,454.441650390625,275.5267333984375,0.9902897477149963,right_shoulder,421.0028381347656,279.1143493652344,0.9980916380882263,right_elbow,405.178955078125,383.4434509277344,0.9960852861404419,right_wrist,531.4187622070312,417.32720947265625,0.9929813146591187,left_shoulder,487.8804626464844,271.9391174316406,0.9824878573417664,left_elbow,492.9967041015625,358.6940612792969,0.8961943984031677,left_wrist,567.5167846679688,401.60357666015625,0.8929061889648438,mid_hip,419.9053649902344,415.15350341796875,0.990767240524292,right_hip,398.171875,424.6128845214844,0.9949756860733032,right_knee,567.431396484375,447.2811279296875,0.984443187713623,right_ankle,529.6876831054688,537.5189208984375,0.8959572911262512,left_hip,441.63885498046875,405.6941223144531,0.9865587949752808,left_knee,608.8181762695312,415.883056640625,0.9546120166778564,left_ankle,534.1151123046875,529.5687866210938,0.8348077535629272
Fall__Fall_f_raw_c_1_C_M_102_resized,21,C:\Users\ASUS\Downloads\3D_Human_Pose_NCKH\paper_baselines\lin2021_yolov8_lstm_gru\data\raw_yolov8_keypoints\Fall\Fall_Fall_f_raw_c_1_C_M_102_resized.csv,1,Fall,1,15,nose,554.3834838867188,232.45156860351562,0.9508406519889832,neck,455.8290710449219,276.0502624511719,0.9897633790969849,right_shoulder,422.76849365234375,280.15411376953125,0.9982091188430786,right_elbow,403.1954650878906,385.7693786621094,0.9964673519134521,right_wrist,531.1737670898438,417.835205078125,0.9935199618339539,left_shoulder,488.8896484375,271.9464416503906,0.9813176989555359,left_elbow,493.6921691894531,358.1435852050781,0.8922587633132935,left_wrist,569.294921875,400.8228454589844,0.8898181319236755,mid_hip,421.59320068359375,412.1047668457031,0.9915803074836731,right_hip,400.15576171875,421.8662109375,0.9955915212631226,right_knee,566.5463256835938,447.192138671875,0.986358106136322,right_ankle,528.7274169921875,538.5706787109375,0.9063189625740051,left_hip,443.0306701660156,402.3433532714844,0.9875691533088684,left_knee,609.563720703125,414.85015869140625,0.9583344459533691,left_ankle,535.7962036132812,529.7304077148438,0.8470465540885925
Fall__Fall_f_raw_c_1_C_M_102_resized,22,C:\Users\ASUS\Downloads\3D_Human_Pose_NCKH\paper_baselines\lin2021_yolov8_lstm_gru\data\raw_yolov8_keypoints\Fall\Fall_Fall_f_raw_c_1_C_M_102_resized.csv,1,Fall,1,15,nose,559.1572875976562,235.05157470703125,0.952160656452179,neck,460.55572509765625,276.3388977050781,0.9903783202171326,right_shoulder,427.2460632324219,281.3343811035156,0.9983838796615601,right_elbow,400.7102355957031,388.16064453125,0.9967269897460938,right_wrist,527.400390625,418.0549621582031,0.9938693046569824,left_shoulder,493.86541748046875,271.34344482421875,0.9823727011680603,left_elbow,497.35015869140625,355.6292724609375,0.898462176322937,left_wrist,570.6538696289062,400.93414306640625,0.8946418762207031,mid_hip,423.7499694824219,410.2197265625,0.9924679398536682,right_hip,402.4458923339844,420.1874084472656,0.9960774779319763,right_knee,566.8187866210938,447.8322448730469,0.9874301552772522,right_ankle,527.6377563476562,538.7597045898438,0.9113063812255859,left_hip,445.05401611328125,400.2520446777344,0.9888583421707153,left_knee,608.1334838867188,415.2108459472656,0.9614881277084351,left_ankle,534.494873046875,529.3024291992188,0.8544161319732666
Fall__Fall_f_raw_c_1_C_M_102_resized,23,C:\Users\ASUS\Downloads\3D_Human_Pose_NCKH\paper_baselines\lin2021_yolov8_lstm_gru\data\raw_yolov8_keypoints\Fall\Fall_Fall_f_raw_c_1_C_M_102_resized.csv,1,Fall,1,15,nose,562.7163696289062,236.80868530273438,0.9507272839546204,neck,463.7985534667969,277.78411865234375,0.989509105682373,right_shoulder,428.2547607421875,283.0576171875,0.9984226226806641,right_elbow,397.39959716796875,390.3323974609375,0.9969097971916199,right_wrist,528.6471557617188,419.22015380859375,0.9942690134048462,left_shoulder,499.34234619140625,272.5105895996094,0.980595588684082,left_elbow,503.4061279296875,354.708984375,0.8924271464347839,left_wrist,571.5397338867188,400.55560302734375,0.8913246393203735,mid_hip,433.4609069824219,409.0683288574219,0.9926053285598755,right_hip,410.8280029296875,419.2605895996094,0.9963240623474121,right_knee,565.6093139648438,450.2060852050781,0.9878430366516113,right_ankle,524.819091796875,539.0731201171875,0.9142565131187439,left_hip,456.09381103515625,398.8760681152344,0.9888865351676941,left_knee,610.1138916015625,416.7929382324219,0.9610510468482971,left_ankle,539.9515991210938,527.5680541992188,0.8553890585899353
Fall__Fall_f_raw_c_1_C_M_102_resized,24,C:\Users\ASUS\Downloads\3D_Human_Pose_NCKH\paper_baselines\lin2021_yolov8_lstm_gru\data\raw_yolov8_keypoints\Fall\Fall_Fall_f_raw_c_1_C_M_102_resized.csv,1,Fall,1,15,nose,569.9125366210938,237.9005126953125,0.9563148021697998,neck,470.9640808105469,278.2416076660156,0.9908631443977356,right_shoulder,430.2008361816406,284.9034423828125,0.9986178874969482,right_elbow,396.70013427734375,395.3516845703125,0.99689120054245,right_wrist,532.4539794921875,424.5081481933594,0.9936941266059875,left_shoulder,511.727294921875,271.5798034667969,0.9831083416938782,left_elbow,504.3089294433594,354.5588073730469,0.8962827920913696,left_wrist,573.5596923828125,401.0057678222656,0.8872273564338684,mid_hip,421.985595703125,395.3995361328125,0.9934030771255493,right_hip,395.46875,405.7105712890625,0.9966158270835876,right_knee,549.0385131835938,448.7437744140625,0.9890962243080139,right_ankle,517.364990234375,536.235595703125,0.9188409447669983,left_hip,448.50244140625,385.0885314941406,0.9901903867721558,left_knee,608.4873046875,412.49346923828125,0.9662549495697021,left_ankle,525.7608032226562,527.2921752929688,0.8664583563804626
Fall__Fall_f_raw_c_1_C_M_102_resized,25,C:\Users\ASUS\Downloads\3D_Human_Pose_NCKH\paper_baselines\lin2021_yolov8_lstm_gru\data\raw_yolov8_keypoints\Fall\Fall_Fall_f_raw_c_1_C_M_102_resized.csv,1,Fall,1,15,nose,573.7798461914062,240.29318237304688,0.954287588596344,neck,472.26251220703125,282.1679992675781,0.9919607043266296,right_shoulder,432.7744445800781,289.84332275390625,0.9987334609031677,right_elbow,397.5536193847656,397.16339111328125,0.997423529624939,right_wrist,526.748779296875,427.5596008300781,0.995029866695404,left_shoulder,511.7505798339844,274.4926452636719,0.9851878881454468,left_elbow,510.8967590332031,353.34942626953125,0.9175415635108948,left_wrist,577.1637573242188,400.4094543457031,0.911023736000061,mid_hip,430.07000732421875,405.8148498535156,0.994690477848053,right_hip,404.49884033203125,416.6372375488281,0.9972561001777649,right_knee,555.8673706054688,455.70489501953125,0.9899393916130066,right_ankle,511.5106201171875,537.811279296875,0.9223832488059998,left_hip,455.6412048339844,394.992431640625,0.9921248555183411,left_knee,613.2559814453125,417.0272216796875,0.9693117141723633,left_ankle,527.1038208007812,530.218017578125,0.87298583984375
Fall__Fall_f_raw_c_1_C_M_102_resized,26,C:\Users\ASUS\Downloads\3D_Human_Pose_NCKH\paper_baselines\lin2021_yolov8_lstm_gru\data\raw_yolov8_keypoints\Fall\Fall_Fall_f_raw_c_1_C_M_102_resized.csv,1,Fall,1,15,nose,583.796142578125,245.31956481933594,0.9447969198226929,neck,476.2076721191406,283.7507019042969,0.990273654460907,right_shoulder,434.6732482910156,292.9738464355469,0.9983627200126648,right_elbow,397.0223693847656,401.1508483886719,0.9966133236885071,right_wrist,527.7503051757812,432.66107177734375,0.9936563372612,left_shoulder,517.7421264648438,274.52752685546875,0.9821845889091492,left_elbow,514.4170532226562,349.5841979980469,0.9082081317901611,left_wrist,579.5824584960938,399.4288330078125,0.9014383554458618,mid_hip,431.9102478027344,394.5507507324219,0.9941180944442749,right_hip,405.43206787109375,406.0033264160156,0.9968107342720032,right_knee,553.6142578125,455.78387451171875,0.9893045425415039,right_ankle,514.9653930664062,534.9711303710938,0.9208822250366211,left_hip,458.388427734375,383.09820556640625,0.9914255142211914,left_knee,610.1165771484375,415.0054931640625,0.9698188304901123,left_ankle,523.5117797851562,527.7968139648438,0.8769095540046692
Fall__Fall_f_raw_c_1_C_M_102_resized,27,C:\Users\ASUS\Downloads\3D_Human_Pose_NCKH\paper_baselines\lin2021_yolov8_lstm_gru\data\raw_yolov8_keypoints\Fall\Fall_Fall_f_raw_c_1_C_M_102_resized.csv,1,Fall,1,15,nose,581.3310546875,253.30679321289062,0.938183069229126,neck,479.465576171875,283.9544982910156,0.9910410642623901,right_shoulder,433.144775390625,294.0159912109375,0.9983528852462769,right_elbow,395.62762451171875,404.0419006347656,0.9969261288642883,right_wrist,524.3080444335938,436.37939453125,0.9943534135818481,left_shoulder,525.786376953125,273.89300537109375,0.9837291836738586,left_elbow,519.4187622070312,346.3888244628906,0.927725613117218,left_wrist,582.39404296875,400.11676025390625,0.9208419919013977,mid_hip,437.87933349609375,396.5858459472656,0.9956611394882202,right_hip,407.88043212890625,407.9247131347656,0.9975718855857849,right_knee,536.577880859375,458.6309814453125,0.9910274147987366,right_ankle,496.64190673828125,534.6790161132812,0.9326780438423157,left_hip,467.87823486328125,385.24700927734375,0.9937503933906555,left_knee,613.392333984375,418.7142333984375,0.9760185480117798,left_ankle,521.4293823242188,529.3866577148438,0.8973960876464844
Fall__Fall_f_raw_c_1_C_M_102_resized,28,C:\Users\ASUS\Downloads\3D_Human_Pose_NCKH\paper_baselines\lin2021_yolov8_lstm_gru\data\raw_yolov8_keypoints\Fall\Fall_Fall_f_raw_c_1_C_M_102_resized.csv,1,Fall,1,15,nose,593.7736206054688,255.05223083496094,0.9453441500663757,neck,490.4944763183594,288.8912353515625,0.991779625415802,right_shoulder,439.9508361816406,299.9736022949219,0.9979202151298523,right_elbow,396.5634765625,408.9947814941406,0.9947941899299622,right_wrist,519.866943359375,443.48626708984375,0.9900268316268921,left_shoulder,541.0380859375,277.8088684082031,0.9856390953063965,left_elbow,528.3038940429688,345.6104736328125,0.9375731945037842,left_wrist,588.9985961914062,402.5595703125,0.9214357137680054,mid_hip,441.3811950683594,387.33868408203125,0.9956534504890442,right_hip,408.5024108886719,398.577392578125,0.9971291422843933,right_knee,508.2088928222656,460.9366760253906,0.9896408915519714,right_ankle,495.2624816894531,533.818115234375,0.9285553693771362,left_hip,474.260009765625,376.0999755859375,0.9941778182983398,left_knee,596.947998046875,418.54107666015625,0.9789494276046753,left_ankle,523.0764770507812,531.8522338867188,0.9066709876060486
Fall__Fall_f_raw_c_1_C_M_102_resized,29,C:\Users\ASUS\Downloads\3D_Human_Pose_NCKH\paper_baselines\lin2021_yolov8_lstm_gru\data\raw_yolov8_keypoints\Fall\Fall_Fall_f_raw_c_1_C_M_102_resized.csv,1,Fall,1,15,nose,599.112060546875,259.7699890136719,0.9544242024421692,neck,493.3993835449219,291.6423645019531,0.9915866851806641,right_shoulder,440.7996826171875,304.63323974609375,0.9985646605491638,right_elbow,394.9367370605469,412.8872375488281,0.9965490102767944,right_wrist,513.65673828125,449.78094482421875,0.9927385449409485,left_shoulder,545.9990844726562,278.6514892578125,0.9846087098121643,left_elbow,534.2254638671875,342.1454162597656,0.9302031397819519,left_wrist,593.5869750976562,404.173095703125,0.9152309894561768,mid_hip,441.2310485839844,384.9993591308594,0.9966893196105957,right_hip,406.1746826171875,396.8099670410156,0.998111367225647,right_knee,485.8574523925781,469.6231689453125,0.9929105639457703,right_ankle,475.17138671875,542.3358154296875,0.9448733329772949,left_hip,476.28741455078125,373.188720703125,0.9952672719955444,left_knee,593.5454711914062,422.1728515625,0.982675313949585,left_ankle,528.4288330078125,538.2650146484375,0.9202383756637573
Fall__Fall_f_raw_c_1_C_M_102_resized,30,C:\Users\ASUS\Downloads\3D_Human_Pose_NCKH\paper_baselines\lin2021_yolov8_lstm_gru\data\raw_yolov8_keypoints\Fall\Fall_Fall_f_raw_c_1_C_M_102_resized.csv,1,Fall,1,15,nose,601.6187744140625,271.8182678222656,0.9313141107559204,neck,499.1242370605469,300.7186584472656,0.9904362559318542,right_shoulder,443.3014831542969,313.25830078125,0.9980055689811707,right_elbow,399.429443359375,419.8298645019531,0.9954825639724731,right_wrist,519.6143188476562,466.0317687988281,0.9890618920326233,left_shoulder,554.947021484375,288.17901611328125,0.9828669428825378,left_elbow,551.9713745117188,343.2256164550781,0.937282383441925,left_wrist,605.6644287109375,406.11981201171875,0.9127503037452698,mid_hip,441.0086364746094,383.1773681640625,0.9973632097244263,right_hip,403.691162109375,393.88726806640625,0.9983219504356384,right_knee,486.4481506347656,465.3818664550781,0.9946581721305847,right_ankle,470.44171142578125,545.9574584960938,0.9630530476570129,left_hip,478.32611083984375,372.46746826171875,0.9964045286178589,left_knee,585.701416015625,419.159423828125,0.9883423447608948,left_ankle,526.6061401367188,543.9951782226562,0.9483873844146729
Fall__Fall_f_raw_c_1_C_M_102_resized,31,C:\Users\ASUS\Downloads\3D_Human_Pose_NCKH\paper_baselines\lin2021_yolov8_lstm_gru\data\raw_yolov8_keypoints\Fall\Fall_Fall_f_raw_c_1_C_M_102_resized.csv,1,Fall,1,15,nose,612.0178833007812,277.16497802734375,0.9179566502571106,neck,499.6367492675781,301.6124267578125,0.9840239882469177,right_shoulder,445.1299743652344,316.89544677734375,0.9960846900939941,right_elbow,397.4427490234375,427.0939636230469,0.9922210574150085,right_wrist,515.941650390625,471.85479736328125,0.9878547787666321,left_shoulder,554.1435546875,286.32940673828125,0.9719632863998413,left_elbow,562.4583129882812,347.04718017578125,0.8977693915367126,left_wrist,617.1339721679688,407.52362060546875,0.8937273621559143,mid_hip,447.12860107421875,394.259521484375,0.991750180721283,right_hip,412.1456298828125,407.8121337890625,0.9948198199272156,right_knee,499.65899658203125,469.52972412109375,0.9846967458724976,right_ankle,474.61077880859375,552.05859375,0.899958610534668,left_hip,482.111572265625,380.7069396972656,0.9886806011199951,left_knee,597.08935546875,418.15667724609375,0.9678919315338135,left_ankle,529.0119018554688,539.9878540039062,0.8719685077667236
Fall__Fall_f_raw_c_1_C_M_102_resized,32,C:\Users\ASUS\Downloads\3D_Human_Pose_NCKH\paper_baselines\lin2021_yolov8_lstm_gru\data\raw_yolov8_keypoints\Fall\Fall_Fall_f_raw_c_1_C_M_102_resized.csv,1,Fall,1,15,nose,607.1885986328125,295.1683654785156,0.9326795935630798,neck,505.78521728515625,311.41253662109375,0.9869644045829773,right_shoulder,451.38330078125,327.6128845214844,0.9955412745475769,right_elbow,408.91632080078125,435.127197265625,0.98996502161026,right_wrist,519.6005859375,491.62255859375,0.9812816381454468,left_shoulder,560.1871337890625,295.21221923828125,0.9783874750137329,left_elbow,579.68896484375,351.1759948730469,0.9297411441802979,left_wrist,626.484130859375,410.7677917480469,0.909451425075531,mid_hip,454.9718933105469,393.1628723144531,0.9922359585762024,right_hip,420.2211608886719,406.48321533203125,0.9941920638084412,right_knee,531.760498046875,485.9703063964844,0.9817407131195068,right_ankle,484.42376708984375,551.5225219726562,0.8909958004951477,left_hip,489.7226257324219,379.8424987792969,0.9902798533439636,left_knee,595.2379760742188,425.8399658203125,0.9675531983375549,left_ankle,518.3133544921875,534.0439453125,0.8690567016601562
Fall__Fall_f_raw_c_1_C_M_102_resized,33,C:\Users\ASUS\Downloads\3D_Human_Pose_NCKH\paper_baselines\lin2021_yolov8_lstm_gru\data\raw_yolov8_keypoints\Fall\Fall_Fall_f_raw_c_1_C_M_102_resized.csv,1,Fall,1,15,nose,619.278076171875,300.924072265625,0.817315936088562,neck,510.92547607421875,313.958740234375,0.9807050228118896,right_shoulder,449.7808532714844,330.81756591796875,0.9938530921936035,right_elbow,414.80010986328125,438.7897644042969,0.9905799031257629,right_wrist,516.1260986328125,499.8708190917969,0.9813189506530762,left_shoulder,572.0701293945312,297.09991455078125,0.967556893825531,left_elbow,592.9890747070312,354.57342529296875,0.931168258190155,left_wrist,635.1681518554688,415.28179931640625,0.9082930684089661,mid_hip,466.8032531738281,389.65570068359375,0.9949692487716675,right_hip,426.2132263183594,402.5474853515625,0.9963143467903137,right_knee,490.28717041015625,486.1424255371094,0.9859611988067627,right_ankle,463.15692138671875,539.2011108398438,0.919915497303009,left_hip,507.3932800292969,376.7638854980469,0.993624210357666,left_knee,598.6849365234375,424.70208740234375,0.975649356842041,left_ankle,519.0067749023438,531.181640625,0.9043976068496704
Fall__Fall_f_raw_c_1_C_M_102_resized,34,C:\Users\ASUS\Downloads\3D_Human_Pose_NCKH\paper_baselines\lin2021_yolov8_lstm_gru\data\raw_yolov8_keypoints\Fall\Fall_Fall_f_raw_c_1_C_M_102_resized.csv,1,Fall,1,15,nose,621.760498046875,306.7425231933594,0.7706901431083679,neck,527.21142578125,319.47930908203125,0.9758727550506592,right_shoulder,462.869384765625,339.696044921875,0.9873128533363342,right_elbow,422.3758239746094,451.343505859375,0.9798122644424438,right_wrist,504.725341796875,517.8091430664062,0.964979887008667,left_shoulder,591.5534057617188,299.2626037597656,0.9644327163696289,left_elbow,619.1585693359375,359.2110290527344,0.9350973963737488,left_wrist,645.9066772460938,424.8132019042969,0.9120849967002869,mid_hip,468.7538757324219,384.4027404785156,0.9922844767570496,right_hip,426.49383544921875,397.7254638671875,0.9932112097740173,right_knee,492.0323181152344,488.87689208984375,0.978909432888031,right_ankle,450.42578125,549.0284423828125,0.8969420194625854,left_hip,511.0138854980469,371.08001708984375,0.9913578033447266,left_knee,600.296142578125,424.30902099609375,0.9719388484954834,left_ankle,504.88702392578125,531.1256103515625,0.8936979174613953
Fall__Fall_f_raw_c_1_C_M_102_resized,35,C:\Users\ASUS\Downloads\3D_Human_Pose_NCKH\paper_baselines\lin2021_yolov8_lstm_gru\data\raw_yolov8_keypoints\Fall\Fall_Fall_f_raw_c_1_C_M_102_resized.csv,1,Fall,1,15,nose,640.3069458007812,315.8447265625,0.7334958910942078,neck,533.8417358398438,327.47906494140625,0.9812987446784973,right_shoulder,466.9329833984375,349.334228515625,0.9872999787330627,right_elbow,429.4878845214844,460.22357177734375,0.9811822772026062,right_wrist,495.740478515625,527.3005981445312,0.9700697064399719,left_shoulder,600.75048828125,305.6239318847656,0.9752975106239319,left_elbow,636.2048950195312,365.1833190917969,0.963270366191864,left_wrist,652.2933959960938,436.9860534667969,0.9463047385215759,mid_hip,473.4547119140625,385.7407531738281,0.99494868516922,right_hip,429.3715515136719,399.9995422363281,0.9950202703475952,right_knee,506.38067626953125,479.2580261230469,0.9839010834693909,right_ankle,455.9550476074219,532.5598754882812,0.9231317639350891,left_hip,517.5379028320312,371.4819641113281,0.9948770403862,left_knee,629.63525390625,410.3824157714844,0.9821867942810059,left_ankle,509.6583251953125,515.3815307617188,0.9290374517440796
Fall__Fall_f_raw_c_1_C_M_102_resized,36,C:\Users\ASUS\Downloads\3D_Human_Pose_NCKH\paper_baselines\lin2021_yolov8_lstm_gru\data\raw_yolov8_keypoints\Fall\Fall_Fall_f_raw_c_1_C_M_102_resized.csv,1,Fall,1,15,nose,636.8495483398438,343.6657409667969,0.7267401218414307,neck,545.7463989257812,337.1412353515625,0.9799599647521973,right_shoulder,478.7860107421875,355.7179260253906,0.985258162021637,right_elbow,442.36431884765625,466.9676208496094,0.9742369651794434,right_wrist,488.9017028808594,543.4384155273438,0.950546383857727,left_shoulder,612.7068481445312,318.5645446777344,0.9746617674827576,left_elbow,650.49365234375,381.0625915527344,0.9597567319869995,left_wrist,663.3924560546875,455.97857666015625,0.9294247031211853,mid_hip,480.4184875488281,384.4125061035156,0.9944396018981934,right_hip,437.662353515625,396.99639892578125,0.9942933917045593,right_knee,540.1876831054688,477.84454345703125,0.9845783114433289,right_ankle,498.93609619140625,532.2554321289062,0.9215083718299866,left_hip,523.1746215820312,371.8286437988281,0.9945857524871826,left_knee,633.49072265625,425.5865783691406,0.9836174249649048,left_ankle,524.7559814453125,517.2225341796875,0.9253693222999573
Fall__Fall_f_raw_c_1_C_M_102_resized,37,C:\Users\ASUS\Downloads\3D_Human_Pose_NCKH\paper_baselines\lin2021_yolov8_lstm_gru\data\raw_yolov8_keypoints\Fall\Fall_Fall_f_raw_c_1_C_M_102_resized.csv,1,Fall,1,15,nose,638.8651733398438,364.4490661621094,0.19485776126384735,neck,558.0205688476562,334.3730773925781,0.9527533054351807,right_shoulder,485.89117431640625,350.1448669433594,0.9693242907524109,right_elbow,444.4015197753906,472.8389892578125,0.9824695587158203,right_wrist,480.3155212402344,557.3247680664062,0.969767153263092,left_shoulder,630.1500244140625,318.60125732421875,0.9361822605133057,left_elbow,664.4765625,397.015625,0.955223798751831,left_wrist,670.9013671875,470.3591613769531,0.9383297562599182,mid_hip,468.952880859375,384.6189880371094,0.9970704317092896,right_hip,423.31976318359375,395.3832092285156,0.9972139000892639,right_knee,537.1438598632812,479.7480773925781,0.9927353858947754,right_ankle,509.72381591796875,542.5140380859375,0.9639312624931335,left_hip,514.5859985351562,373.85479736328125,0.9969269633293152,left_knee,632.3111572265625,432.6623229980469,0.9914737939834595,left_ankle,516.4022827148438,519.4945678710938,0.9656354188919067
Fall__Fall_f_raw_c_1_C_M_102_resized,38,C:\Users\ASUS\Downloads\3D_Human_Pose_NCKH\paper_baselines\lin2021_yolov8_lstm_gru\data\raw_yolov8_keypoints\Fall\Fall_Fall_f_raw_c_1_C_M_102_resized.csv,1,Fall,1,15,nose,634.6853637695312,386.4518737792969,0.11217945069074631,neck,579.3204956054688,347.01995849609375,0.9328431487083435,right_shoulder,501.80743408203125,360.0347900390625,0.9392074942588806,right_elbow,445.7206726074219,476.8044738769531,0.9699216485023499,right_wrist,473.8082580566406,574.0968017578125,0.9517102241516113,left_shoulder,656.8336181640625,334.0050964355469,0.9264788031578064,left_elbow,674.8914184570312,421.6940002441406,0.9621105194091797,left_wrist,672.8949584960938,496.9803771972656,0.9450384378433228,mid_hip,483.74102783203125,378.1997985839844,0.9968085885047913,right_hip,434.9007568359375,386.91717529296875,0.9965760111808777,right_knee,545.0587768554688,486.518798828125,0.9915140867233276,right_ankle,509.0056457519531,537.791015625,0.963365912437439,left_hip,532.581298828125,369.4823913574219,0.9970411658287048,left_knee,637.8958740234375,441.6654968261719,0.9920509457588196,left_ankle,513.27978515625,512.0884399414062,0.9688434600830078
Fall__Fall_f_raw_c_1_C_M_102_resized,39,C:\Users\ASUS\Downloads\3D_Human_Pose_NCKH\paper_baselines\lin2021_yolov8_lstm_gru\data\raw_yolov8_keypoints\Fall\Fall_Fall_f_raw_c_1_C_M_102_resized.csv,1,Fall,1,15,nose,621.97021484375,399.9105529785156,0.14431537687778473,neck,577.8449096679688,358.7122802734375,0.9286817908287048,right_shoulder,494.9856872558594,368.8126220703125,0.9361863732337952,right_elbow,445.6263122558594,481.3139953613281,0.9701175093650818,right_wrist,470.7857666015625,582.495849609375,0.9567282795906067,left_shoulder,660.7041015625,348.6119384765625,0.9211772084236145,left_elbow,677.3818969726562,432.71319580078125,0.9620711207389832,left_wrist,678.8114013671875,505.17236328125,0.9522697329521179,mid_hip,493.30682373046875,365.0202941894531,0.9968166947364807,right_hip,438.0244140625,370.23016357421875,0.9966532588005066,right_knee,474.8431396484375,487.0648498535156,0.9871279001235962,right_ankle,441.0461120605469,513.3558959960938,0.9520005583763123,left_hip,548.5892333984375,359.8104248046875,0.9969801306724548,left_knee,639.27880859375,449.931640625,0.9874383807182312,left_ankle,517.4738159179688,501.2801513671875,0.956692636013031
Fall__Fall_f_raw_c_1_C_M_102_resized,40,C:\Users\ASUS\Downloads\3D_Human_Pose_NCKH\paper_baselines\lin2021_yolov8_lstm_gru\data\raw_yolov8_keypoints\Fall\Fall_Fall_f_raw_c_1_C_M_102_resized.csv,1,Fall,1,15,nose,610.8529663085938,406.56744384765625,0.09838758409023285,neck,577.3824462890625,366.6607360839844,0.9231186509132385,right_shoulder,492.7615966796875,375.22705078125,0.9252887964248657,right_elbow,447.2528076171875,491.9334411621094,0.9671041369438171,right_wrist,464.7456970214844,596.2884521484375,0.9499449729919434,left_shoulder,662.0032958984375,358.09442138671875,0.9209485054016113,left_elbow,681.8078002929688,446.1855163574219,0.9655010104179382,left_wrist,675.6341552734375,532.1217651367188,0.9532926082611084,mid_hip,505.0697937011719,366.569580078125,0.997387707233429,right_hip,449.867919921875,371.87255859375,0.9971960783004761,right_knee,490.5853271484375,493.1693115234375,0.9908050298690796,right_ankle,471.75177001953125,541.69140625,0.9651902914047241,left_hip,560.2716674804688,361.2666320800781,0.9975792765617371,left_knee,634.82373046875,462.056884765625,0.9917484521865845,left_ankle,525.2237548828125,508.7554626464844,0.9701756238937378
Fall__Fall_f_raw_c_1_C_M_102_resized,41,C:\Users\ASUS\Downloads\3D_Human_Pose_NCKH\paper_baselines\lin2021_yolov8_lstm_gru\data\raw_yolov8_keypoints\Fall\Fall_Fall_f_raw_c_1_C_M_102_resized.csv,1,Fall,1,15,nose,617.682373046875,418.8284912109375,0.14629201591014862,neck,580.4119262695312,374.4281311035156,0.9383319020271301,right_shoulder,499.1878662109375,383.3085632324219,0.9476465582847595,right_elbow,447.9102478027344,498.72137451171875,0.9749742150306702,right_wrist,459.3503112792969,611.44921875,0.958652675151825,left_shoulder,661.635986328125,365.5476989746094,0.9290173053741455,left_elbow,682.6495361328125,455.7516174316406,0.9633955955505371,left_wrist,671.1758422851562,547.544921875,0.9504062533378601,mid_hip,506.295166015625,365.3351135253906,0.9972927570343018,right_hip,453.5678405761719,371.1959228515625,0.9972714781761169,right_knee,499.53857421875,494.2277526855469,0.9909217953681946,right_ankle,474.56549072265625,539.65869140625,0.9637578129768372,left_hip,559.0225219726562,359.47430419921875,0.9973140358924866,left_knee,637.6780395507812,457.9071960449219,0.9907695651054382,left_ankle,528.9046020507812,501.63995361328125,0.9668828845024109
Fall__Fall_f_raw_c_1_C_M_102_resized,42,C:\Users\ASUS\Downloads\3D_Human_Pose_NCKH\paper_baselines\lin2021_yolov8_lstm_gru\data\raw_yolov8_keypoints\Fall\Fall_Fall_f_raw_c_1_C_M_102_resized.csv,1,Fall,1,15,nose,676.78564453125,428.5439147949219,0.37579455971717834,neck,584.9824829101562,390.2935485839844,0.9261106848716736,right_shoulder,508.3209533691406,398.7215576171875,0.9620703458786011,right_elbow,449.0843200683594,515.9186401367188,0.9715671539306641,right_wrist,462.80670166015625,629.1577758789062,0.9526095390319824,left_shoulder,661.6439819335938,381.86553955078125,0.8901510238647461,left_elbow,680.5640258789062,483.38726806640625,0.9035346508026123,left_wrist,666.648193359375,573.6467895507812,0.8843838572502136,mid_hip,507.3714904785156,364.5989685058594,0.9890959858894348,right_hip,457.0787658691406,372.6596374511719,0.9907488226890564,right_knee,503.8061828613281,514.9852905273438,0.9656566381454468,right_ankle,493.8702392578125,522.7840576171875,0.8574134111404419,left_hip,557.6641845703125,356.5382995605469,0.9874431490898132,left_knee,633.22265625,456.99212646484375,0.9555928707122803,left_ankle,549.1015014648438,490.4184265136719,0.8580890893936157
Fall__Fall_f_raw_c_1_C_M_102_resized,43,C:\Users\ASUS\Downloads\3D_Human_Pose_NCKH\paper_baselines\lin2021_yolov8_lstm_gru\data\raw_yolov8_keypoints\Fall\Fall_Fall_f_raw_c_1_C_M_102_resized.csv,1,Fall,1,15,nose,692.0126953125,431.4805603027344,0.3476570248603821,neck,606.6329956054688,398.6201171875,0.8979805111885071,right_shoulder,534.5647583007812,405.8966369628906,0.9585649371147156,right_elbow,448.15478515625,532.6075439453125,0.9700184464454651,right_wrist,466.4352722167969,644.3176879882812,0.9522312879562378,left_shoulder,678.701171875,391.3435974121094,0.8373960852622986,left_elbow,674.888427734375,494.2922058105469,0.8643551468849182,left_wrist,664.8919677734375,588.6095581054688,0.8654249310493469,mid_hip,517.1005859375,352.0932312011719,0.9869696497917175,right_hip,469.6290283203125,359.1748962402344,0.9899022579193115,right_knee,493.1314392089844,514.8118286132812,0.9559946060180664,right_ankle,490.39202880859375,524.307373046875,0.8385186791419983,left_hip,564.5720825195312,345.01153564453125,0.9840369820594788,left_knee,621.8926391601562,460.47393798828125,0.9358530640602112,left_ankle,572.6259155273438,483.8461608886719,0.8253025412559509
Fall__Fall_f_raw_c_1_C_M_102_resized,44,C:\Users\ASUS\Downloads\3D_Human_Pose_NCKH\paper_baselines\lin2021_yolov8_lstm_gru\data\raw_yolov8_keypoints\Fall\Fall_Fall_f_raw_c_1_C_M_102_resized.csv,1,Fall,1,15,nose,692.301025390625,451.50640869140625,0.37209659814834595,neck,599.9512329101562,415.5440368652344,0.8508764505386353,right_shoulder,526.0794677734375,423.3997497558594,0.9288492202758789,right_elbow,457.4021301269531,551.7932739257812,0.9531969428062439,right_wrist,461.1153259277344,656.2749633789062,0.9404611587524414,left_shoulder,673.8229370117188,407.68829345703125,0.7729037404060364,left_elbow,675.25,514.5986938476562,0.8338792324066162,left_wrist,656.1361694335938,612.5379638671875,0.8514503240585327,mid_hip,527.2228393554688,347.2956848144531,0.9783362746238708,right_hip,475.9279479980469,354.458251953125,0.9825801253318787,right_knee,462.0951232910156,528.074951171875,0.9401251673698425,right_ankle,443.3982238769531,540.7328491210938,0.7908658981323242,left_hip,578.5177001953125,340.13311767578125,0.9740924835205078,left_knee,627.927734375,472.4784240722656,0.9209235906600952,left_ankle,588.135498046875,510.32843017578125,0.7850001454353333
Fall__Fall_f_raw_c_1_C_M_102_resized,45,C:\Users\ASUS\Downloads\3D_Human_Pose_NCKH\paper_baselines\lin2021_yolov8_lstm_gru\data\raw_yolov8_keypoints\Fall\Fall_Fall_f_raw_c_1_C_M_102_resized.csv,1,Fall,1,15,nose,630.1213989257812,477.2319641113281,0.22146175801753998,neck,578.0076293945312,428.38037109375,0.8461268544197083,right_shoulder,512.280029296875,437.5768127441406,0.9099157452583313,right_elbow,428.75347900390625,560.2138671875,0.9507437348365784,right_wrist,455.83660888671875,663.1985473632812,0.9401213526725769,left_shoulder,643.7352294921875,419.1839294433594,0.7823379039764404,left_elbow,652.0125122070312,526.0613403320312,0.8862817287445068,left_wrist,539.6282348632812,648.4724731445312,0.887165904045105,mid_hip,515.49072265625,368.66741943359375,0.9827404022216797,right_hip,471.39581298828125,375.52008056640625,0.9851958751678467,right_knee,486.9184875488281,526.060791015625,0.9436962008476257,right_ankle,484.16717529296875,557.3397827148438,0.8087102770805359,left_hip,559.585693359375,361.81475830078125,0.9802849292755127,left_knee,586.50537109375,484.61883544921875,0.9319243431091309,left_ankle,611.0764770507812,527.4268798828125,0.8014342784881592
Fall__Fall_f_raw_c_1_C_M_102_resized,46,C:\Users\ASUS\Downloads\3D_Human_Pose_NCKH\paper_baselines\lin2021_yolov8_lstm_gru\data\raw_yolov8_keypoints\Fall\Fall_Fall_f_raw_c_1_C_M_102_resized.csv,1,Fall,1,15,nose,548.9098510742188,514.3328857421875,0.2316199690103531,neck,546.795654296875,446.5355529785156,0.8272719383239746,right_shoulder,474.069091796875,454.7102355957031,0.8224198222160339,right_elbow,413.471435546875,562.699462890625,0.9095970988273621,right_wrist,448.35394287109375,658.7361450195312,0.9173638224601746,left_shoulder,619.5221557617188,438.3608703613281,0.8321241140365601,left_elbow,671.54248046875,527.453125,0.9206212759017944,left_wrist,639.2227172851562,641.269287109375,0.9241930246353149,mid_hip,535.7314453125,372.0947570800781,0.9680753350257874,right_hip,486.7722473144531,378.62677001953125,0.9665889739990234,right_knee,491.32232666015625,529.3751220703125,0.8340687155723572,right_ankle,453.58856201171875,524.36181640625,0.5875301361083984,left_hip,584.690673828125,365.5627746582031,0.9695616960525513,left_knee,631.0703735351562,505.62286376953125,0.850334882736206,left_ankle,601.3707885742188,501.9287109375,0.6100991368293762
Fall__Fall_f_raw_c_1_C_M_102_resized,47,C:\Users\ASUS\Downloads\3D_Human_Pose_NCKH\paper_baselines\lin2021_yolov8_lstm_gru\data\raw_yolov8_keypoints\Fall\Fall_Fall_f_raw_c_1_C_M_102_resized.csv,1,Fall,1,15,nose,473.0360412597656,476.0465393066406,0.2965822219848633,neck,503.9322814941406,445.4693298339844,0.838983952999115,right_shoulder,443.90777587890625,456.3559875488281,0.8324507474899292,right_elbow,417.6098327636719,561.1970825195312,0.892787754535675,right_wrist,453.8023376464844,652.7723999023438,0.9000706672668457,left_shoulder,563.956787109375,434.5826416015625,0.8455171585083008,left_elbow,661.4871826171875,532.9169921875,0.9057455658912659,left_wrist,613.444580078125,644.5142822265625,0.896294355392456,mid_hip,613.7821044921875,410.10626220703125,0.9303092956542969,right_hip,574.2590942382812,417.8993225097656,0.9301878809928894,right_knee,563.9808959960938,518.802001953125,0.6333467364311218,right_ankle,529.867919921875,503.01666259765625,0.33425670862197876,left_hip,653.3050537109375,402.313232421875,0.9304307103157043,left_knee,665.9783325195312,511.0556945800781,0.6400227546691895,left_ankle,666.9359741210938,512.4611206054688,0.31219974160194397
Fall__Fall_f_raw_c_1_C_M_102_resized,48,C:\Users\ASUS\Downloads\3D_Human_Pose_NCKH\paper_baselines\lin2021_yolov8_lstm_gru\data\raw_yolov8_keypoints\Fall\Fall_Fall_f_raw_c_1_C_M_102_resized.csv,1,Fall,1,15,nose,581.2506103515625,549.7478637695312,0.5130590200424194,neck,533.223388671875,470.796875,0.8704714775085449,right_shoulder,468.72723388671875,478.08892822265625,0.8672407269477844,right_elbow,400.9848937988281,562.7923583984375,0.8962023258209229,right_wrist,447.0375061035156,655.8428955078125,0.9255600571632385,left_shoulder,597.719482421875,463.50482177734375,0.8737022280693054,left_elbow,646.3511962890625,543.7131958007812,0.9276078343391418,left_wrist,610.339111328125,648.1481323242188,0.9318832755088806,mid_hip,594.811279296875,388.8728942871094,0.9522598385810852,right_hip,553.146484375,400.2219543457031,0.9492054581642151,right_knee,613.4298706054688,563.694580078125,0.7083174586296082,right_ankle,606.9390258789062,542.2763671875,0.35744085907936096,left_hip,636.47607421875,377.5238342285156,0.9553141593933105,left_knee,689.7752685546875,531.6101684570312,0.7513765096664429,left_ankle,710.6744995117188,549.6134033203125,0.385696142911911
Fall__Fall_f_raw_c_1_C_M_102_resized,49,C:\Users\ASUS\Downloads\3D_Human_Pose_NCKH\paper_baselines\lin2021_yolov8_lstm_gru\data\raw_yolov8_keypoints\Fall\Fall_Fall_f_raw_c_1_C_M_102_resized.csv,1,Fall,1,15,nose,423.1242980957031,555.5311279296875,0.318395733833313,neck,465.4866638183594,485.5035400390625,0.6827069520950317,right_shoulder,392.23040771484375,498.1448669433594,0.5122988224029541,right_elbow,399.9324645996094,570.3961791992188,0.6378301382064819,right_wrist,428.6107177734375,630.400146484375,0.7930700182914734,left_shoulder,538.742919921875,472.86224365234375,0.8531150817871094,left_elbow,660.9745483398438,540.6383666992188,0.9281049370765686,left_wrist,610.5352172851562,653.998779296875,0.9361547231674194,mid_hip,583.6173095703125,414.86004638671875,0.8885661363601685,right_hip,533.4478149414062,422.9443359375,0.8577072024345398,right_knee,504.2678527832031,560.2684326171875,0.5292559862136841,right_ankle,478.2118835449219,547.7564086914062,0.30786916613578796,left_hip,633.7868041992188,406.7757568359375,0.9194251298904419,left_knee,635.208740234375,546.3026123046875,0.6962365508079529,left_ankle,615.1337890625,556.5575561523438,0.39514341950416565
Fall__Fall_f_raw_c_1_C_M_102_resized,50,C:\Users\ASUS\Downloads\3D_Human_Pose_NCKH\paper_baselines\lin2021_yolov8_lstm_gru\data\raw_yolov8_keypoints\Fall\Fall_Fall_f_raw_c_1_C_M_102_resized.csv,1,Fall,1,15,nose,408.0426940917969,569.25439453125,0.3711586892604828,neck,453.54022216796875,498.3887023925781,0.7631009221076965,right_shoulder,389.1673583984375,510.5141296386719,0.6368576884269714,right_elbow,397.665771484375,571.9223022460938,0.7331447601318359,right_wrist,435.32806396484375,653.402099609375,0.8395890593528748,left_shoulder,517.9130859375,486.2632751464844,0.8893441557884216,left_elbow,656.298583984375,537.7500610351562,0.9391779899597168,left_wrist,606.7787475585938,650.9586181640625,0.9455779790878296,mid_hip,576.3001098632812,434.5818786621094,0.9372942447662354,right_hip,532.774658203125,442.5529479980469,0.9230893850326538,right_knee,475.5982360839844,576.646240234375,0.7416870594024658,right_ankle,453.027099609375,597.4396362304688,0.5057723522186279,left_hip,619.8255004882812,426.6108093261719,0.9514990448951721,left_knee,589.0654907226562,553.5734252929688,0.8391702771186829,left_ankle,583.926025390625,581.6528930664062,0.5915278792381287
Fall__Fall_f_raw_c_1_C_M_102_resized,51,C:\Users\ASUS\Downloads\3D_Human_Pose_NCKH\paper_baselines\lin2021_yolov8_lstm_gru\data\raw_yolov8_keypoints\Fall\Fall_Fall_f_raw_c_1_C_M_102_resized.csv,1,Fall,1,15,nose,390.8099365234375,546.1143798828125,0.3829219937324524,neck,495.6137390136719,508.75555419921875,0.6668534278869629,right_shoulder,471.2327575683594,516.984375,0.594323992729187,right_elbow,553.7716674804688,560.8359375,0.6988233327865601,right_wrist,550.2095336914062,654.4266967773438,0.779866635799408,left_shoulder,519.9946899414062,500.5267333984375,0.739382803440094,left_elbow,661.70458984375,548.2858276367188,0.7371863126754761,left_wrist,606.52783203125,653.5006103515625,0.7960070967674255,mid_hip,576.6903686523438,431.1129455566406,0.8410913348197937,right_hip,556.3734130859375,432.75506591796875,0.8435717821121216,right_knee,497.3441467285156,517.710205078125,0.7458680868148804,right_ankle,426.1213073730469,552.6663818359375,0.6494945287704468,left_hip,597.00732421875,429.4708251953125,0.8386108875274658,left_knee,609.3709106445312,516.253173828125,0.7358454465866089,left_ankle,606.9712524414062,556.1986083984375,0.6296600699424744
Fall__Fall_f_raw_c_1_C_M_102_resized,52,C:\Users\ASUS\Downloads\3D_Human_Pose_NCKH\paper_baselines\lin2021_yolov8_lstm_gru\data\raw_yolov8_keypoints\Fall\Fall_Fall_f_raw_c_1_C_M_102_resized.csv,1,Fall,1,15,nose,658.3130493164062,614.9080810546875,0.2796133756637573,neck,602.49365234375,515.3117065429688,0.5518220067024231,right_shoulder,524.2799682617188,504.966064453125,0.5884385108947754,right_elbow,350.99462890625,549.520751953125,0.6459048390388489,right_wrist,422.5072326660156,622.0199584960938,0.7634520530700684,left_shoulder,680.707275390625,525.6572875976562,0.5152055025100708,left_elbow,653.3135986328125,589.8958129882812,0.6698872447013855,left_wrist,581.5361938476562,644.607666015625,0.7598423361778259,mid_hip,569.5679321289062,431.28314208984375,0.7733922004699707,right_hip,520.511474609375,432.57781982421875,0.7744791507720947,right_knee,514.858154296875,543.8905639648438,0.629020631313324,right_ankle,502.90960693359375,587.4317016601562,0.3931225538253784,left_hip,618.6243896484375,429.98846435546875,0.7723051905632019,left_knee,613.9459838867188,523.9824829101562,0.6733965277671814,left_ankle,609.4736938476562,575.4595336914062,0.43892398476600647
Fall__Fall_f_raw_c_1_C_M_102_resized,53,C:\Users\ASUS\Downloads\3D_Human_Pose_NCKH\paper_baselines\lin2021_yolov8_lstm_gru\data\raw_yolov8_keypoints\Fall\Fall_Fall_f_raw_c_1_C_M_102_resized.csv,1,Fall,1,15,nose,478.96978759765625,679.9503173828125,0.3509126305580139,neck,496.52593994140625,551.9319458007812,0.7877987027168274,right_shoulder,430.5762023925781,557.6587524414062,0.8025957345962524,right_elbow,345.8094177246094,587.4638671875,0.7734541296958923,right_wrist,439.11553955078125,642.64013671875,0.8000763058662415,left_shoulder,562.4757080078125,546.205078125,0.7730016708374023,left_elbow,661.5974731445312,566.2305908203125,0.8286924362182617,left_wrist,605.926513671875,650.7288208007812,0.8105962872505188,mid_hip,647.3939819335938,453.9138488769531,0.9479344487190247,right_hip,606.8175048828125,468.89154052734375,0.9483998417854309,right_knee,752.0103759765625,539.0888061523438,0.8047440052032471,right_ankle,898.5650024414062,563.4669799804688,0.6000140309333801,left_hip,687.970458984375,438.9361572265625,0.9474689960479736,left_knee,779.6473388671875,527.1797485351562,0.8080117106437683,left_ankle,952.11376953125,558.515625,0.5617498159408569
Fall__Fall_f_raw_c_1_C_M_102_resized,56,C:\Users\ASUS\Downloads\3D_Human_Pose_NCKH\paper_baselines\lin2021_yolov8_lstm_gru\data\raw_yolov8_keypoints\Fall\Fall_Fall_f_raw_c_1_C_M_102_resized.csv,1,Fall,1,15,nose,688.8760375976562,506.87054443359375,0.09192119538784027,neck,671.1807861328125,537.0520629882812,0.809158444404602,right_shoulder,659.3280029296875,535.24072265625,0.881575882434845,right_elbow,539.0424194335938,605.5519409179688,0.8659303784370422,right_wrist,588.8448486328125,651.842529296875,0.7554050087928772,left_shoulder,683.0335693359375,538.8634643554688,0.7367410063743591,left_elbow,547.4827880859375,603.8453369140625,0.676062285900116,left_wrist,581.4276123046875,633.7940063476562,0.6399886012077332,mid_hip,515.6045532226562,544.3516235351562,0.9360880851745605,right_hip,507.7313232421875,539.3733520507812,0.9465678334236145,right_knee,434.4530334472656,590.43359375,0.8737931251525879,right_ankle,344.0926208496094,595.1509399414062,0.7517899870872498,left_hip,523.477783203125,549.3298950195312,0.9256082773208618,left_knee,455.47576904296875,583.9545288085938,0.8486388325691223,left_ankle,359.227783203125,581.39013671875,0.742630660533905
Fall__Fall_f_raw_c_1_C_M_102_resized,57,C:\Users\ASUS\Downloads\3D_Human_Pose_NCKH\paper_baselines\lin2021_yolov8_lstm_gru\data\raw_yolov8_keypoints\Fall\Fall_Fall_f_raw_c_1_C_M_102_resized.csv,1,Fall,1,15,nose,633.84521484375,543.2957763671875,0.03935275971889496,neck,624.0537719726562,526.0907592773438,0.7220256924629211,right_shoulder,610.8226928710938,534.5928955078125,0.8419513702392578,right_elbow,575.187255859375,599.7774658203125,0.900801420211792,right_wrist,573.6752319335938,662.1351928710938,0.8451156616210938,left_shoulder,637.2848510742188,517.588623046875,0.6020999550819397,left_elbow,595.09423828125,561.1636352539062,0.7113841772079468,left_wrist,528.913818359375,643.8980712890625,0.7539336681365967,mid_hip,469.9908142089844,556.0713500976562,0.964326024055481,right_hip,460.23187255859375,554.923828125,0.9715506434440613,right_knee,421.46319580078125,622.8179931640625,0.9186468124389648,right_ankle,332.29888916015625,609.36962890625,0.8291761875152588,left_hip,479.749755859375,557.2188720703125,0.9571014046669006,left_knee,453.0769958496094,607.3760375976562,0.8911699056625366,left_ankle,365.71368408203125,598.5028686523438,0.8109951019287109
Fall__Fall_f_raw_c_1_C_M_102_resized,58,C:\Users\ASUS\Downloads\3D_Human_Pose_NCKH\paper_baselines\lin2021_yolov8_lstm_gru\data\raw_yolov8_keypoints\Fall\Fall_Fall_f_raw_c_1_C_M_102_resized.csv,1,Fall,1,15,nose,673.2764892578125,558.8557739257812,0.12184356898069382,neck,630.7470703125,544.7833251953125,0.8158984184265137,right_shoulder,621.3016967773438,551.5276489257812,0.8874732851982117,right_elbow,552.9768676757812,620.089599609375,0.8713461756706238,right_wrist,501.5966796875,674.8466186523438,0.804088294506073,left_shoulder,640.1923828125,538.0390625,0.7443235516548157,left_elbow,605.7830200195312,590.56591796875,0.7460411787033081,left_wrist,604.6268310546875,663.160888671875,0.7304299473762512,mid_hip,476.8656311035156,548.4881591796875,0.9569295048713684,right_hip,471.5341491699219,547.7305297851562,0.9627212285995483,right_knee,410.4955749511719,643.0772094726562,0.9020110368728638,right_ankle,314.45355224609375,614.4192504882812,0.7698902487754822,left_hip,482.1971130371094,549.2457885742188,0.9511378407478333,left_knee,435.053466796875,619.9069213867188,0.8864636421203613,left_ankle,338.8282165527344,599.7621459960938,0.7724967002868652
Fall__Fall_f_raw_c_1_C_M_102_resized,60,C:\Users\ASUS\Downloads\3D_Human_Pose_NCKH\paper_baselines\lin2021_yolov8_lstm_gru\data\raw_yolov8_keypoints\Fall\Fall_Fall_f_raw_c_1_C_M_102_resized.csv,1,Fall,1,15,nose,661.0413818359375,601.3316650390625,0.3403262495994568,neck,581.6182861328125,578.4708251953125,0.8746920824050903,right_shoulder,569.545166015625,597.8973388671875,0.9695344567298889,right_elbow,522.3240356445312,657.268310546875,0.9539149403572083,right_wrist,535.491455078125,683.3868408203125,0.8891147375106812,left_shoulder,593.6913452148438,559.0443115234375,0.7798497080802917,left_elbow,585.8155517578125,558.8792724609375,0.6176961660385132,left_wrist,612.7809448242188,604.7999877929688,0.6030005216598511,mid_hip,429.13165283203125,601.4157104492188,0.9448603987693787,right_hip,421.6028137207031,607.0721435546875,0.9654783606529236,right_knee,387.37713623046875,672.0684814453125,0.8755446076393127,right_ankle,292.8719787597656,641.1119384765625,0.656693160533905,left_hip,436.6605224609375,595.75927734375,0.924242377281189,left_knee,401.91644287109375,643.7737426757812,0.779240071773529,left_ankle,302.8831481933594,618.7305908203125,0.591780424118042
Fall__Fall_f_raw_c_1_C_M_102_resized,64,C:\Users\ASUS\Downloads\3D_Human_Pose_NCKH\paper_baselines\lin2021_yolov8_lstm_gru\data\raw_yolov8_keypoints\Fall\Fall_Fall_f_raw_c_1_C_M_102_resized.csv,1,Fall,1,15,nose,569.1524658203125,639.2306518554688,0.2500304579734802,neck,532.1537475585938,618.5851440429688,0.848042905330658,right_shoulder,548.1908569335938,609.676025390625,0.8938294053077698,right_elbow,610.2589111328125,556.413330078125,0.9239112734794617,right_wrist,590.286376953125,626.104736328125,0.8896229267120361,left_shoulder,516.1165771484375,627.4942626953125,0.8022564053535461,left_elbow,609.8297729492188,571.0490112304688,0.7468343377113342,left_wrist,602.6488647460938,634.002685546875,0.7557193040847778,mid_hip,375.0858154296875,578.0554809570312,0.9308087825775146,right_hip,385.4598388671875,568.34521484375,0.9437750577926636,right_knee,341.62652587890625,634.368896484375,0.8032829761505127,right_ankle,268.0344543457031,646.5846557617188,0.529052197933197,left_hip,364.7117919921875,587.7657470703125,0.917842447757721,left_knee,339.95526123046875,643.5799560546875,0.7299104928970337,left_ankle,309.7878112792969,632.833984375,0.48993760347366333
Fall__Fall_f_raw_c_1_C_M_102_resized,65,C:\Users\ASUS\Downloads\3D_Human_Pose_NCKH\paper_baselines\lin2021_yolov8_lstm_gru\data\raw_yolov8_keypoints\Fall\Fall_Fall_f_raw_c_1_C_M_102_resized.csv,1,Fall,1,15,nose,560.884033203125,641.9024658203125,0.43016910552978516,neck,519.4951782226562,629.24951171875,0.9048980474472046,right_shoulder,539.4146728515625,618.6229858398438,0.9133214354515076,right_elbow,605.105712890625,549.2046508789062,0.9026270508766174,right_wrist,585.3308715820312,630.5772705078125,0.8530469536781311,left_shoulder,499.5755920410156,639.8759765625,0.8964745998382568,left_elbow,603.990478515625,573.7644653320312,0.8205214738845825,left_wrist,603.2374267578125,641.2838134765625,0.8088334798812866,mid_hip,349.33966064453125,591.4545288085938,0.9304443001747131,right_hip,361.6132507324219,581.7706909179688,0.9349730610847473,right_knee,324.9810791015625,637.3822631835938,0.7835115194320679,right_ankle,244.49197387695312,654.5362548828125,0.5591589212417603,left_hip,337.0660705566406,601.1383666992188,0.925915539264679,left_knee,316.35821533203125,639.0125732421875,0.7546610236167908,left_ankle,272.3992614746094,622.6807250976562,0.5705540180206299
Fall__Fall_f_raw_c_1_C_M_102_resized,66,C:\Users\ASUS\Downloads\3D_Human_Pose_NCKH\paper_baselines\lin2021_yolov8_lstm_gru\data\raw_yolov8_keypoints\Fall\Fall_Fall_f_raw_c_1_C_M_102_resized.csv,1,Fall,1,15,nose,556.3716430664062,654.0573120117188,0.7594476342201233,neck,502.787353515625,640.2875366210938,0.9512860178947449,right_shoulder,530.2611083984375,618.9981079101562,0.9596405029296875,right_elbow,602.900634765625,554.1896362304688,0.9166227579116821,right_wrist,592.7399291992188,655.7280883789062,0.8431995511054993,left_shoulder,475.3136291503906,661.5769653320312,0.9429314732551575,left_elbow,557.825927734375,625.1600341796875,0.8230311274528503,left_wrist,599.4593505859375,674.3262329101562,0.7861446142196655,mid_hip,341.5085754394531,572.7625122070312,0.9288659691810608,right_hip,357.22705078125,561.110595703125,0.9357056617736816,right_knee,331.108642578125,609.8132934570312,0.8253827095031738,right_ankle,259.4783935546875,615.5435791015625,0.6883576512336731,left_hip,325.7901306152344,584.4143676757812,0.9220262765884399,left_knee,315.5890197753906,614.7239379882812,0.7919122576713562,left_ankle,278.61065673828125,588.4645385742188,0.6956475377082825
Fall__Fall_f_raw_c_1_C_M_102_resized,67,C:\Users\ASUS\Downloads\3D_Human_Pose_NCKH\paper_baselines\lin2021_yolov8_lstm_gru\data\raw_yolov8_keypoints\Fall\Fall_Fall_f_raw_c_1_C_M_102_resized.csv,1,Fall,1,15,nose,552.78271484375,656.7916870117188,0.5780421495437622,neck,491.9551696777344,638.3272705078125,0.9242682456970215,right_shoulder,511.38519287109375,619.072509765625,0.9406166076660156,right_elbow,589.1480102539062,546.8189697265625,0.9219651818275452,right_wrist,587.4248046875,652.5958251953125,0.864849865436554,left_shoulder,472.5251159667969,657.5819702148438,0.9079198837280273,left_elbow,569.4039916992188,607.1150512695312,0.8100090622901917,left_wrist,595.9898071289062,671.2059936523438,0.7907662987709045,mid_hip,334.39532470703125,581.24951171875,0.9418596029281616,right_hip,344.73345947265625,570.5372924804688,0.9485405683517456,right_knee,320.5595703125,633.0103149414062,0.8649159669876099,right_ankle,244.2900848388672,652.7178344726562,0.6942416429519653,left_hip,324.0571594238281,591.9617309570312,0.9351785778999329,left_knee,316.3653564453125,632.5501098632812,0.8331055641174316,left_ankle,276.71441650390625,617.10791015625,0.6994048953056335
Fall__Fall_f_raw_c_1_C_M_102_resized,68,C:\Users\ASUS\Downloads\3D_Human_Pose_NCKH\paper_baselines\lin2021_yolov8_lstm_gru\data\raw_yolov8_keypoints\Fall\Fall_Fall_f_raw_c_1_C_M_102_resized.csv,1,Fall,1,15,nose,546.6167602539062,667.423095703125,0.7093608975410461,neck,483.2537536621094,631.0218505859375,0.9094246029853821,right_shoulder,501.19549560546875,621.89208984375,0.9037580490112305,right_elbow,590.0782470703125,549.6578369140625,0.8593472838401794,right_wrist,593.2488403320312,657.9976806640625,0.813941478729248,left_shoulder,465.31201171875,640.151611328125,0.9150910973548889,left_elbow,596.1062622070312,568.1395263671875,0.8292112946510315,left_wrist,599.9564208984375,662.6966552734375,0.829344630241394,mid_hip,314.54083251953125,592.25439453125,0.8553709387779236,right_hip,323.228515625,585.7586059570312,0.849524199962616,right_knee,315.5328369140625,638.1126098632812,0.5880135893821716,right_ankle,236.0504913330078,639.0845947265625,0.34397003054618835,left_hip,305.8531494140625,598.750244140625,0.8612176775932312,left_knee,317.5437927246094,625.3868408203125,0.6015118956565857,left_ankle,283.450927734375,601.6179809570312,0.39795923233032227
Fall__Fall_f_raw_c_1_C_M_102_resized,69,C:\Users\ASUS\Downloads\3D_Human_Pose_NCKH\paper_baselines\lin2021_yolov8_lstm_gru\data\raw_yolov8_keypoints\Fall\Fall_Fall_f_raw_c_1_C_M_102_resized.csv,1,Fall,1,15,nose,547.2210693359375,670.4212646484375,0.7389075756072998,neck,488.8039245605469,640.3812866210938,0.9049083590507507,right_shoulder,503.8837585449219,628.14501953125,0.8872882127761841,right_elbow,572.769287109375,546.9177856445312,0.828201413154602,right_wrist,595.267822265625,649.7211303710938,0.787225067615509,left_shoulder,473.72406005859375,652.6175537109375,0.9225285053253174,left_elbow,592.7289428710938,568.1868286132812,0.8450279831886292,left_wrist,601.88916015625,657.16845703125,0.8462981581687927,mid_hip,307.4462890625,591.0564575195312,0.8407168388366699,right_hip,314.90264892578125,582.6092529296875,0.8243393898010254,right_knee,319.6551513671875,638.0857543945312,0.5545435547828674,right_ankle,228.26612854003906,639.1707763671875,0.3134385943412781,left_hip,299.98992919921875,599.5037231445312,0.8570942878723145,left_knee,306.689697265625,635.0775756835938,0.6007717847824097,left_ankle,274.2802429199219,610.5872192382812,0.3805214762687683
Fall__Fall_f_raw_c_1_C_M_102_resized,70,C:\Users\ASUS\Downloads\3D_Human_Pose_NCKH\paper_baselines\lin2021_yolov8_lstm_gru\data\raw_yolov8_keypoints\Fall\Fall_Fall_f_raw_c_1_C_M_102_resized.csv,1,Fall,1,15,nose,545.1266479492188,674.4801025390625,0.7634956240653992,neck,483.4578857421875,645.29443359375,0.9282681941986084,right_shoulder,496.8596496582031,637.1728515625,0.9078542590141296,right_elbow,569.658935546875,563.944091796875,0.8348506689071655,right_wrist,592.771484375,647.5015869140625,0.7837474942207336,left_shoulder,470.05609130859375,653.416015625,0.9486821293830872,left_elbow,575.0973510742188,582.8440551757812,0.8941585421562195,left_wrist,597.3735961914062,655.9953002929688,0.8761939406394958,mid_hip,321.0626525878906,578.5667114257812,0.8990245461463928,right_hip,327.1134948730469,573.01025390625,0.8822949528694153,right_knee,312.0810546875,653.4259033203125,0.6852053999900818,right_ankle,233.53384399414062,654.3349609375,0.42290711402893066,left_hip,315.0118103027344,584.1231689453125,0.9157540798187256,left_knee,312.21343994140625,637.4012451171875,0.7556929588317871,left_ankle,274.7796630859375,620.7252807617188,0.5230159759521484
Fall__Fall_f_raw_c_1_C_M_102_resized,71,C:\Users\ASUS\Downloads\3D_Human_Pose_NCKH\paper_baselines\lin2021_yolov8_lstm_gru\data\raw_yolov8_keypoints\Fall\Fall_Fall_f_raw_c_1_C_M_102_resized.csv,1,Fall,1,15,nose,540.8751220703125,677.3650512695312,0.6536666750907898,neck,475.0418701171875,636.7005004882812,0.9126889109611511,right_shoulder,493.7105712890625,625.3627319335938,0.8989492654800415,right_elbow,554.1107788085938,557.2759399414062,0.8626385927200317,right_wrist,592.3983154296875,640.0321044921875,0.8205837607383728,left_shoulder,456.3731689453125,648.038330078125,0.926428496837616,left_elbow,552.886474609375,579.5919189453125,0.8784351944923401,left_wrist,598.00830078125,648.8954467773438,0.8625370860099792,mid_hip,322.7020568847656,574.0557250976562,0.9068124890327454,right_hip,333.5035095214844,568.2142944335938,0.8959528207778931,right_knee,350.623046875,622.193115234375,0.7622511982917786,right_ankle,255.4247283935547,633.6265258789062,0.5129489302635193,left_hip,311.900634765625,579.8970947265625,0.9176721572875977,left_knee,333.1183776855469,617.210205078125,0.8000590801239014,left_ankle,299.21392822265625,612.4074096679688,0.5848400592803955
Fall__Fall_f_raw_c_1_C_M_102_resized,72,C:\Users\ASUS\Downloads\3D_Human_Pose_NCKH\paper_baselines\lin2021_yolov8_lstm_gru\data\raw_yolov8_keypoints\Fall\Fall_Fall_f_raw_c_1_C_M_102_resized.csv,1,Fall,1,15,nose,542.1444091796875,678.6053466796875,0.870290219783783,neck,481.8500671386719,647.7103271484375,0.9366310238838196,right_shoulder,515.146240234375,644.9029541015625,0.9114004373550415,right_elbow,579.7550048828125,579.30029296875,0.789401113986969,right_wrist,590.5105590820312,637.0023193359375,0.7580455541610718,left_shoulder,448.55389404296875,650.5177001953125,0.9618615508079529,left_elbow,549.0513305664062,584.4415283203125,0.9020941853523254,left_wrist,592.1004638671875,646.1286010742188,0.8846357464790344,mid_hip,334.5120849609375,549.5054931640625,0.8505655527114868,right_hip,353.6953430175781,547.4204711914062,0.8183580040931702,right_knee,357.9079284667969,629.9177856445312,0.6268213987350464,right_ankle,242.61561584472656,626.9622192382812,0.37933972477912903,left_hip,315.32879638671875,551.5904541015625,0.8827731013298035,left_knee,335.95672607421875,612.1024780273438,0.7314354777336121,left_ankle,302.58197021484375,596.1565551757812,0.4954902231693268
Fall__Fall_f_raw_c_1_C_M_102_resized,73,C:\Users\ASUS\Downloads\3D_Human_Pose_NCKH\paper_baselines\lin2021_yolov8_lstm_gru\data\raw_yolov8_keypoints\Fall\Fall_Fall_f_raw_c_1_C_M_102_resized.csv,1,Fall,1,15,nose,545.4895629882812,680.4150390625,0.8580098748207092,neck,473.9474792480469,652.119873046875,0.9423796534538269,right_shoulder,507.1058349609375,639.6699829101562,0.9275431036949158,right_elbow,565.115234375,566.799560546875,0.8012064695358276,right_wrist,598.8089599609375,637.9312133789062,0.7274951338768005,left_shoulder,440.7890930175781,664.5697021484375,0.9572162628173828,left_elbow,536.8135375976562,590.5390625,0.8691267371177673,left_wrist,604.4685668945312,649.21435546875,0.8374201059341431,mid_hip,320.5816345214844,571.37158203125,0.8426541686058044,right_hip,340.01385498046875,566.14013671875,0.8173702359199524,right_knee,375.6902160644531,620.0665283203125,0.6040259003639221,right_ankle,277.58740234375,615.57080078125,0.40651169419288635,left_hip,301.1494140625,576.60302734375,0.8679381012916565,left_knee,328.0895080566406,619.61962890625,0.6794453859329224,left_ankle,300.34527587890625,598.0939331054688,0.49677911400794983
Fall__Fall_f_raw_c_1_C_M_102_resized,74,C:\Users\ASUS\Downloads\3D_Human_Pose_NCKH\paper_baselines\lin2021_yolov8_lstm_gru\data\raw_yolov8_keypoints\Fall\Fall_Fall_f_raw_c_1_C_M_102_resized.csv,1,Fall,1,15,nose,542.0828857421875,683.0029907226562,0.7792534232139587,neck,476.35516357421875,642.2222900390625,0.9161584973335266,right_shoulder,494.6319885253906,638.2025756835938,0.886932909488678,right_elbow,552.3121337890625,572.1741333007812,0.8131693005561829,right_wrist,590.1853637695312,629.7623291015625,0.7900117039680481,left_shoulder,458.0783386230469,646.2420043945312,0.94538414478302,left_elbow,540.31787109375,581.8453979492188,0.9072292447090149,left_wrist,594.4791259765625,642.806640625,0.894331157207489,mid_hip,325.16802978515625,576.5723266601562,0.8810340166091919,right_hip,334.1602478027344,575.6575927734375,0.854710042476654,right_knee,351.0896911621094,627.0020751953125,0.722597599029541,right_ankle,250.87167358398438,632.0076293945312,0.49223560094833374,left_hip,316.17584228515625,577.4869995117188,0.9073579907417297,left_knee,360.9303283691406,596.3619384765625,0.8049577474594116,left_ankle,320.1825256347656,591.3236694335938,0.6083588600158691
Fall__Fall_f_raw_c_1_C_M_102_resized,75,C:\Users\ASUS\Downloads\3D_Human_Pose_NCKH\paper_baselines\lin2021_yolov8_lstm_gru\data\raw_yolov8_keypoints\Fall\Fall_Fall_f_raw_c_1_C_M_102_resized.csv,1,Fall,1,15,nose,544.93701171875,684.4580078125,0.768542468547821,neck,480.2815246582031,641.0845336914062,0.9059224724769592,right_shoulder,498.5394592285156,636.1328735351562,0.8704422116279602,right_elbow,562.435302734375,573.1302490234375,0.7766476273536682,right_wrist,591.9945068359375,632.258056640625,0.7453397512435913,left_shoulder,462.0235900878906,646.0361328125,0.9414027333259583,left_elbow,543.2858276367188,585.4027099609375,0.9011051654815674,left_wrist,594.281005859375,643.4857788085938,0.8836274147033691,mid_hip,325.5191955566406,580.7220458984375,0.8633204102516174,right_hip,334.118896484375,579.0463256835938,0.8309217691421509,right_knee,342.684326171875,627.69873046875,0.6897786855697632,right_ankle,254.07310485839844,632.6128540039062,0.4649086892604828,left_hip,316.91949462890625,582.3977661132812,0.895719051361084,left_knee,355.00518798828125,599.59033203125,0.7885382771492004,left_ankle,319.3160705566406,594.302490234375,0.5894349217414856
Fall__Fall_f_raw_c_1_C_M_102_resized,76,C:\Users\ASUS\Downloads\3D_Human_Pose_NCKH\paper_baselines\lin2021_yolov8_lstm_gru\data\raw_yolov8_keypoints\Fall\Fall_Fall_f_raw_c_1_C_M_102_resized.csv,1,Fall,1,15,nose,546.9642944335938,684.6798706054688,0.7841945290565491,neck,484.048095703125,640.50341796875,0.9218738675117493,right_shoulder,506.2886962890625,634.6958618164062,0.896900475025177,right_elbow,570.6861572265625,571.7483520507812,0.8071982860565186,right_wrist,592.2678833007812,630.0083618164062,0.7667407989501953,left_shoulder,461.8074951171875,646.3109741210938,0.9468472003936768,left_elbow,544.716064453125,586.0885009765625,0.899817705154419,left_wrist,594.336181640625,642.0344848632812,0.8797680139541626,mid_hip,334.54656982421875,570.0007934570312,0.8879164457321167,right_hip,346.27618408203125,567.32568359375,0.8651413917541504,right_knee,343.0119323730469,621.1727905273438,0.7522523999214172,right_ankle,251.20777893066406,630.5532836914062,0.5316527485847473,left_hip,322.81695556640625,572.6759033203125,0.910691499710083,left_knee,348.5503234863281,600.131591796875,0.8256268501281738,left_ankle,313.7392883300781,596.0888671875,0.6396781802177429
Fall__Fall_f_raw_c_1_C_M_102_resized,77,C:\Users\ASUS\Downloads\3D_Human_Pose_NCKH\paper_baselines\lin2021_yolov8_lstm_gru\data\raw_yolov8_keypoints\Fall\Fall_Fall_f_raw_c_1_C_M_102_resized.csv,1,Fall,1,15,nose,552.2933349609375,683.3060302734375,0.8140869140625,neck,485.1959533691406,650.3972778320312,0.9076432585716248,right_shoulder,493.69195556640625,647.9215698242188,0.8644912242889404,right_elbow,571.1121215820312,584.2041015625,0.7257508039474487,right_wrist,593.29052734375,639.0026245117188,0.6829736232757568,left_shoulder,476.699951171875,652.8729858398438,0.9507952928543091,left_elbow,554.75341796875,587.4646606445312,0.9016678333282471,left_wrist,594.8238525390625,647.8528442382812,0.8783356547355652,mid_hip,336.8916015625,571.2921752929688,0.8466266393661499,right_hip,336.26092529296875,569.70947265625,0.8049649596214294,right_knee,302.1309509277344,662.5962524414062,0.5270124673843384,right_ankle,236.7860107421875,641.0165405273438,0.33186519145965576,left_hip,337.5222473144531,572.8748779296875,0.8882882595062256,left_knee,356.8556823730469,630.2582397460938,0.6793485283851624,left_ankle,311.8069152832031,606.8001708984375,0.47616368532180786
Fall__Fall_f_raw_c_1_C_M_102_resized,78,C:\Users\ASUS\Downloads\3D_Human_Pose_NCKH\paper_baselines\lin2021_yolov8_lstm_gru\data\raw_yolov8_keypoints\Fall\Fall_Fall_f_raw_c_1_C_M_102_resized.csv,1,Fall,1,15,nose,548.9008178710938,684.9910888671875,0.7488151788711548,neck,481.3470764160156,641.2879028320312,0.9085214138031006,right_shoulder,497.1038513183594,639.3448486328125,0.8768607974052429,right_elbow,572.5343017578125,582.4727783203125,0.7990909218788147,right_wrist,593.9183959960938,633.5968017578125,0.7735685110092163,left_shoulder,465.59033203125,643.23095703125,0.9401819705963135,left_elbow,548.8833618164062,586.3294677734375,0.9082121253013611,left_wrist,594.0308227539062,644.2697143554688,0.8942874073982239,mid_hip,331.3158264160156,580.1624755859375,0.8842489123344421,right_hip,336.89849853515625,580.1123046875,0.8567689657211304,right_knee,343.23529052734375,623.5122680664062,0.7292513847351074,right_ankle,257.7363586425781,626.884521484375,0.5144141912460327,left_hip,325.733154296875,580.2127075195312,0.9117287993431091,left_knee,384.8553771972656,591.771484375,0.8164243698120117,left_ankle,345.6085205078125,586.751953125,0.6338624954223633
Fall__Fall_f_raw_c_1_C_M_102_resized,79,C:\Users\ASUS\Downloads\3D_Human_Pose_NCKH\paper_baselines\lin2021_yolov8_lstm_gru\data\raw_yolov8_keypoints\Fall\Fall_Fall_f_raw_c_1_C_M_102_resized.csv,1,Fall,1,15,nose,547.6024780273438,684.5248413085938,0.771074116230011,neck,484.71356201171875,642.3026733398438,0.914298951625824,right_shoulder,503.8146667480469,637.8034057617188,0.8849439024925232,right_elbow,575.0300903320312,575.3182373046875,0.8031710386276245,right_wrist,593.6876831054688,632.4312133789062,0.771858274936676,left_shoulder,465.6124572753906,646.8018798828125,0.9436540603637695,left_elbow,548.3598022460938,586.5726318359375,0.906758725643158,left_wrist,594.8886108398438,643.7047119140625,0.8915489315986633,mid_hip,327.1479797363281,583.1557006835938,0.8766385912895203,right_hip,335.15948486328125,581.7489013671875,0.8485797643661499,right_knee,346.23870849609375,619.2943725585938,0.7074764966964722,right_ankle,260.1571960449219,621.6766357421875,0.49033045768737793,left_hip,319.136474609375,584.5625,0.9046974182128906,left_knee,377.6375732421875,591.468017578125,0.7949349880218506,left_ankle,341.6519775390625,581.8844604492188,0.6058602929115295
Fall__Fall_f_raw_c_1_C_M_102_resized,80,C:\Users\ASUS\Downloads\3D_Human_Pose_NCKH\paper_baselines\lin2021_yolov8_lstm_gru\data\raw_yolov8_keypoints\Fall\Fall_Fall_f_raw_c_1_C_M_102_resized.csv,1,Fall,1,15,nose,548.5208740234375,685.8310546875,0.7192975878715515,neck,484.53851318359375,641.6226806640625,0.9133810997009277,right_shoulder,499.49407958984375,637.7139282226562,0.8869040608406067,right_elbow,565.2670288085938,576.59814453125,0.8122841119766235,right_wrist,590.4290161132812,632.1904907226562,0.7689080238342285,left_shoulder,469.5829162597656,645.5314331054688,0.9398581385612488,left_elbow,544.1465454101562,586.9241333007812,0.9012614488601685,left_wrist,592.675048828125,644.5687866210938,0.8806930780410767,mid_hip,328.6509704589844,582.523681640625,0.9020942449569702,right_hip,334.6977233886719,580.9174194335938,0.8817329406738281,right_knee,327.6864318847656,631.7416381835938,0.7719468474388123,right_ankle,247.96795654296875,644.49169921875,0.5582499504089355,left_hip,322.6042175292969,584.1299438476562,0.9224555492401123,left_knee,356.60736083984375,602.7981567382812,0.8402851819992065,left_ankle,312.757568359375,602.6593627929688,0.6653695702552795
Fall__Fall_f_raw_c_1_C_M_102_resized,81,C:\Users\ASUS\Downloads\3D_Human_Pose_NCKH\paper_baselines\lin2021_yolov8_lstm_gru\data\raw_yolov8_keypoints\Fall\Fall_Fall_f_raw_c_1_C_M_102_resized.csv,1,Fall,1,15,nose,555.3048706054688,687.201416015625,0.8108242750167847,neck,479.5137939453125,647.0208740234375,0.8995975852012634,right_shoulder,485.81512451171875,639.7689819335938,0.8656755089759827,right_elbow,561.5719604492188,576.3389892578125,0.7334066033363342,right_wrist,597.9517822265625,639.83544921875,0.6776372790336609,left_shoulder,473.21246337890625,654.272705078125,0.933519721031189,left_elbow,552.6198120117188,592.21337890625,0.8660417795181274,left_wrist,600.3235473632812,648.4402465820312,0.8479467034339905,mid_hip,313.9738464355469,603.7640380859375,0.8145914077758789,right_hip,310.5444641113281,601.1005249023438,0.7748276591300964,right_knee,297.89642333984375,666.6690063476562,0.5248458981513977,right_ankle,225.784423828125,659.2228393554688,0.3324163556098938,left_hip,317.40325927734375,606.4276123046875,0.8543552160263062,left_knee,364.66729736328125,638.2677001953125,0.6454800963401794,left_ankle,310.78594970703125,624.8430786132812,0.4588065445423126
Fall__Fall_f_raw_c_1_C_M_102_resized,82,C:\Users\ASUS\Downloads\3D_Human_Pose_NCKH\paper_baselines\lin2021_yolov8_lstm_gru\data\raw_yolov8_keypoints\Fall\Fall_Fall_f_raw_c_1_C_M_102_resized.csv,1,Fall,1,15,nose,547.8492431640625,684.7869262695312,0.7212865948677063,neck,486.7485046386719,644.0728759765625,0.9172125458717346,right_shoulder,496.4484558105469,639.106689453125,0.894709050655365,right_elbow,549.8908081054688,581.06982421875,0.8313673734664917,right_wrist,587.6830444335938,632.1395263671875,0.7888727188110352,left_shoulder,477.04852294921875,649.0391235351562,0.939716100692749,left_elbow,540.0956420898438,591.7621459960938,0.9021336436271667,left_wrist,592.5224609375,644.9616088867188,0.883620023727417,mid_hip,332.16448974609375,584.1055297851562,0.9117547273635864,right_hip,334.4637451171875,581.9414672851562,0.8946920037269592,right_knee,323.89337158203125,646.996337890625,0.7711097598075867,right_ankle,242.33258056640625,655.2730102539062,0.5295307040214539,left_hip,329.8652648925781,586.2695922851562,0.9288173913955688,left_knee,364.3740539550781,621.8887329101562,0.8348750472068787,left_ankle,314.5173034667969,614.568115234375,0.6322880387306213
Fall__Fall_f_raw_c_1_C_M_102_resized,83,C:\Users\ASUS\Downloads\3D_Human_Pose_NCKH\paper_baselines\lin2021_yolov8_lstm_gru\data\raw_yolov8_keypoints\Fall\Fall_Fall_f_raw_c_1_C_M_102_resized.csv,1,Fall,1,15,nose,548.4973754882812,679.71337890625,0.8297973275184631,neck,492.2325134277344,658.7394409179688,0.9286662340164185,right_shoulder,507.51055908203125,650.7823486328125,0.8994013071060181,right_elbow,567.4069213867188,581.765625,0.7644628882408142,right_wrist,590.191650390625,637.3412475585938,0.6917850375175476,left_shoulder,476.9544372558594,666.6964721679688,0.9579311609268188,left_elbow,547.9893188476562,605.4515380859375,0.8954216241836548,left_wrist,596.3889770507812,649.0523071289062,0.862378716468811,mid_hip,331.44683837890625,573.70166015625,0.8570062518119812,right_hip,336.9687194824219,568.7195434570312,0.8245551586151123,right_knee,306.8128662109375,658.651611328125,0.5545312166213989,right_ankle,235.80447387695312,640.9794311523438,0.34483036398887634,left_hip,325.9249572753906,578.6837768554688,0.8894574046134949,left_knee,327.1842346191406,640.9834594726562,0.6770532131195068,left_ankle,285.8143615722656,612.7297973632812,0.4655179977416992
Fall__Fall_f_raw_c_1_C_M_102_resized,84,C:\Users\ASUS\Downloads\3D_Human_Pose_NCKH\paper_baselines\lin2021_yolov8_lstm_gru\data\raw_yolov8_keypoints\Fall\Fall_Fall_f_raw_c_1_C_M_102_resized.csv,1,Fall,1,15,nose,550.1503295898438,685.7180786132812,0.7246589064598083,neck,482.17633056640625,645.4027709960938,0.8842828273773193,right_shoulder,491.57489013671875,653.1329956054688,0.83619225025177,right_elbow,558.965087890625,603.5896606445312,0.7388490438461304,right_wrist,592.7460327148438,636.5087280273438,0.7306911945343018,left_shoulder,472.7777404785156,637.672607421875,0.9323734641075134,left_elbow,544.6892700195312,584.4912109375,0.9102209210395813,left_wrist,593.5271606445312,645.9719848632812,0.8991537094116211,mid_hip,331.82373046875,582.8218383789062,0.871284008026123,right_hip,332.8056640625,587.8522338867188,0.8338724970817566,right_knee,327.8570251464844,649.4303588867188,0.7085114121437073,right_ankle,246.79737854003906,647.4734497070312,0.49105924367904663,left_hip,330.841796875,577.7914428710938,0.9086955189704895,left_knee,386.9144592285156,594.0629272460938,0.8232983350753784,left_ankle,347.7732849121094,594.722412109375,0.6377677917480469
Fall__Fall_f_raw_c_1_C_M_102_resized,85,C:\Users\ASUS\Downloads\3D_Human_Pose_NCKH\paper_baselines\lin2021_yolov8_lstm_gru\data\raw_yolov8_keypoints\Fall\Fall_Fall_f_raw_c_1_C_M_102_resized.csv,1,Fall,1,15,nose,549.8961181640625,686.8741455078125,0.800232470035553,neck,484.6453857421875,643.9103393554688,0.9123945832252502,right_shoulder,494.1930847167969,644.9722900390625,0.8735840916633606,right_elbow,554.2172241210938,588.9046630859375,0.7760637998580933,right_wrist,590.39013671875,635.6544189453125,0.7534540891647339,left_shoulder,475.0976867675781,642.848388671875,0.9512050747871399,left_elbow,539.0699462890625,585.951904296875,0.9247564077377319,left_wrist,593.32666015625,644.7144775390625,0.9092827439308167,mid_hip,329.4621887207031,587.2806396484375,0.8877668976783752,right_hip,330.3894958496094,589.2787475585938,0.8547528982162476,right_knee,329.5489501953125,648.0424194335938,0.7270907163619995,right_ankle,246.77957153320312,652.0516967773438,0.49916109442710876,left_hip,328.534912109375,585.282470703125,0.9207808375358582,left_knee,387.3788146972656,601.7974243164062,0.8343138694763184,left_ankle,339.0031433105469,599.2229614257812,0.6439411044120789
Fall__Fall_f_raw_c_1_C_M_102_resized,86,C:\Users\ASUS\Downloads\3D_Human_Pose_NCKH\paper_baselines\lin2021_yolov8_lstm_gru\data\raw_yolov8_keypoints\Fall\Fall_Fall_f_raw_c_1_C_M_102_resized.csv,1,Fall,1,15,nose,547.492919921875,683.5355834960938,0.826279878616333,neck,484.7770690917969,647.29541015625,0.920984148979187,right_shoulder,504.7825622558594,641.6142578125,0.8908509612083435,right_elbow,557.5087280273438,577.1840209960938,0.7898343801498413,right_wrist,586.2908325195312,633.3389282226562,0.7607686519622803,left_shoulder,464.77154541015625,652.9765625,0.9511172771453857,left_elbow,538.2352905273438,593.2330322265625,0.9067149758338928,left_wrist,591.9287109375,643.8303833007812,0.8905882239341736,mid_hip,323.78936767578125,587.3098754882812,0.8605672121047974,right_hip,333.530029296875,585.74267578125,0.8277309536933899,right_knee,354.68505859375,619.6614379882812,0.7067579627037048,right_ankle,259.22796630859375,626.7807006835938,0.5012884736061096,left_hip,314.0487060546875,588.8770751953125,0.8934035301208496,left_knee,366.6039123535156,588.5578002929688,0.7984793186187744,left_ankle,328.10186767578125,585.3684692382812,0.6223541498184204
Fall__Fall_f_raw_c_1_C_M_102_resized,87,C:\Users\ASUS\Downloads\3D_Human_Pose_NCKH\paper_baselines\lin2021_yolov8_lstm_gru\data\raw_yolov8_keypoints\Fall\Fall_Fall_f_raw_c_1_C_M_102_resized.csv,1,Fall,1,15,nose,544.82373046875,684.2577514648438,0.8152797818183899,neck,486.5307922363281,644.7871704101562,0.919464111328125,right_shoulder,503.4530334472656,637.779296875,0.8895629644393921,right_elbow,552.1553344726562,573.0491943359375,0.7950859665870667,right_wrist,586.0545043945312,635.2985229492188,0.7604309320449829,left_shoulder,469.60858154296875,651.7951049804688,0.9493653178215027,left_elbow,536.704345703125,589.9599609375,0.9078745245933533,left_wrist,590.6831665039062,644.2369384765625,0.8909927606582642,mid_hip,330.1379089355469,580.9177856445312,0.8693272471427917,right_hip,337.53826904296875,578.3885498046875,0.8390604853630066,right_knee,343.3008728027344,625.4976196289062,0.6917560696601868,right_ankle,255.1924591064453,629.5859375,0.467719167470932,left_hip,322.737548828125,583.447021484375,0.8995940089225769,left_knee,366.1791076660156,599.9144287109375,0.7871904373168945,left_ankle,328.296630859375,590.8460083007812,0.587724506855011
Fall__Fall_f_raw_c_1_C_M_102_resized,88,C:\Users\ASUS\Downloads\3D_Human_Pose_NCKH\paper_baselines\lin2021_yolov8_lstm_gru\data\raw_yolov8_keypoints\Fall\Fall_Fall_f_raw_c_1_C_M_102_resized.csv,1,Fall,1,15,nose,548.9208374023438,680.9429931640625,0.8858866691589355,neck,492.9242858886719,660.7439575195312,0.9255922436714172,right_shoulder,512.1630249023438,652.9821166992188,0.8921259045600891,right_elbow,566.558837890625,583.8153686523438,0.7420272827148438,right_wrist,589.8063354492188,642.03271484375,0.6973068714141846,left_shoulder,473.68560791015625,668.505859375,0.9590586423873901,left_elbow,546.4553833007812,605.6981201171875,0.8948932886123657,left_wrist,597.036376953125,651.83056640625,0.8726423382759094,mid_hip,332.2750549316406,575.7881469726562,0.8132504224777222,right_hip,339.74560546875,571.5497436523438,0.768858015537262,right_knee,327.1771240234375,653.6880493164062,0.4961472749710083,right_ankle,236.98052978515625,634.8955688476562,0.3037797510623932,left_hip,324.80450439453125,580.0264892578125,0.8576428294181824,left_knee,348.4120178222656,634.3826293945312,0.6319910287857056,left_ankle,314.0048828125,609.6356811523438,0.4259149134159088
Fall__Fall_f_raw_c_1_C_M_102_resized,89,C:\Users\ASUS\Downloads\3D_Human_Pose_NCKH\paper_baselines\lin2021_yolov8_lstm_gru\data\raw_yolov8_keypoints\Fall\Fall_Fall_f_raw_c_1_C_M_102_resized.csv,1,Fall,1,15,nose,546.5639038085938,684.6131591796875,0.813830554485321,neck,489.3315124511719,647.505859375,0.9224170446395874,right_shoulder,506.9490966796875,640.5123901367188,0.8986032605171204,right_elbow,560.264404296875,577.2244262695312,0.8113461136817932,right_wrist,588.1278686523438,635.9488525390625,0.7727175951004028,left_shoulder,471.7138977050781,654.4993286132812,0.9462308287620544,left_elbow,539.4564208984375,595.5897827148438,0.8985886573791504,left_wrist,593.89208984375,645.6361083984375,0.8822958469390869,mid_hip,330.6114196777344,584.0525512695312,0.8818749785423279,right_hip,338.1407775878906,581.4024047851562,0.8583201169967651,right_knee,338.7356872558594,630.4129028320312,0.7408216595649719,right_ankle,250.5243377685547,640.427734375,0.5204402804374695,left_hip,323.08203125,586.7027587890625,0.9054298996925354,left_knee,366.6783142089844,604.3357543945312,0.8126658797264099,left_ankle,330.4219055175781,598.727783203125,0.626346230506897
Fall__Fall_f_raw_c_1_C_M_102_resized,90,C:\Users\ASUS\Downloads\3D_Human_Pose_NCKH\paper_baselines\lin2021_yolov8_lstm_gru\data\raw_yolov8_keypoints\Fall\Fall_Fall_f_raw_c_1_C_M_102_resized.csv,1,Fall,1,15,nose,548.2697143554688,684.8629150390625,0.7915776371955872,neck,488.096435546875,647.170654296875,0.9075311422348022,right_shoulder,500.4115905761719,642.1455688476562,0.8717806339263916,right_elbow,558.392578125,579.9269409179688,0.7699639201164246,right_wrist,587.1211547851562,632.7156982421875,0.7384795546531677,left_shoulder,475.7812805175781,652.1956787109375,0.9432817101478577,left_elbow,542.7300415039062,594.10546875,0.9027882218360901,left_wrist,591.89697265625,644.3178100585938,0.8861603140830994,mid_hip,326.7103271484375,589.1085815429688,0.8659393787384033,right_hip,330.3053894042969,587.6466674804688,0.8330117464065552,right_knee,333.1726989746094,634.7794799804688,0.706091046333313,right_ankle,250.8989715576172,643.6300659179688,0.48975661396980286,left_hip,323.115234375,590.5704956054688,0.8988670110702515,left_knee,373.4263610839844,601.2428588867188,0.8028007745742798,left_ankle,328.6936950683594,596.7163696289062,0.6161996126174927
Fall__Fall_f_raw_c_1_C_M_102_resized,91,C:\Users\ASUS\Downloads\3D_Human_Pose_NCKH\paper_baselines\lin2021_yolov8_lstm_gru\data\raw_yolov8_keypoints\Fall\Fall_Fall_f_raw_c_1_C_M_102_resized.csv,1,Fall,1,15,nose,549.61328125,685.1943969726562,0.8751434683799744,neck,488.11541748046875,651.1627807617188,0.9259124994277954,right_shoulder,500.85595703125,644.4229125976562,0.8966079950332642,right_elbow,564.0408935546875,579.5692138671875,0.7722967863082886,right_wrist,589.4254150390625,638.21337890625,0.7346858978271484,left_shoulder,475.3749084472656,657.9027099609375,0.9552170038223267,left_elbow,549.6939697265625,600.4423828125,0.8977802991867065,left_wrist,593.73046875,649.25,0.8802963495254517,mid_hip,330.0735168457031,575.37744140625,0.8473320603370667,right_hip,333.20404052734375,572.2285766601562,0.8130704760551453,right_knee,316.434326171875,646.0352172851562,0.6236578822135925,right_ankle,231.55792236328125,645.5369262695312,0.393215537071228,left_hip,326.9430236816406,578.5263061523438,0.881593644618988,left_knee,356.6001281738281,618.1513671875,0.7335594892501831,left_ankle,311.4244689941406,604.8017578125,0.5198109149932861
Fall__Fall_f_raw_c_1_C_M_102_resized,92,C:\Users\ASUS\Downloads\3D_Human_Pose_NCKH\paper_baselines\lin2021_yolov8_lstm_gru\data\raw_yolov8_keypoints\Fall\Fall_Fall_f_raw_c_1_C_M_102_resized.csv,1,Fall,1,15,nose,551.2547607421875,683.0645751953125,0.8909138441085815,neck,492.7530212402344,658.1463623046875,0.9161463975906372,right_shoulder,514.6654663085938,649.3294677734375,0.8815780878067017,right_elbow,570.7534790039062,581.3897705078125,0.7192440032958984,right_wrist,586.8351440429688,637.8951416015625,0.6820600032806396,left_shoulder,470.8406066894531,666.9631958007812,0.950714647769928,left_elbow,550.0431518554688,608.74853515625,0.8709214925765991,left_wrist,594.8788452148438,650.3839111328125,0.8528262376785278,mid_hip,331.0361328125,567.9121704101562,0.7720483541488647,right_hip,340.7220458984375,563.1226806640625,0.7250486016273499,right_knee,330.3352966308594,642.66845703125,0.469132661819458,right_ankle,236.32778930664062,623.9183349609375,0.29390737414360046,left_hip,321.3502197265625,572.70166015625,0.8190481066703796,left_knee,339.7418518066406,625.07763671875,0.5946197509765625,left_ankle,312.1632995605469,601.3912963867188,0.40734127163887024
Fall__Fall_f_raw_c_1_C_M_102_resized,93,C:\Users\ASUS\Downloads\3D_Human_Pose_NCKH\paper_baselines\lin2021_yolov8_lstm_gru\data\raw_yolov8_keypoints\Fall\Fall_Fall_f_raw_c_1_C_M_102_resized.csv,1,Fall,1,15,nose,547.3468017578125,683.6732788085938,0.7502827048301697,neck,485.9578552246094,645.3632202148438,0.8992193937301636,right_shoulder,505.2879638671875,642.1349487304688,0.8642827868461609,right_elbow,566.7169799804688,579.8923950195312,0.765256404876709,right_wrist,587.8738403320312,631.5505981445312,0.732257068157196,left_shoulder,466.6277160644531,648.5914916992188,0.9341559410095215,left_elbow,537.7206420898438,590.5390625,0.8890082240104675,left_wrist,591.82421875,644.4092407226562,0.8718815445899963,mid_hip,321.7381286621094,587.123779296875,0.8517285585403442,right_hip,330.4222717285156,586.4111938476562,0.8185259699821472,right_knee,338.6182861328125,629.7582397460938,0.6835015416145325,right_ankle,253.50990295410156,632.8219604492188,0.4716140329837799,left_hip,313.0539855957031,587.83642578125,0.8849310874938965,left_knee,361.4852294921875,594.9806518554688,0.7776079177856445,left_ankle,322.90521240234375,586.7079467773438,0.5920723080635071
Fall__Fall_f_raw_c_1_C_M_102_resized,94,C:\Users\ASUS\Downloads\3D_Human_Pose_NCKH\paper_baselines\lin2021_yolov8_lstm_gru\data\raw_yolov8_keypoints\Fall\Fall_Fall_f_raw_c_1_C_M_102_resized.csv,1,Fall,1,15,nose,550.9296875,682.2716674804688,0.8894215822219849,neck,491.72857666015625,659.166748046875,0.9015063047409058,right_shoulder,513.340576171875,650.0173950195312,0.8590251207351685,right_elbow,565.692626953125,575.9392700195312,0.6932430267333984,right_wrist,588.0266723632812,637.7691040039062,0.6687132120132446,left_shoulder,470.1165771484375,668.3161010742188,0.9439874887466431,left_elbow,549.0280151367188,603.1307983398438,0.8632346391677856,left_wrist,596.813720703125,649.9059448242188,0.8520363569259644,mid_hip,321.55322265625,577.514404296875,0.7257677912712097,right_hip,330.4886474609375,572.8684692382812,0.6684310436248779,right_knee,328.0869140625,643.8731079101562,0.3934940993785858,right_ankle,232.81710815429688,622.3826293945312,0.24315346777439117,left_hip,312.6177978515625,582.1603393554688,0.7831045389175415,left_knee,344.025634765625,622.9059448242188,0.5242816805839539,left_ankle,320.05645751953125,597.2582397460938,0.35221296548843384
Fall__Fall_f_raw_c_1_C_M_102_resized,95,C:\Users\ASUS\Downloads\3D_Human_Pose_NCKH\paper_baselines\lin2021_yolov8_lstm_gru\data\raw_yolov8_keypoints\Fall\Fall_Fall_f_raw_c_1_C_M_102_resized.csv,1,Fall,1,15,nose,547.9147338867188,684.1786499023438,0.8433870077133179,neck,488.96490478515625,650.5646362304688,0.9030495285987854,right_shoulder,504.84954833984375,645.8190307617188,0.8579257726669312,right_elbow,573.9889526367188,580.6846313476562,0.7170221209526062,right_wrist,590.7439575195312,636.7516479492188,0.6951988935470581,left_shoulder,473.08026123046875,655.3101806640625,0.9481732249259949,left_elbow,552.0137939453125,599.4115600585938,0.897997260093689,left_wrist,593.1339111328125,648.570556640625,0.8838348388671875,mid_hip,327.204833984375,572.1610717773438,0.8179803490638733,right_hip,331.8946838378906,569.8458862304688,0.7706104516983032,right_knee,314.1033935546875,641.8828735351562,0.5653107166290283,right_ankle,226.35577392578125,634.0448608398438,0.35805413126945496,left_hip,322.5149841308594,574.476318359375,0.8653501868247986,left_knee,356.30853271484375,610.3445434570312,0.7057918906211853,left_ankle,317.31719970703125,595.041015625,0.49826663732528687
