video_id,frame_idx,source_file,label,label_name,has_person,valid_joint_count,joint_0_name,joint_0_x,joint_0_y,joint_0_c,joint_1_name,joint_1_x,joint_1_y,joint_1_c,joint_2_name,joint_2_x,joint_2_y,joint_2_c,joint_3_name,joint_3_x,joint_3_y,joint_3_c,joint_4_name,joint_4_x,joint_4_y,joint_4_c,joint_5_name,joint_5_x,joint_5_y,joint_5_c,joint_6_name,joint_6_x,joint_6_y,joint_6_c,joint_7_name,joint_7_x,joint_7_y,joint_7_c,joint_8_name,joint_8_x,joint_8_y,joint_8_c,joint_9_name,joint_9_x,joint_9_y,joint_9_c,joint_10_name,joint_10_x,joint_10_y,joint_10_c,joint_11_name,joint_11_x,joint_11_y,joint_11_c,joint_12_name,joint_12_x,joint_12_y,joint_12_c,joint_13_name,joint_13_x,joint_13_y,joint_13_c,joint_14_name,joint_14_x,joint_14_y,joint_14_c
Fall__Fall_f_raw_s_3_S_N_110_resized,0,C:\Users\ASUS\Downloads\3D_Human_Pose_NCKH\paper_baselines\lin2021_yolov8_lstm_gru\data\raw_yolov8_keypoints\Fall\Fall_Fall_f_raw_s_3_S_N_110_resized.csv,1,Fall,1,15,nose,502.35418701171875,198.3104705810547,0.1818583756685257,neck,552.7777709960938,282.2784118652344,0.9732895493507385,right_shoulder,631.807373046875,279.14813232421875,0.9626150727272034,right_elbow,648.4186401367188,381.84600830078125,0.8630638718605042,right_wrist,604.39697265625,397.5555419921875,0.7143941521644592,left_shoulder,473.74810791015625,285.4087219238281,0.9839640259742737,left_elbow,425.61016845703125,384.3739318847656,0.9474923014640808,left_wrist,416.2794189453125,431.4105529785156,0.8237655162811279,mid_hip,528.5809936523438,456.0217590332031,0.9839671850204468,right_hip,583.2648315429688,452.8128356933594,0.9813063740730286,right_knee,565.4205932617188,507.3830871582031,0.9376646876335144,right_ankle,547.7086791992188,591.9610595703125,0.7682758569717407,left_hip,473.89715576171875,459.230712890625,0.986627995967865,left_knee,467.8992614746094,502.260986328125,0.9497309923171997,left_ankle,464.8406677246094,581.7083129882812,0.7856410145759583
Fall__Fall_f_raw_s_3_S_N_110_resized,1,C:\Users\ASUS\Downloads\3D_Human_Pose_NCKH\paper_baselines\lin2021_yolov8_lstm_gru\data\raw_yolov8_keypoints\Fall\Fall_Fall_f_raw_s_3_S_N_110_resized.csv,1,Fall,1,15,nose,504.2056579589844,200.5736541748047,0.17898793518543243,neck,551.2261962890625,281.8238830566406,0.9766882061958313,right_shoulder,630.315185546875,278.7566223144531,0.9691739678382874,right_elbow,646.1724853515625,381.3914489746094,0.8922141194343567,right_wrist,605.4937744140625,400.0189514160156,0.7590846419334412,left_shoulder,472.1372375488281,284.89117431640625,0.98420250415802,left_elbow,424.35968017578125,384.09173583984375,0.9483790397644043,left_wrist,417.2186279296875,430.859130859375,0.8300475478172302,mid_hip,528.4279174804688,455.7358093261719,0.9870634078979492,right_hip,583.2807006835938,452.6513977050781,0.9854913949966431,right_knee,566.066162109375,505.2213439941406,0.9500328898429871,right_ankle,548.1922607421875,590.8294677734375,0.8016805648803711,left_hip,473.5751037597656,458.8202209472656,0.9886354207992554,left_knee,466.902099609375,499.7875061035156,0.9563852548599243,left_ankle,465.31915283203125,579.5098876953125,0.8097161054611206
Fall__Fall_f_raw_s_3_S_N_110_resized,2,C:\Users\ASUS\Downloads\3D_Human_Pose_NCKH\paper_baselines\lin2021_yolov8_lstm_gru\data\raw_yolov8_keypoints\Fall\Fall_Fall_f_raw_s_3_S_N_110_resized.csv,1,Fall,1,15,nose,505.29315185546875,199.27037048339844,0.17287547886371613,neck,550.9788208007812,281.88421630859375,0.9764194488525391,right_shoulder,630.2357177734375,278.7396545410156,0.9679945707321167,right_elbow,647.43115234375,380.2532043457031,0.8877890110015869,right_wrist,604.7429809570312,400.4833984375,0.7520776391029358,left_shoulder,471.72198486328125,285.0287780761719,0.9848442673683167,left_elbow,423.99774169921875,383.10601806640625,0.9517259001731873,left_wrist,416.1064147949219,430.77178955078125,0.836555004119873,mid_hip,528.5045166015625,456.0020751953125,0.987320065498352,right_hip,583.3883666992188,452.8703918457031,0.9855132699012756,right_knee,565.3218383789062,505.12628173828125,0.9492735862731934,right_ankle,547.983642578125,590.652587890625,0.799961268901825,left_hip,473.6206359863281,459.13372802734375,0.9891268610954285,left_knee,467.363525390625,500.0978088378906,0.9575195908546448,left_ankle,464.4874267578125,580.0724487304688,0.8120694160461426
Fall__Fall_f_raw_s_3_S_N_110_resized,3,C:\Users\ASUS\Downloads\3D_Human_Pose_NCKH\paper_baselines\lin2021_yolov8_lstm_gru\data\raw_yolov8_keypoints\Fall\Fall_Fall_f_raw_s_3_S_N_110_resized.csv,1,Fall,1,15,nose,508.7359313964844,201.55276489257812,0.1749235987663269,neck,549.7105712890625,280.4808654785156,0.9779925346374512,right_shoulder,629.4249877929688,277.43182373046875,0.9713519215583801,right_elbow,646.6953735351562,378.8025207519531,0.9015167355537415,right_wrist,606.065185546875,403.215087890625,0.772413969039917,left_shoulder,469.99609375,283.5299377441406,0.984633207321167,left_elbow,422.543212890625,382.5899658203125,0.9499987959861755,left_wrist,416.55694580078125,431.65960693359375,0.8330461382865906,mid_hip,528.3720703125,454.68695068359375,0.98814457654953,right_hip,583.6242065429688,451.66302490234375,0.9868323802947998,right_knee,565.2865600585938,505.1750793457031,0.9523108005523682,right_ankle,548.0496215820312,590.3502197265625,0.8052509427070618,left_hip,473.1199645996094,457.71087646484375,0.9894567131996155,left_knee,466.477294921875,499.9600830078125,0.957839846611023,left_ankle,463.6001892089844,579.5512084960938,0.8126430511474609
Fall__Fall_f_raw_s_3_S_N_110_resized,4,C:\Users\ASUS\Downloads\3D_Human_Pose_NCKH\paper_baselines\lin2021_yolov8_lstm_gru\data\raw_yolov8_keypoints\Fall\Fall_Fall_f_raw_s_3_S_N_110_resized.csv,1,Fall,1,15,nose,505.6200866699219,197.17347717285156,0.1736128181219101,neck,548.9790649414062,279.7774963378906,0.9779770970344543,right_shoulder,628.5796508789062,277.025146484375,0.9712650179862976,right_elbow,645.05322265625,380.2278137207031,0.8997696042060852,right_wrist,605.6239624023438,403.5717468261719,0.7680903673171997,left_shoulder,469.37841796875,282.52984619140625,0.9846892356872559,left_elbow,422.3880615234375,382.2358703613281,0.9496733546257019,left_wrist,416.3408508300781,430.3437194824219,0.8317971229553223,mid_hip,528.661376953125,454.5804748535156,0.9879806637763977,right_hip,583.8914184570312,451.6285705566406,0.9866294860839844,right_knee,564.8239135742188,503.9998474121094,0.9519805312156677,right_ankle,547.916259765625,590.008056640625,0.8050712943077087,left_hip,473.431396484375,457.5323791503906,0.989331841468811,left_knee,464.8759765625,498.8061218261719,0.9576840996742249,left_ankle,463.034423828125,579.3123779296875,0.812239944934845
Fall__Fall_f_raw_s_3_S_N_110_resized,5,C:\Users\ASUS\Downloads\3D_Human_Pose_NCKH\paper_baselines\lin2021_yolov8_lstm_gru\data\raw_yolov8_keypoints\Fall\Fall_Fall_f_raw_s_3_S_N_110_resized.csv,1,Fall,1,15,nose,504.9355163574219,196.46311950683594,0.175886332988739,neck,548.1710205078125,279.32440185546875,0.9770752787590027,right_shoulder,627.5942993164062,276.47137451171875,0.9695900678634644,right_elbow,645.4220581054688,378.906494140625,0.8931704759597778,right_wrist,607.5218505859375,406.1675109863281,0.7563065886497498,left_shoulder,468.7477722167969,282.1774597167969,0.984560489654541,left_elbow,422.335693359375,381.3170166015625,0.9491982460021973,left_wrist,416.4079284667969,430.8355712890625,0.8297392129898071,mid_hip,528.9669799804688,453.388427734375,0.9872605800628662,right_hip,584.021240234375,450.4446716308594,0.9856846332550049,right_knee,564.7720336914062,503.9411926269531,0.949522078037262,right_ankle,547.8193969726562,590.0015869140625,0.7990072965621948,left_hip,473.9127502441406,456.33221435546875,0.9888365268707275,left_knee,465.1531982421875,498.3775939941406,0.9565080404281616,left_ankle,463.2481384277344,579.6681518554688,0.8088901042938232
Fall__Fall_f_raw_s_3_S_N_110_resized,6,C:\Users\ASUS\Downloads\3D_Human_Pose_NCKH\paper_baselines\lin2021_yolov8_lstm_gru\data\raw_yolov8_keypoints\Fall\Fall_Fall_f_raw_s_3_S_N_110_resized.csv,1,Fall,1,15,nose,505.08673095703125,195.54507446289062,0.17174413800239563,neck,547.8334350585938,279.14617919921875,0.9782721996307373,right_shoulder,627.35546875,276.7503967285156,0.9715373516082764,right_elbow,644.5389404296875,379.9826354980469,0.900928258895874,right_wrist,608.9807739257812,408.9092102050781,0.7667675018310547,left_shoulder,468.31134033203125,281.54193115234375,0.985007107257843,left_elbow,422.15509033203125,380.2008056640625,0.9509667754173279,left_wrist,416.25372314453125,429.5888366699219,0.8341264724731445,mid_hip,528.82275390625,452.8323974609375,0.9882977604866028,right_hip,583.927001953125,450.0683898925781,0.9869353771209717,right_knee,564.5323486328125,503.4153137207031,0.9523154497146606,right_ankle,547.9749145507812,590.345458984375,0.8055453896522522,left_hip,473.718505859375,455.5964050292969,0.9896601438522339,left_knee,464.5601806640625,497.925048828125,0.9584383368492126,left_ankle,463.0152893066406,580.0288696289062,0.8137632608413696
Fall__Fall_f_raw_s_3_S_N_110_resized,7,C:\Users\ASUS\Downloads\3D_Human_Pose_NCKH\paper_baselines\lin2021_yolov8_lstm_gru\data\raw_yolov8_keypoints\Fall\Fall_Fall_f_raw_s_3_S_N_110_resized.csv,1,Fall,1,15,nose,508.7117004394531,196.51409912109375,0.17213718593120575,neck,547.0789794921875,279.12762451171875,0.9786150455474854,right_shoulder,626.9189453125,276.7789306640625,0.9723899960517883,right_elbow,644.2667236328125,378.50274658203125,0.9060181379318237,right_wrist,608.9126586914062,407.40020751953125,0.777841329574585,left_shoulder,467.23895263671875,281.4762878417969,0.9848400950431824,left_elbow,421.4717102050781,379.9964904785156,0.9510903358459473,left_wrist,415.7377014160156,429.3744812011719,0.8364794850349426,mid_hip,528.6327514648438,452.81561279296875,0.9886863231658936,right_hip,583.8762817382812,450.125244140625,0.9874716401100159,right_knee,564.4614868164062,503.3056335449219,0.9535818696022034,right_ankle,547.1793212890625,589.9712524414062,0.8081898093223572,left_hip,473.38916015625,455.5059814453125,0.9899010062217712,left_knee,463.9164123535156,497.66729736328125,0.9590564966201782,left_ankle,463.9877624511719,580.1318359375,0.8156733512878418
Fall__Fall_f_raw_s_3_S_N_110_resized,8,C:\Users\ASUS\Downloads\3D_Human_Pose_NCKH\paper_baselines\lin2021_yolov8_lstm_gru\data\raw_yolov8_keypoints\Fall\Fall_Fall_f_raw_s_3_S_N_110_resized.csv,1,Fall,1,15,nose,508.8639831542969,196.0572052001953,0.17305582761764526,neck,545.9820556640625,278.6522521972656,0.9779743552207947,right_shoulder,626.355712890625,276.47161865234375,0.9715330600738525,right_elbow,644.0167236328125,378.2363586425781,0.90311598777771,right_wrist,606.8792724609375,407.1080627441406,0.7737927436828613,left_shoulder,465.60845947265625,280.8328857421875,0.984415590763092,left_elbow,420.7816467285156,379.8215026855469,0.9497253894805908,left_wrist,415.12548828125,429.3763732910156,0.8332104682922363,mid_hip,528.3779907226562,454.1499938964844,0.9877416491508484,right_hip,583.86669921875,451.55303955078125,0.9864221811294556,right_knee,563.9266357421875,503.4638671875,0.9488968849182129,right_ankle,546.6112670898438,589.2792358398438,0.7928780913352966,left_hip,472.88934326171875,456.7469482421875,0.9890611171722412,left_knee,463.6347961425781,497.42547607421875,0.9549873471260071,left_ankle,464.068115234375,579.0199584960938,0.801235556602478
Fall__Fall_f_raw_s_3_S_N_110_resized,9,C:\Users\ASUS\Downloads\3D_Human_Pose_NCKH\paper_baselines\lin2021_yolov8_lstm_gru\data\raw_yolov8_keypoints\Fall\Fall_Fall_f_raw_s_3_S_N_110_resized.csv,1,Fall,1,15,nose,513.2222290039062,199.8234405517578,0.17241716384887695,neck,545.7608032226562,278.5197448730469,0.9781569242477417,right_shoulder,626.0961303710938,276.59356689453125,0.9723483920097351,right_elbow,644.3724365234375,377.7528381347656,0.9078198075294495,right_wrist,608.6478881835938,409.0825500488281,0.781273365020752,left_shoulder,465.42547607421875,280.4459533691406,0.9839655160903931,left_elbow,420.75921630859375,378.9066467285156,0.9486185312271118,left_wrist,415.1864013671875,429.5458679199219,0.8310820460319519,mid_hip,529.5336303710938,452.57415771484375,0.9880423545837402,right_hip,584.9917602539062,450.1165466308594,0.9869129657745361,right_knee,564.228271484375,502.9934387207031,0.9506752490997314,right_ankle,546.1309204101562,589.1796875,0.7977916598320007,left_hip,474.07550048828125,455.0317687988281,0.9891716837882996,left_knee,463.52020263671875,497.15625,0.9557886123657227,left_ankle,463.59918212890625,579.42578125,0.8048662543296814
Fall__Fall_f_raw_s_3_S_N_110_resized,10,C:\Users\ASUS\Downloads\3D_Human_Pose_NCKH\paper_baselines\lin2021_yolov8_lstm_gru\data\raw_yolov8_keypoints\Fall\Fall_Fall_f_raw_s_3_S_N_110_resized.csv,1,Fall,1,15,nose,513.6289672851562,200.05511474609375,0.17377673089504242,neck,545.377197265625,278.484619140625,0.9780725240707397,right_shoulder,625.7061767578125,276.55426025390625,0.9719938039779663,right_elbow,643.7008056640625,377.6351623535156,0.9062072038650513,right_wrist,608.2650146484375,407.8714294433594,0.779729962348938,left_shoulder,465.0482177734375,280.4150085449219,0.9841512441635132,left_elbow,420.6960144042969,378.7926940917969,0.949354350566864,left_wrist,415.15264892578125,429.2685852050781,0.8331148624420166,mid_hip,530.4583740234375,452.2454528808594,0.9879131317138672,right_hip,585.9609375,449.7579650878906,0.9866977334022522,right_knee,564.1265258789062,502.95330810546875,0.9496844410896301,right_ankle,545.3614501953125,588.6485595703125,0.7943724989891052,left_hip,474.9558410644531,454.7329406738281,0.9891285300254822,left_knee,463.344970703125,497.6321105957031,0.9555346369743347,left_ankle,463.2801208496094,579.6902465820312,0.8029497265815735
Fall__Fall_f_raw_s_3_S_N_110_resized,11,C:\Users\ASUS\Downloads\3D_Human_Pose_NCKH\paper_baselines\lin2021_yolov8_lstm_gru\data\raw_yolov8_keypoints\Fall\Fall_Fall_f_raw_s_3_S_N_110_resized.csv,1,Fall,1,15,nose,513.3377075195312,200.75531005859375,0.172876238822937,neck,545.3930053710938,278.5852966308594,0.9778844714164734,right_shoulder,625.7120971679688,276.8019104003906,0.9716730713844299,right_elbow,643.54833984375,378.4856872558594,0.9054173231124878,right_wrist,608.4757080078125,408.98687744140625,0.7780700325965881,left_shoulder,465.073974609375,280.36871337890625,0.9840958118438721,left_elbow,420.79022216796875,378.7655944824219,0.9494873881340027,left_wrist,415.3433837890625,429.3502197265625,0.8334446549415588,mid_hip,529.974609375,452.18011474609375,0.9877935647964478,right_hip,585.4495849609375,449.7364807128906,0.9865329265594482,right_knee,563.8975830078125,503.0978698730469,0.9488459825515747,right_ankle,544.895751953125,588.2915649414062,0.7918530702590942,left_hip,474.4996337890625,454.6237487792969,0.9890542030334473,left_knee,463.4278869628906,497.910888671875,0.9549939036369324,left_ankle,463.416015625,579.6049194335938,0.8008705377578735
Fall__Fall_f_raw_s_3_S_N_110_resized,12,C:\Users\ASUS\Downloads\3D_Human_Pose_NCKH\paper_baselines\lin2021_yolov8_lstm_gru\data\raw_yolov8_keypoints\Fall\Fall_Fall_f_raw_s_3_S_N_110_resized.csv,1,Fall,1,15,nose,517.0660400390625,198.7428741455078,0.17262594401836395,neck,544.9960327148438,279.06219482421875,0.9767301082611084,right_shoulder,626.0818481445312,277.4294738769531,0.9706233143806458,right_elbow,644.3539428710938,379.2161865234375,0.8989737629890442,right_wrist,604.3179321289062,405.23443603515625,0.7650222182273865,left_shoulder,463.9101867675781,280.6949462890625,0.9828369617462158,left_elbow,420.42620849609375,380.4623718261719,0.9431914687156677,left_wrist,416.407470703125,429.56793212890625,0.8153576850891113,mid_hip,530.8571166992188,452.1024169921875,0.9861319661140442,right_hip,586.8573608398438,449.6562805175781,0.9848260879516602,right_knee,564.3662719726562,501.55126953125,0.9447643756866455,right_ankle,544.9780883789062,587.8551025390625,0.7821084856987,left_hip,474.85687255859375,454.548583984375,0.9874377846717834,left_knee,462.8997802734375,497.2358703613281,0.9508098363876343,left_ankle,461.4791259765625,580.2489013671875,0.7903710007667542
Fall__Fall_f_raw_s_3_S_N_110_resized,13,C:\Users\ASUS\Downloads\3D_Human_Pose_NCKH\paper_baselines\lin2021_yolov8_lstm_gru\data\raw_yolov8_keypoints\Fall\Fall_Fall_f_raw_s_3_S_N_110_resized.csv,1,Fall,1,15,nose,510.9927978515625,195.72171020507812,0.17399851977825165,neck,545.521728515625,279.265625,0.9761582612991333,right_shoulder,626.5103149414062,277.6060485839844,0.9689375758171082,right_elbow,644.2970581054688,380.97991943359375,0.8896908760070801,right_wrist,603.9005737304688,405.8114013671875,0.7489749789237976,left_shoulder,464.5331115722656,280.9251708984375,0.9833789467811584,left_elbow,420.2862548828125,380.6608581542969,0.944543719291687,left_wrist,416.15216064453125,428.60626220703125,0.8175100684165955,mid_hip,530.2730102539062,453.19915771484375,0.9855158925056458,right_hip,586.2568969726562,450.70831298828125,0.9838502407073975,right_knee,564.1397705078125,501.6861267089844,0.9427917003631592,right_ankle,545.7448120117188,588.18994140625,0.7792795300483704,left_hip,474.28912353515625,455.69000244140625,0.987181544303894,left_knee,462.7696228027344,496.88238525390625,0.9506198763847351,left_ankle,461.529541015625,579.638916015625,0.7901897430419922
Fall__Fall_f_raw_s_3_S_N_110_resized,14,C:\Users\ASUS\Downloads\3D_Human_Pose_NCKH\paper_baselines\lin2021_yolov8_lstm_gru\data\raw_yolov8_keypoints\Fall\Fall_Fall_f_raw_s_3_S_N_110_resized.csv,1,Fall,1,15,nose,512.3809204101562,195.09104919433594,0.16957776248455048,neck,545.7233276367188,279.17645263671875,0.9763899445533752,right_shoulder,626.7373046875,277.7679138183594,0.9694785475730896,right_elbow,644.2815551757812,382.6080627441406,0.8917559385299683,right_wrist,604.637939453125,407.82574462890625,0.7508325576782227,left_shoulder,464.7093505859375,280.58502197265625,0.9833012819290161,left_elbow,420.1335144042969,381.2463073730469,0.944392740726471,left_wrist,416.1886291503906,428.9886474609375,0.8166740536689758,mid_hip,531.1253662109375,451.4864501953125,0.9860201478004456,right_hip,587.1809692382812,449.1310729980469,0.9844621419906616,right_knee,564.5496826171875,500.8069152832031,0.9457006454467773,right_ankle,546.2503051757812,588.2841186523438,0.7886503338813782,left_hip,475.0697326660156,453.841796875,0.9875780940055847,left_knee,463.67724609375,496.00152587890625,0.9529477953910828,left_ankle,462.4196472167969,579.5748901367188,0.7988229990005493
Fall__Fall_f_raw_s_3_S_N_110_resized,15,C:\Users\ASUS\Downloads\3D_Human_Pose_NCKH\paper_baselines\lin2021_yolov8_lstm_gru\data\raw_yolov8_keypoints\Fall\Fall_Fall_f_raw_s_3_S_N_110_resized.csv,1,Fall,1,15,nose,506.8307800292969,194.00563049316406,0.17802414298057556,neck,546.3609008789062,278.57073974609375,0.9760376214981079,right_shoulder,627.1249389648438,277.28900146484375,0.9678529500961304,right_elbow,644.5899658203125,383.3161926269531,0.881835401058197,right_wrist,606.0401000976562,408.6721496582031,0.7340977787971497,left_shoulder,465.5968322753906,279.8524475097656,0.9842223525047302,left_elbow,419.8566589355469,380.14019775390625,0.9471050500869751,left_wrist,416.22216796875,428.513916015625,0.8220837116241455,mid_hip,530.38525390625,450.94244384765625,0.9855468273162842,right_hip,586.2543334960938,448.6487121582031,0.9835556149482727,right_knee,564.6017456054688,501.7694091796875,0.9437695741653442,right_ankle,546.8511352539062,588.48486328125,0.7849768400192261,left_hip,474.5161437988281,453.2361755371094,0.9875380992889404,left_knee,463.6027526855469,496.0203552246094,0.9533116817474365,left_ankle,462.66162109375,578.9129638671875,0.7992910742759705
Fall__Fall_f_raw_s_3_S_N_110_resized,16,C:\Users\ASUS\Downloads\3D_Human_Pose_NCKH\paper_baselines\lin2021_yolov8_lstm_gru\data\raw_yolov8_keypoints\Fall\Fall_Fall_f_raw_s_3_S_N_110_resized.csv,1,Fall,1,15,nose,505.49261474609375,192.9324951171875,0.17620696127414703,neck,546.6952514648438,278.1324462890625,0.9743466973304749,right_shoulder,627.329833984375,276.92730712890625,0.9647667407989502,right_elbow,645.0347290039062,383.99139404296875,0.8677757978439331,right_wrist,603.8530883789062,406.9188537597656,0.7111665606498718,left_shoulder,466.0606689453125,279.3376159667969,0.9839267134666443,left_elbow,420.6458740234375,380.109375,0.9462891221046448,left_wrist,415.96392822265625,427.58544921875,0.817722737789154,mid_hip,530.7781372070312,450.8958435058594,0.9842150211334229,right_hip,586.57421875,448.5766906738281,0.9817427396774292,right_knee,564.2481689453125,500.5798645019531,0.9402342438697815,right_ankle,547.9265747070312,588.5381469726562,0.7791539430618286,left_hip,474.9820861816406,453.2149963378906,0.9866873621940613,left_knee,463.21551513671875,495.1299743652344,0.9520772695541382,left_ankle,462.5424499511719,579.3721313476562,0.797085702419281
Fall__Fall_f_raw_s_3_S_N_110_resized,17,C:\Users\ASUS\Downloads\3D_Human_Pose_NCKH\paper_baselines\lin2021_yolov8_lstm_gru\data\raw_yolov8_keypoints\Fall\Fall_Fall_f_raw_s_3_S_N_110_resized.csv,1,Fall,1,15,nose,505.57891845703125,192.89288330078125,0.17895948886871338,neck,546.4185180664062,277.8063049316406,0.9738350510597229,right_shoulder,626.9892578125,276.7142333984375,0.9637652635574341,right_elbow,645.04248046875,383.50811767578125,0.8624155521392822,right_wrist,602.8047485351562,404.95556640625,0.7032697796821594,left_shoulder,465.8477478027344,278.8983459472656,0.9839048981666565,left_elbow,420.7232360839844,379.6208190917969,0.9459978938102722,left_wrist,415.88299560546875,427.8348388671875,0.8159278631210327,mid_hip,530.8622436523438,450.7872009277344,0.9837892055511475,right_hip,586.6265258789062,448.5066223144531,0.9811394810676575,right_knee,564.4555053710938,499.17681884765625,0.9404093027114868,right_ankle,548.5302734375,588.9942016601562,0.782577395439148,left_hip,475.09796142578125,453.06781005859375,0.9864388704299927,left_knee,462.5788269042969,493.6793518066406,0.9528800249099731,left_ankle,462.17108154296875,580.0391235351562,0.8017860651016235
Fall__Fall_f_raw_s_3_S_N_110_resized,18,C:\Users\ASUS\Downloads\3D_Human_Pose_NCKH\paper_baselines\lin2021_yolov8_lstm_gru\data\raw_yolov8_keypoints\Fall\Fall_Fall_f_raw_s_3_S_N_110_resized.csv,1,Fall,1,15,nose,509.3525695800781,194.1639862060547,0.174568772315979,neck,545.7477416992188,277.53125,0.9729745388031006,right_shoulder,626.7745361328125,276.5978088378906,0.963064432144165,right_elbow,645.6597290039062,384.22528076171875,0.8622043132781982,right_wrist,604.6907348632812,409.6371765136719,0.7018538117408752,left_shoulder,464.7209777832031,278.4647216796875,0.9828846454620361,left_elbow,420.2645568847656,380.2908935546875,0.942728579044342,left_wrist,415.6787414550781,428.3611755371094,0.8086735606193542,mid_hip,530.6792602539062,451.1089172363281,0.9826571941375732,right_hip,586.7247924804688,448.9770812988281,0.9799919724464417,right_knee,563.9642944335938,498.5573425292969,0.93705153465271,right_ankle,547.3897094726562,588.8167724609375,0.7737176418304443,left_hip,474.6336975097656,453.24078369140625,0.9853223562240601,left_knee,462.0338134765625,492.5649108886719,0.9495229721069336,left_ankle,461.4401550292969,579.308837890625,0.7929873466491699
Fall__Fall_f_raw_s_3_S_N_110_resized,19,C:\Users\ASUS\Downloads\3D_Human_Pose_NCKH\paper_baselines\lin2021_yolov8_lstm_gru\data\raw_yolov8_keypoints\Fall\Fall_Fall_f_raw_s_3_S_N_110_resized.csv,1,Fall,1,15,nose,512.1239013671875,195.30760192871094,0.17724767327308655,neck,545.0122680664062,277.58587646484375,0.9764789938926697,right_shoulder,625.68408203125,276.3516845703125,0.9693374037742615,right_elbow,641.8269653320312,382.3795471191406,0.8899509310722351,right_wrist,606.8170166015625,413.44970703125,0.7453081011772156,left_shoulder,464.34039306640625,278.820068359375,0.9836206436157227,left_elbow,419.84466552734375,378.8816223144531,0.9452297687530518,left_wrist,415.3142395019531,426.4728698730469,0.8190294504165649,mid_hip,529.2774047851562,450.4911804199219,0.985748827457428,right_hip,585.1605834960938,448.1702575683594,0.9840598106384277,right_knee,563.8603515625,497.7042236328125,0.9455922842025757,right_ankle,546.346435546875,588.1475830078125,0.7905969023704529,left_hip,473.3942565917969,452.8121032714844,0.987437903881073,left_knee,459.4689636230469,493.00701904296875,0.9536040425300598,left_ankle,460.9713439941406,580.5213623046875,0.8024024963378906
Fall__Fall_f_raw_s_3_S_N_110_resized,20,C:\Users\ASUS\Downloads\3D_Human_Pose_NCKH\paper_baselines\lin2021_yolov8_lstm_gru\data\raw_yolov8_keypoints\Fall\Fall_Fall_f_raw_s_3_S_N_110_resized.csv,1,Fall,1,15,nose,513.843994140625,198.9148406982422,0.18051446974277496,neck,543.5722045898438,277.46466064453125,0.9787296652793884,right_shoulder,623.023681640625,275.7508239746094,0.972910463809967,right_elbow,641.26953125,376.8807373046875,0.9066758751869202,right_wrist,610.4661254882812,411.7787780761719,0.7747076749801636,left_shoulder,464.1207275390625,279.17852783203125,0.9845489263534546,left_elbow,419.6251525878906,375.85443115234375,0.9496958255767822,left_wrist,413.1745300292969,423.7458801269531,0.8325057029724121,mid_hip,527.41064453125,448.1479797363281,0.9884592294692993,right_hip,582.3960571289062,445.71307373046875,0.9872792959213257,right_knee,561.4820556640625,498.4176330566406,0.9541927576065063,right_ankle,547.1184692382812,588.6832885742188,0.8119511008262634,left_hip,472.4252624511719,450.5828857421875,0.989639163017273,left_knee,456.8897705078125,493.1882629394531,0.9599034786224365,left_ankle,460.74072265625,580.4989624023438,0.8209421038627625
Fall__Fall_f_raw_s_3_S_N_110_resized,21,C:\Users\ASUS\Downloads\3D_Human_Pose_NCKH\paper_baselines\lin2021_yolov8_lstm_gru\data\raw_yolov8_keypoints\Fall\Fall_Fall_f_raw_s_3_S_N_110_resized.csv,1,Fall,1,15,nose,513.0306396484375,198.9141082763672,0.17843759059906006,neck,542.9686889648438,278.2978210449219,0.9780877828598022,right_shoulder,622.3348388671875,276.7503662109375,0.9715360999107361,right_elbow,638.9835205078125,377.342041015625,0.9016622304916382,right_wrist,607.30078125,408.9903259277344,0.7679703235626221,left_shoulder,463.6025085449219,279.8453063964844,0.9846395254135132,left_elbow,418.4217834472656,376.42376708984375,0.9507531523704529,left_wrist,412.21893310546875,425.482666015625,0.8347940444946289,mid_hip,525.3187866210938,449.3131408691406,0.988180935382843,right_hip,580.2850952148438,446.9281921386719,0.9867919683456421,right_knee,560.0858154296875,497.78857421875,0.9532673954963684,right_ankle,546.1935424804688,588.9600219726562,0.8112061619758606,left_hip,470.3524475097656,451.69805908203125,0.989569902420044,left_knee,455.7646789550781,492.316650390625,0.9601572751998901,left_ankle,460.0448913574219,580.8506469726562,0.8225786685943604
Fall__Fall_f_raw_s_3_S_N_110_resized,22,C:\Users\ASUS\Downloads\3D_Human_Pose_NCKH\paper_baselines\lin2021_yolov8_lstm_gru\data\raw_yolov8_keypoints\Fall\Fall_Fall_f_raw_s_3_S_N_110_resized.csv,1,Fall,1,15,nose,512.1806030273438,199.1705780029297,0.17549364268779755,neck,542.26953125,279.502685546875,0.9773058891296387,right_shoulder,621.7776489257812,277.9652404785156,0.9708027839660645,right_elbow,638.1403198242188,377.6800842285156,0.8992806673049927,right_wrist,604.9403686523438,408.5970458984375,0.763382613658905,left_shoulder,462.7613830566406,281.0401611328125,0.9838089346885681,left_elbow,417.5609130859375,377.28662109375,0.9477026462554932,left_wrist,411.8135681152344,426.1628112792969,0.8270490765571594,mid_hip,523.197998046875,450.2471923828125,0.9875121116638184,right_hip,578.2964477539062,447.93878173828125,0.9861270189285278,right_knee,559.4672241210938,497.9512023925781,0.9516656398773193,right_ankle,547.4859008789062,589.1779174804688,0.8074468374252319,left_hip,468.0995788574219,452.55560302734375,0.9888972640037537,left_knee,455.5841369628906,491.61700439453125,0.958091139793396,left_ankle,460.6026611328125,579.4639892578125,0.8175840973854065
Fall__Fall_f_raw_s_3_S_N_110_resized,23,C:\Users\ASUS\Downloads\3D_Human_Pose_NCKH\paper_baselines\lin2021_yolov8_lstm_gru\data\raw_yolov8_keypoints\Fall\Fall_Fall_f_raw_s_3_S_N_110_resized.csv,1,Fall,1,15,nose,505.43548583984375,198.38011169433594,0.1543240249156952,neck,537.9187622070312,282.9095153808594,0.9830663800239563,right_shoulder,618.4811401367188,282.884765625,0.9773901104927063,right_elbow,637.9010009765625,381.4241943359375,0.914325475692749,right_wrist,599.859619140625,401.76763916015625,0.7793015837669373,left_shoulder,457.35638427734375,282.93426513671875,0.9887427091598511,left_elbow,413.6621398925781,378.60345458984375,0.9686276316642761,left_wrist,408.5931091308594,430.3272705078125,0.8808671236038208,mid_hip,519.4686279296875,449.3703308105469,0.9928313493728638,right_hip,576.0743408203125,448.9052734375,0.9915488958358765,right_knee,556.8834228515625,503.1343688964844,0.9647157788276672,right_ankle,549.7161865234375,585.5846557617188,0.849568784236908,left_hip,462.8629150390625,449.83538818359375,0.9941137433052063,left_knee,453.3950500488281,493.3948669433594,0.9738197326660156,left_ankle,455.2479248046875,574.7883911132812,0.8669554591178894
Fall__Fall_f_raw_s_3_S_N_110_resized,24,C:\Users\ASUS\Downloads\3D_Human_Pose_NCKH\paper_baselines\lin2021_yolov8_lstm_gru\data\raw_yolov8_keypoints\Fall\Fall_Fall_f_raw_s_3_S_N_110_resized.csv,1,Fall,1,15,nose,509.25799560546875,196.11502075195312,0.12925684452056885,neck,536.3414916992188,286.486328125,0.9816604256629944,right_shoulder,615.5728149414062,286.9737243652344,0.9759848117828369,right_elbow,638.6729736328125,380.1046447753906,0.91435307264328,right_wrist,601.8838500976562,403.173095703125,0.7813125848770142,left_shoulder,457.1101989746094,285.9989318847656,0.9873360991477966,left_elbow,411.1170349121094,378.21728515625,0.9673020839691162,left_wrist,405.5420837402344,429.60125732421875,0.8836991786956787,mid_hip,517.5499267578125,443.0616149902344,0.9934876561164856,right_hip,572.7586059570312,443.1172180175781,0.9923582673072815,right_knee,550.3533325195312,506.3802185058594,0.9709153771400452,right_ankle,548.8388671875,587.6172485351562,0.8837725520133972,left_hip,462.3411865234375,443.00604248046875,0.9946170449256897,left_knee,454.70477294921875,495.5508117675781,0.9788217544555664,left_ankle,458.0191345214844,576.7206420898438,0.8998810052871704
Fall__Fall_f_raw_s_3_S_N_110_resized,25,C:\Users\ASUS\Downloads\3D_Human_Pose_NCKH\paper_baselines\lin2021_yolov8_lstm_gru\data\raw_yolov8_keypoints\Fall\Fall_Fall_f_raw_s_3_S_N_110_resized.csv,1,Fall,1,15,nose,503.84259033203125,198.38046264648438,0.12297863513231277,neck,532.7683715820312,291.31427001953125,0.9796961545944214,right_shoulder,611.7144775390625,293.0267333984375,0.9729525446891785,right_elbow,638.6979370117188,384.6927490234375,0.8954407572746277,right_wrist,598.6350708007812,394.607177734375,0.7426514625549316,left_shoulder,453.8222351074219,289.601806640625,0.9864397644996643,left_elbow,408.98809814453125,380.71795654296875,0.9689833521842957,left_wrist,400.7065734863281,430.92999267578125,0.8929076790809631,mid_hip,510.6203918457031,447.529296875,0.9928513169288635,right_hip,565.1345825195312,448.8017883300781,0.991243839263916,right_knee,545.219970703125,504.43829345703125,0.9678833484649658,right_ankle,547.4995727539062,584.239013671875,0.8763505220413208,left_hip,456.106201171875,446.2568054199219,0.994458794593811,left_knee,449.8919982910156,493.2308044433594,0.9794700741767883,left_ankle,455.9940185546875,576.67578125,0.8992462754249573
Fall__Fall_f_raw_s_3_S_N_110_resized,26,C:\Users\ASUS\Downloads\3D_Human_Pose_NCKH\paper_baselines\lin2021_yolov8_lstm_gru\data\raw_yolov8_keypoints\Fall\Fall_Fall_f_raw_s_3_S_N_110_resized.csv,1,Fall,1,15,nose,496.46728515625,201.14828491210938,0.16112160682678223,neck,532.9147338867188,295.6258544921875,0.9780370593070984,right_shoulder,612.2245483398438,295.7408142089844,0.968481183052063,right_elbow,644.412841796875,384.01116943359375,0.8622657060623169,right_wrist,603.4151000976562,390.5942077636719,0.6883516907691956,left_shoulder,453.6048583984375,295.51092529296875,0.987592875957489,left_elbow,405.1472473144531,388.2882080078125,0.9695180058479309,left_wrist,396.4444580078125,434.8646240234375,0.891889214515686,mid_hip,506.4425048828125,453.12384033203125,0.99051433801651,right_hip,560.867431640625,454.1959533691406,0.9878752827644348,right_knee,546.5614624023438,501.6893310546875,0.9640412926673889,right_ankle,549.2366943359375,585.0140991210938,0.8765092492103577,left_hip,452.0176086425781,452.0517578125,0.9931533336639404,left_knee,446.26580810546875,484.9901428222656,0.9790660738945007,left_ankle,455.4173583984375,572.4054565429688,0.9055337309837341
Fall__Fall_f_raw_s_3_S_N_110_resized,27,C:\Users\ASUS\Downloads\3D_Human_Pose_NCKH\paper_baselines\lin2021_yolov8_lstm_gru\data\raw_yolov8_keypoints\Fall\Fall_Fall_f_raw_s_3_S_N_110_resized.csv,1,Fall,1,15,nose,497.8390197753906,207.32705688476562,0.15336382389068604,neck,531.9028930664062,299.3153076171875,0.9778959155082703,right_shoulder,611.3265991210938,300.74249267578125,0.9688183665275574,right_elbow,637.6177368164062,393.662353515625,0.8633126020431519,right_wrist,593.572998046875,396.26416015625,0.6884406208992004,left_shoulder,452.4791259765625,297.8880920410156,0.9869735240936279,left_elbow,403.472412109375,391.4093017578125,0.9682353138923645,left_wrist,391.24951171875,437.5105285644531,0.8871293067932129,mid_hip,503.5455322265625,457.70147705078125,0.9900432229042053,right_hip,558.3548583984375,459.0292053222656,0.9873644709587097,right_knee,544.4581909179688,497.13006591796875,0.9626200199127197,right_ankle,548.9710083007812,582.0097045898438,0.875706136226654,left_hip,448.7362060546875,456.3737487792969,0.9927219748497009,left_knee,441.3575744628906,482.0566101074219,0.977857232093811,left_ankle,452.84765625,570.6378784179688,0.9036250710487366
Fall__Fall_f_raw_s_3_S_N_110_resized,28,C:\Users\ASUS\Downloads\3D_Human_Pose_NCKH\paper_baselines\lin2021_yolov8_lstm_gru\data\raw_yolov8_keypoints\Fall\Fall_Fall_f_raw_s_3_S_N_110_resized.csv,1,Fall,1,15,nose,509.7943115234375,221.63259887695312,0.19030773639678955,neck,529.2243041992188,312.4297180175781,0.982527494430542,right_shoulder,599.226806640625,313.4314270019531,0.9778323769569397,right_elbow,620.8527221679688,405.656982421875,0.8984441757202148,right_wrist,584.39111328125,416.6771545410156,0.7461439371109009,left_shoulder,459.2218017578125,311.427978515625,0.9872226119041443,left_elbow,404.7451171875,398.2771301269531,0.9691854119300842,left_wrist,385.7255554199219,442.13653564453125,0.9024708271026611,mid_hip,490.1708679199219,474.3778076171875,0.9903983473777771,right_hip,537.6399536132812,474.9533996582031,0.9882450103759766,right_knee,541.9049682617188,508.4536437988281,0.9452105164527893,right_ankle,544.7062377929688,571.3477783203125,0.8090619444847107,left_hip,442.7018127441406,473.80218505859375,0.9925516843795776,left_knee,446.8125305175781,509.92120361328125,0.9654374718666077,left_ankle,441.4075012207031,577.9559936523438,0.8407192230224609
Fall__Fall_f_raw_s_3_S_N_110_resized,29,C:\Users\ASUS\Downloads\3D_Human_Pose_NCKH\paper_baselines\lin2021_yolov8_lstm_gru\data\raw_yolov8_keypoints\Fall\Fall_Fall_f_raw_s_3_S_N_110_resized.csv,1,Fall,1,15,nose,518.1246948242188,232.01992797851562,0.17223438620567322,neck,529.455322265625,317.83026123046875,0.9836441874504089,right_shoulder,597.7360229492188,320.1048889160156,0.9801369309425354,right_elbow,615.2090454101562,409.45245361328125,0.9168642163276672,right_wrist,582.0093383789062,424.8210754394531,0.7798495888710022,left_shoulder,461.1746826171875,315.5556335449219,0.9871513843536377,left_elbow,404.7233581542969,400.55865478515625,0.9719884395599365,left_wrist,380.7305603027344,445.17718505859375,0.9112519025802612,mid_hip,489.42218017578125,472.6660461425781,0.9927241206169128,right_hip,535.4193725585938,473.9115905761719,0.9912509918212891,right_knee,537.4940795898438,507.50726318359375,0.9568694233894348,right_ankle,543.1800537109375,569.7111206054688,0.8431034088134766,left_hip,443.4249572753906,471.42047119140625,0.9941972494125366,left_knee,442.91046142578125,504.97943115234375,0.9721682071685791,left_ankle,442.6461181640625,571.7874145507812,0.8694904446601868
Fall__Fall_f_raw_s_3_S_N_110_resized,30,C:\Users\ASUS\Downloads\3D_Human_Pose_NCKH\paper_baselines\lin2021_yolov8_lstm_gru\data\raw_yolov8_keypoints\Fall\Fall_Fall_f_raw_s_3_S_N_110_resized.csv,1,Fall,1,15,nose,518.604248046875,241.7988739013672,0.19083282351493835,neck,528.3689575195312,324.0371398925781,0.9818429946899414,right_shoulder,596.8843994140625,327.3072204589844,0.9768214821815491,right_elbow,616.0013427734375,414.01190185546875,0.8977469801902771,right_wrist,583.8776245117188,432.9338073730469,0.7383599281311035,left_shoulder,459.8535461425781,320.76702880859375,0.9868645071983337,left_elbow,405.41510009765625,403.9380798339844,0.9708383083343506,left_wrist,380.741943359375,448.1717224121094,0.9031842350959778,mid_hip,482.54949951171875,473.93231201171875,0.9897003769874573,right_hip,528.2929077148438,475.8063049316406,0.9872323274612427,right_knee,536.4312133789062,524.2515258789062,0.9240018129348755,right_ankle,540.8701782226562,571.062744140625,0.7134072184562683,left_hip,436.80609130859375,472.058349609375,0.9921684861183167,left_knee,443.43743896484375,519.1083374023438,0.9531877636909485,left_ankle,445.2615661621094,573.5831298828125,0.7619075775146484
Fall__Fall_f_raw_s_3_S_N_110_resized,31,C:\Users\ASUS\Downloads\3D_Human_Pose_NCKH\paper_baselines\lin2021_yolov8_lstm_gru\data\raw_yolov8_keypoints\Fall\Fall_Fall_f_raw_s_3_S_N_110_resized.csv,1,Fall,1,15,nose,507.5878601074219,242.2320556640625,0.2700538635253906,neck,529.6766967773438,332.2585754394531,0.9823094010353088,right_shoulder,598.8523559570312,338.4935607910156,0.9750120639801025,right_elbow,610.7877807617188,426.6208801269531,0.8675713539123535,right_wrist,574.834228515625,441.1541442871094,0.6932762861251831,left_shoulder,460.5010681152344,326.02362060546875,0.9896067976951599,left_elbow,405.0513916015625,408.10736083984375,0.9764151573181152,left_wrist,379.90142822265625,452.0747375488281,0.9185473322868347,mid_hip,483.6628112792969,475.52789306640625,0.9883946776390076,right_hip,530.171630859375,479.55096435546875,0.9847193956375122,right_knee,535.0759887695312,531.8831176757812,0.9220555424690247,right_ankle,542.3735961914062,578.7284545898438,0.7214683890342712,left_hip,437.1540222167969,471.50482177734375,0.9920699000358582,left_knee,435.33599853515625,511.0962829589844,0.958781361579895,left_ankle,452.65869140625,565.347900390625,0.788273811340332
Fall__Fall_f_raw_s_3_S_N_110_resized,32,C:\Users\ASUS\Downloads\3D_Human_Pose_NCKH\paper_baselines\lin2021_yolov8_lstm_gru\data\raw_yolov8_keypoints\Fall\Fall_Fall_f_raw_s_3_S_N_110_resized.csv,1,Fall,1,15,nose,513.3121948242188,255.61727905273438,0.2603922486305237,neck,525.5172729492188,340.20025634765625,0.984220564365387,right_shoulder,592.195068359375,347.0703430175781,0.9796324968338013,right_elbow,602.4239501953125,429.833251953125,0.906943678855896,right_wrist,575.60498046875,448.3275146484375,0.7629600167274475,left_shoulder,458.83941650390625,333.3301696777344,0.9888085722923279,left_elbow,404.1288146972656,413.1408996582031,0.9766055345535278,left_wrist,381.1247253417969,456.48968505859375,0.9232388138771057,mid_hip,477.3159484863281,480.86297607421875,0.9916807413101196,right_hip,521.8759155273438,485.6454772949219,0.9895458817481995,right_knee,537.4996948242188,538.03759765625,0.9427696466445923,right_ankle,541.3203125,579.0184936523438,0.7769097685813904,left_hip,432.7560119628906,476.0804748535156,0.993815541267395,left_knee,434.986572265625,512.1680297851562,0.9660521149635315,left_ankle,458.8956604003906,561.367919921875,0.8244206309318542
Fall__Fall_f_raw_s_3_S_N_110_resized,33,C:\Users\ASUS\Downloads\3D_Human_Pose_NCKH\paper_baselines\lin2021_yolov8_lstm_gru\data\raw_yolov8_keypoints\Fall\Fall_Fall_f_raw_s_3_S_N_110_resized.csv,1,Fall,1,15,nose,522.1506958007812,264.5576171875,0.2134094089269638,neck,526.4083251953125,345.0047912597656,0.9779396057128906,right_shoulder,594.0454711914062,352.99810791015625,0.9713432788848877,right_elbow,603.9111328125,433.81170654296875,0.8743740320205688,right_wrist,571.8563842773438,449.72027587890625,0.7032374739646912,left_shoulder,458.7711181640625,337.011474609375,0.9845358729362488,left_elbow,405.8078308105469,417.1398620605469,0.9701064825057983,left_wrist,380.9745788574219,461.4276123046875,0.9050912857055664,mid_hip,481.0519714355469,480.33575439453125,0.9893485307693481,right_hip,525.94873046875,485.3282165527344,0.9864857196807861,right_knee,527.9515991210938,511.0689697265625,0.9515361785888672,right_ankle,542.5941162109375,576.018310546875,0.8414176106452942,left_hip,436.1552429199219,475.34326171875,0.9922113418579102,left_knee,426.7004089355469,484.5127868652344,0.9729090929031372,left_ankle,460.5913391113281,558.5216064453125,0.8821374177932739
Fall__Fall_f_raw_s_3_S_N_110_resized,34,C:\Users\ASUS\Downloads\3D_Human_Pose_NCKH\paper_baselines\lin2021_yolov8_lstm_gru\data\raw_yolov8_keypoints\Fall\Fall_Fall_f_raw_s_3_S_N_110_resized.csv,1,Fall,1,15,nose,530.8757934570312,271.533447265625,0.18382179737091064,neck,528.80615234375,351.6999816894531,0.9632865190505981,right_shoulder,597.5808715820312,360.35443115234375,0.9462671279907227,right_elbow,615.1802978515625,433.28643798828125,0.7692750692367554,right_wrist,579.6051635742188,424.2879638671875,0.5711745619773865,left_shoulder,460.0314636230469,343.0455322265625,0.9803059101104736,left_elbow,408.5126647949219,420.246337890625,0.9650632739067078,left_wrist,384.0660400390625,465.11505126953125,0.8903305530548096,mid_hip,482.6295471191406,481.11981201171875,0.9809068441390991,right_hip,527.9124755859375,486.3665466308594,0.9739141464233398,right_knee,526.0503540039062,509.634033203125,0.9267663359642029,right_ankle,542.02978515625,576.3414306640625,0.8007959127426147,left_hip,437.34661865234375,475.873046875,0.9878994822502136,left_knee,427.6000061035156,482.9502868652344,0.966738224029541,left_ankle,460.1577453613281,561.8524780273438,0.8676738142967224
Fall__Fall_f_raw_s_3_S_N_110_resized,35,C:\Users\ASUS\Downloads\3D_Human_Pose_NCKH\paper_baselines\lin2021_yolov8_lstm_gru\data\raw_yolov8_keypoints\Fall\Fall_Fall_f_raw_s_3_S_N_110_resized.csv,1,Fall,1,15,nose,540.5293579101562,283.8118591308594,0.19635647535324097,neck,526.14453125,354.2735900878906,0.976054310798645,right_shoulder,591.7310791015625,362.9302673339844,0.9733238220214844,right_elbow,593.9085693359375,440.96112060546875,0.8950807452201843,right_wrist,563.6033325195312,465.6700134277344,0.7347080111503601,left_shoulder,460.5580139160156,345.61688232421875,0.9787848591804504,left_elbow,408.86004638671875,424.08856201171875,0.9595218300819397,left_wrist,383.39447021484375,467.4267883300781,0.8827342987060547,mid_hip,479.7142028808594,484.2782287597656,0.9888721704483032,right_hip,523.258544921875,489.49639892578125,0.9868552088737488,right_knee,526.7005004882812,511.8378601074219,0.951360285282135,right_ankle,542.7109375,572.6187744140625,0.8398347496986389,left_hip,436.16986083984375,479.0600280761719,0.9908891320228577,left_knee,426.0321960449219,485.78369140625,0.9683381915092468,left_ankle,462.5146484375,558.7188110351562,0.8717420101165771
Fall__Fall_f_raw_s_3_S_N_110_resized,36,C:\Users\ASUS\Downloads\3D_Human_Pose_NCKH\paper_baselines\lin2021_yolov8_lstm_gru\data\raw_yolov8_keypoints\Fall\Fall_Fall_f_raw_s_3_S_N_110_resized.csv,1,Fall,1,15,nose,582.6057739257812,306.2126770019531,0.16123825311660767,neck,522.9232788085938,357.5863952636719,0.9673359990119934,right_shoulder,585.1057739257812,368.4850158691406,0.9769953489303589,right_elbow,587.6819458007812,450.0726318359375,0.9247543811798096,right_wrist,561.6018676757812,476.40673828125,0.7818416357040405,left_shoulder,460.74072265625,346.6877746582031,0.9576765894889832,left_elbow,412.94000244140625,428.7780456542969,0.9184674024581909,left_wrist,383.7672424316406,471.1041259765625,0.8067870736122131,mid_hip,479.9744567871094,485.2195739746094,0.9869818687438965,right_hip,520.4295654296875,490.794921875,0.9871056079864502,right_knee,515.1260986328125,493.4462585449219,0.9580044746398926,right_ankle,539.4247436523438,561.5519409179688,0.8635911345481873,left_hip,439.5193176269531,479.64422607421875,0.9868581295013428,left_knee,417.0448303222656,473.4678955078125,0.9636304974555969,left_ankle,456.43109130859375,563.3197021484375,0.8754266500473022
Fall__Fall_f_raw_s_3_S_N_110_resized,37,C:\Users\ASUS\Downloads\3D_Human_Pose_NCKH\paper_baselines\lin2021_yolov8_lstm_gru\data\raw_yolov8_keypoints\Fall\Fall_Fall_f_raw_s_3_S_N_110_resized.csv,1,Fall,1,15,nose,589.9271850585938,312.31658935546875,0.16137643158435822,neck,527.0842895507812,361.8302917480469,0.9699699282646179,right_shoulder,587.3363647460938,373.19195556640625,0.9790286421775818,right_elbow,588.08349609375,453.5357971191406,0.9337205290794373,right_wrist,566.613037109375,473.06103515625,0.8064602613449097,left_shoulder,466.8322448730469,350.4686279296875,0.960911214351654,left_elbow,415.17193603515625,427.61395263671875,0.9266453385353088,left_wrist,384.81787109375,471.5997619628906,0.8301883339881897,mid_hip,473.56976318359375,491.57452392578125,0.9894269704818726,right_hip,512.6068725585938,496.7846374511719,0.9895116686820984,right_knee,511.829345703125,490.2710266113281,0.9641405344009399,right_ankle,533.9598999023438,558.1173706054688,0.8959571123123169,left_hip,434.5325927734375,486.3643798828125,0.9893423318862915,left_knee,416.74493408203125,473.95465087890625,0.9692107439041138,left_ankle,450.87939453125,563.2984619140625,0.9064157009124756
Fall__Fall_f_raw_s_3_S_N_110_resized,38,C:\Users\ASUS\Downloads\3D_Human_Pose_NCKH\paper_baselines\lin2021_yolov8_lstm_gru\data\raw_yolov8_keypoints\Fall\Fall_Fall_f_raw_s_3_S_N_110_resized.csv,1,Fall,1,15,nose,594.8245239257812,322.3062744140625,0.1412370204925537,neck,530.6376342773438,362.0595397949219,0.9478750228881836,right_shoulder,588.1705322265625,370.5614013671875,0.9648237228393555,right_elbow,586.489990234375,458.0235290527344,0.8992274403572083,right_wrist,556.4951171875,477.3140563964844,0.7535041570663452,left_shoulder,473.10467529296875,353.5576477050781,0.9309263229370117,left_elbow,415.5689697265625,434.37945556640625,0.8806096911430359,left_wrist,384.4519348144531,474.7622985839844,0.7690742611885071,mid_hip,482.90557861328125,484.9951477050781,0.9825973510742188,right_hip,520.5516357421875,488.20257568359375,0.983128547668457,right_knee,505.9935302734375,478.98553466796875,0.9558640122413635,right_ankle,531.0265502929688,547.9947509765625,0.9024532437324524,left_hip,445.259521484375,481.7876892089844,0.9820661544799805,left_knee,412.98193359375,470.59625244140625,0.9612181782722473,left_ankle,448.7502746582031,563.9159545898438,0.9110546708106995
Fall__Fall_f_raw_s_3_S_N_110_resized,39,C:\Users\ASUS\Downloads\3D_Human_Pose_NCKH\paper_baselines\lin2021_yolov8_lstm_gru\data\raw_yolov8_keypoints\Fall\Fall_Fall_f_raw_s_3_S_N_110_resized.csv,1,Fall,1,15,nose,596.9588623046875,329.669921875,0.22041426599025726,neck,531.8619995117188,370.5823669433594,0.9680383801460266,right_shoulder,591.234130859375,379.743408203125,0.9804199934005737,right_elbow,586.1787719726562,461.2627258300781,0.9347049593925476,right_wrist,554.5447387695312,481.6094055175781,0.815036952495575,left_shoulder,472.4898681640625,361.4213562011719,0.9556567668914795,left_elbow,420.50457763671875,433.95269775390625,0.9085979461669922,left_wrist,388.6321105957031,474.6750793457031,0.808376133441925,mid_hip,478.1652526855469,501.0442810058594,0.9849086999893188,right_hip,516.5215454101562,504.11602783203125,0.9857649207115173,right_knee,507.5320129394531,473.55694580078125,0.9543129205703735,right_ankle,524.7000122070312,539.3037719726562,0.8808796405792236,left_hip,439.8089599609375,497.9725646972656,0.9840525388717651,left_knee,414.96966552734375,472.2972106933594,0.957577645778656,left_ankle,446.89654541015625,560.9251708984375,0.8864573836326599
Fall__Fall_f_raw_s_3_S_N_110_resized,40,C:\Users\ASUS\Downloads\3D_Human_Pose_NCKH\paper_baselines\lin2021_yolov8_lstm_gru\data\raw_yolov8_keypoints\Fall\Fall_Fall_f_raw_s_3_S_N_110_resized.csv,1,Fall,1,15,nose,584.36474609375,343.85162353515625,0.13992126286029816,neck,535.5794677734375,379.7700500488281,0.9568779468536377,right_shoulder,596.5357666015625,389.9163513183594,0.9713268876075745,right_elbow,586.7257690429688,472.51629638671875,0.9236255288124084,right_wrist,549.9871826171875,488.6994934082031,0.8056978583335876,left_shoulder,474.6231994628906,369.62371826171875,0.9424289464950562,left_elbow,422.8213195800781,437.60760498046875,0.9046719074249268,left_wrist,390.2641296386719,476.0347900390625,0.8119771480560303,mid_hip,478.8144226074219,504.4457702636719,0.9825847744941711,right_hip,518.8550415039062,507.8635559082031,0.9832208156585693,right_knee,514.2843627929688,475.7112121582031,0.9473792910575867,right_ankle,518.5294799804688,532.7313842773438,0.8745023012161255,left_hip,438.7738037109375,501.02801513671875,0.9819486737251282,left_knee,417.85455322265625,471.98785400390625,0.951564610004425,left_ankle,442.6347351074219,549.4013671875,0.8798072934150696
Fall__Fall_f_raw_s_3_S_N_110_resized,41,C:\Users\ASUS\Downloads\3D_Human_Pose_NCKH\paper_baselines\lin2021_yolov8_lstm_gru\data\raw_yolov8_keypoints\Fall\Fall_Fall_f_raw_s_3_S_N_110_resized.csv,1,Fall,1,15,nose,607.0679931640625,347.48748779296875,0.16514889895915985,neck,541.5579833984375,384.1031494140625,0.9629565477371216,right_shoulder,604.0070190429688,398.916748046875,0.9793707132339478,right_elbow,587.14697265625,481.82000732421875,0.9447442293167114,right_wrist,549.0538940429688,490.83074951171875,0.8481359481811523,left_shoulder,479.10894775390625,369.28955078125,0.9465423822402954,left_elbow,424.76556396484375,437.40283203125,0.8879474997520447,left_wrist,388.9732971191406,473.8272399902344,0.7768879532814026,mid_hip,483.0879821777344,506.11981201171875,0.9842085838317871,right_hip,525.4030151367188,511.0924987792969,0.9862542152404785,right_knee,526.07421875,475.93780517578125,0.954007089138031,right_ankle,525.4871215820312,531.253173828125,0.9033772945404053,left_hip,440.7729797363281,501.1471252441406,0.9821630120277405,left_knee,419.42132568359375,462.4199523925781,0.9489133954048157,left_ankle,438.6031494140625,543.919677734375,0.9006341099739075
Fall__Fall_f_raw_s_3_S_N_110_resized,42,C:\Users\ASUS\Downloads\3D_Human_Pose_NCKH\paper_baselines\lin2021_yolov8_lstm_gru\data\raw_yolov8_keypoints\Fall\Fall_Fall_f_raw_s_3_S_N_110_resized.csv,1,Fall,1,15,nose,606.1856079101562,350.5125427246094,0.14699223637580872,neck,543.98828125,386.8995361328125,0.9629022479057312,right_shoulder,604.4384155273438,402.1560363769531,0.9762134552001953,right_elbow,591.3126831054688,477.73797607421875,0.9402526617050171,right_wrist,561.328369140625,485.52667236328125,0.8388943672180176,left_shoulder,483.5382080078125,371.6430358886719,0.9495909810066223,left_elbow,429.17578125,435.5793762207031,0.9081428647041321,left_wrist,393.0083312988281,471.19451904296875,0.8099560737609863,mid_hip,484.7424621582031,506.49041748046875,0.98569655418396,right_hip,525.13720703125,511.63995361328125,0.9867498278617859,right_knee,515.1675415039062,486.12884521484375,0.9487327933311462,right_ankle,521.2722778320312,530.7444458007812,0.8914067149162292,left_hip,444.3476867675781,501.34088134765625,0.9846433401107788,left_knee,413.7457275390625,469.2610168457031,0.9495706558227539,left_ankle,439.9206848144531,541.656494140625,0.8962346911430359
Fall__Fall_f_raw_s_3_S_N_110_resized,43,C:\Users\ASUS\Downloads\3D_Human_Pose_NCKH\paper_baselines\lin2021_yolov8_lstm_gru\data\raw_yolov8_keypoints\Fall\Fall_Fall_f_raw_s_3_S_N_110_resized.csv,1,Fall,1,15,nose,608.8115844726562,355.92822265625,0.16623695194721222,neck,546.861572265625,395.252685546875,0.966069757938385,right_shoulder,604.3375854492188,412.3646545410156,0.9757816791534424,right_elbow,588.163818359375,480.9903564453125,0.9334262013435364,right_wrist,555.9266357421875,488.0919494628906,0.8249993324279785,left_shoulder,489.3855895996094,378.1407470703125,0.9563577771186829,left_elbow,432.9031677246094,436.3887939453125,0.9220970273017883,left_wrist,393.71600341796875,471.0533752441406,0.8306891322135925,mid_hip,482.787353515625,510.6965637207031,0.9854472875595093,right_hip,521.3165283203125,517.0928344726562,0.9857908487319946,right_knee,509.69024658203125,510.7572326660156,0.9331309199333191,right_ankle,525.8994750976562,538.7853393554688,0.8476418852806091,left_hip,444.2581787109375,504.30029296875,0.9851036667823792,left_knee,410.88348388671875,484.3863830566406,0.9401575922966003,left_ankle,440.4324035644531,539.99462890625,0.8629672527313232
Fall__Fall_f_raw_s_3_S_N_110_resized,44,C:\Users\ASUS\Downloads\3D_Human_Pose_NCKH\paper_baselines\lin2021_yolov8_lstm_gru\data\raw_yolov8_keypoints\Fall\Fall_Fall_f_raw_s_3_S_N_110_resized.csv,1,Fall,1,15,nose,606.2826538085938,135.9674530029297,0.9612544178962708,neck,595.6251831054688,173.3567352294922,0.991629421710968,right_shoulder,562.439453125,171.5196990966797,0.9902201890945435,right_elbow,523.4228515625,189.0260467529297,0.9809350371360779,right_wrist,571.7355346679688,150.39952087402344,0.981208324432373,left_shoulder,628.8109130859375,175.1937713623047,0.9930385947227478,left_elbow,662.8778076171875,195.10400390625,0.9886857271194458,left_wrist,629.1216430664062,153.17596435546875,0.9870801568031311,mid_hip,581.4105834960938,282.796875,0.9911591410636902,right_hip,559.9456176757812,282.63580322265625,0.990479052066803,right_knee,558.9454956054688,355.001708984375,0.8838253021240234,right_ankle,543.0601196289062,417.2539367675781,0.3285939693450928,left_hip,602.8756103515625,282.95794677734375,0.9918392300605774,left_knee,599.685302734375,348.4979248046875,0.9023004770278931,left_ankle,596.8442993164062,404.1783447265625,0.37996646761894226
Fall__Fall_f_raw_s_3_S_N_110_resized,45,C:\Users\ASUS\Downloads\3D_Human_Pose_NCKH\paper_baselines\lin2021_yolov8_lstm_gru\data\raw_yolov8_keypoints\Fall\Fall_Fall_f_raw_s_3_S_N_110_resized.csv,1,Fall,1,15,nose,606.0147094726562,135.70907592773438,0.9508213400840759,neck,595.2259521484375,172.767578125,0.9923486709594727,right_shoulder,563.2578735351562,170.36962890625,0.9903867840766907,right_elbow,521.0144653320312,189.33026123046875,0.9783999919891357,right_wrist,573.0966186523438,150.1498260498047,0.9792667031288147,left_shoulder,627.1940307617188,175.16552734375,0.9943106174468994,left_elbow,663.2916259765625,197.14913940429688,0.9905930161476135,left_wrist,630.67578125,154.15512084960938,0.9885099530220032,mid_hip,581.2434692382812,280.8284912109375,0.9948668479919434,right_hip,562.146484375,280.1893615722656,0.9943035840988159,right_knee,562.2106323242188,356.3581848144531,0.9400799870491028,right_ankle,556.2135009765625,420.3320007324219,0.5063585638999939,left_hip,600.3403930664062,281.46759033203125,0.9954301118850708,left_knee,581.7348022460938,355.2507629394531,0.9573972821235657,left_ankle,583.71044921875,416.6199951171875,0.5966634750366211
Fall__Fall_f_raw_s_3_S_N_110_resized,46,C:\Users\ASUS\Downloads\3D_Human_Pose_NCKH\paper_baselines\lin2021_yolov8_lstm_gru\data\raw_yolov8_keypoints\Fall\Fall_Fall_f_raw_s_3_S_N_110_resized.csv,1,Fall,1,15,nose,605.285888671875,134.6731414794922,0.9251786470413208,neck,594.988525390625,171.90919494628906,0.989989697933197,right_shoulder,562.182861328125,169.34938049316406,0.9871517419815063,right_elbow,521.3754272460938,188.769287109375,0.9763666391372681,right_wrist,573.3157958984375,149.39170837402344,0.9780228734016418,left_shoulder,627.7942504882812,174.46900939941406,0.9928277134895325,left_elbow,663.0567626953125,197.2495574951172,0.9909573793411255,left_wrist,630.281005859375,153.78627014160156,0.98911452293396,mid_hip,581.131591796875,279.8378601074219,0.994262158870697,right_hip,561.031982421875,279.3217468261719,0.9935497641563416,right_knee,560.6904296875,354.45782470703125,0.9299243688583374,right_ankle,554.788818359375,416.2894287109375,0.46255382895469666,left_hip,601.231201171875,280.35400390625,0.9949746131896973,left_knee,585.9458618164062,351.2091064453125,0.9511271715164185,left_ankle,591.2570190429688,409.1498107910156,0.5593190789222717
Fall__Fall_f_raw_s_3_S_N_110_resized,47,C:\Users\ASUS\Downloads\3D_Human_Pose_NCKH\paper_baselines\lin2021_yolov8_lstm_gru\data\raw_yolov8_keypoints\Fall\Fall_Fall_f_raw_s_3_S_N_110_resized.csv,1,Fall,1,15,nose,605.6450805664062,133.2550506591797,0.9478819370269775,neck,595.4765014648438,169.25424194335938,0.9921839833259583,right_shoulder,562.4776611328125,166.31204223632812,0.9905495047569275,right_elbow,521.2229614257812,188.716552734375,0.9796375632286072,right_wrist,572.552978515625,149.88316345214844,0.9795290231704712,left_shoulder,628.4752807617188,172.19644165039062,0.993818461894989,left_elbow,661.75830078125,197.18624877929688,0.9899333119392395,left_wrist,630.0807495117188,154.02442932128906,0.9876444935798645,mid_hip,581.1356811523438,278.6105041503906,0.9949837923049927,right_hip,560.8944702148438,277.9655456542969,0.99457848072052,right_knee,561.747314453125,352.41864013671875,0.945202112197876,right_ankle,551.8343505859375,415.81005859375,0.5397984385490417,left_hip,601.3768920898438,279.2554626464844,0.9953891038894653,left_knee,587.19287109375,349.2287902832031,0.957556426525116,left_ankle,588.5355834960938,408.2835998535156,0.6118823289871216
Fall__Fall_f_raw_s_3_S_N_110_resized,48,C:\Users\ASUS\Downloads\3D_Human_Pose_NCKH\paper_baselines\lin2021_yolov8_lstm_gru\data\raw_yolov8_keypoints\Fall\Fall_Fall_f_raw_s_3_S_N_110_resized.csv,1,Fall,1,15,nose,604.6322631835938,134.22872924804688,0.9512927532196045,neck,595.82666015625,170.71694946289062,0.9906520247459412,right_shoulder,562.9517822265625,168.11810302734375,0.989069402217865,right_elbow,518.0551147460938,188.986572265625,0.9800692796707153,right_wrist,567.1002807617188,151.879638671875,0.9815083146095276,left_shoulder,628.7015380859375,173.31581115722656,0.9922345876693726,left_elbow,661.2763061523438,191.73341369628906,0.9891930222511292,left_wrist,628.7027587890625,152.18992614746094,0.9884873628616333,mid_hip,578.4362182617188,280.2458801269531,0.9928283095359802,right_hip,558.109130859375,279.264892578125,0.9922710657119751,right_knee,561.0733642578125,355.570068359375,0.9113966822624207,right_ankle,551.2907104492188,418.7183837890625,0.39384207129478455,left_hip,598.7633056640625,281.2268371582031,0.9933856129646301,left_knee,584.928466796875,355.2214050292969,0.9286311268806458,left_ankle,589.520751953125,415.5880432128906,0.44954389333724976
Fall__Fall_f_raw_s_3_S_N_110_resized,49,C:\Users\ASUS\Downloads\3D_Human_Pose_NCKH\paper_baselines\lin2021_yolov8_lstm_gru\data\raw_yolov8_keypoints\Fall\Fall_Fall_f_raw_s_3_S_N_110_resized.csv,1,Fall,1,15,nose,604.0203247070312,134.0244598388672,0.9528419375419617,neck,594.6565551757812,170.3537139892578,0.9910992980003357,right_shoulder,562.531982421875,167.91635131835938,0.9896378517150879,right_elbow,517.1158447265625,189.22242736816406,0.9802405834197998,right_wrist,566.822998046875,151.72401428222656,0.9815400242805481,left_shoulder,626.7810668945312,172.79107666015625,0.9925608038902283,left_elbow,660.8038940429688,191.23268127441406,0.9891811013221741,left_wrist,627.9034423828125,152.24366760253906,0.9884037375450134,mid_hip,577.9743041992188,279.1020202636719,0.9927151203155518,right_hip,558.5797729492188,278.2669372558594,0.9921533465385437,right_knee,563.0015258789062,352.4434509277344,0.9126815795898438,right_ankle,555.321533203125,413.4546813964844,0.4022636413574219,left_hip,597.3687744140625,279.9371032714844,0.9932768940925598,left_knee,580.005859375,351.1138916015625,0.9299414753913879,left_ankle,582.7348022460938,409.14129638671875,0.46026432514190674
Fall__Fall_f_raw_s_3_S_N_110_resized,50,C:\Users\ASUS\Downloads\3D_Human_Pose_NCKH\paper_baselines\lin2021_yolov8_lstm_gru\data\raw_yolov8_keypoints\Fall\Fall_Fall_f_raw_s_3_S_N_110_resized.csv,1,Fall,1,15,nose,603.4605102539062,134.23907470703125,0.9248142242431641,neck,593.3200073242188,169.45712280273438,0.9897726774215698,right_shoulder,561.2904663085938,166.8917694091797,0.9880194067955017,right_elbow,516.829833984375,189.39878845214844,0.9818676710128784,right_wrist,566.795166015625,151.3070526123047,0.9833152294158936,left_shoulder,625.3494873046875,172.02247619628906,0.9915259480476379,left_elbow,659.9588012695312,190.99488830566406,0.9899026155471802,left_wrist,627.4122314453125,151.56719970703125,0.9892827272415161,mid_hip,578.1680297851562,277.1007385253906,0.9944583773612976,right_hip,558.5506591796875,276.1971740722656,0.9940420985221863,right_knee,562.103515625,346.01263427734375,0.9415366649627686,right_ankle,550.7979736328125,406.4942321777344,0.5226408839225769,left_hip,597.785400390625,278.00433349609375,0.9948746562004089,left_knee,582.7530517578125,345.60760498046875,0.9530264139175415,left_ankle,584.6669921875,404.07373046875,0.5798764824867249
Fall__Fall_f_raw_s_3_S_N_110_resized,51,C:\Users\ASUS\Downloads\3D_Human_Pose_NCKH\paper_baselines\lin2021_yolov8_lstm_gru\data\raw_yolov8_keypoints\Fall\Fall_Fall_f_raw_s_3_S_N_110_resized.csv,1,Fall,1,15,nose,602.7737426757812,135.426025390625,0.9560645818710327,neck,591.8267822265625,170.2329864501953,0.9893487691879272,right_shoulder,556.3817138671875,169.09075927734375,0.990851104259491,right_elbow,515.9744262695312,187.0709686279297,0.9829671382904053,right_wrist,567.2061767578125,151.45887756347656,0.980692446231842,left_shoulder,627.2719116210938,171.37521362304688,0.9878464341163635,left_elbow,654.7141723632812,187.59938049316406,0.9725180268287659,left_wrist,628.4176635742188,153.54124450683594,0.9725098013877869,mid_hip,578.2990112304688,275.42962646484375,0.9926173090934753,right_hip,555.4773559570312,275.0588073730469,0.9932253956794739,right_knee,558.2849731445312,345.25250244140625,0.9445955157279968,right_ankle,548.2948608398438,407.9206237792969,0.5772724747657776,left_hip,601.1207275390625,275.8004455566406,0.992009162902832,left_knee,587.7222900390625,343.60089111328125,0.93355792760849,left_ankle,586.3927001953125,403.93145751953125,0.5471599102020264
Fall__Fall_f_raw_s_3_S_N_110_resized,52,C:\Users\ASUS\Downloads\3D_Human_Pose_NCKH\paper_baselines\lin2021_yolov8_lstm_gru\data\raw_yolov8_keypoints\Fall\Fall_Fall_f_raw_s_3_S_N_110_resized.csv,1,Fall,1,15,nose,603.0861206054688,133.2057342529297,0.9439769983291626,neck,589.6056518554688,169.29574584960938,0.9927685260772705,right_shoulder,554.9361572265625,166.75680541992188,0.9945957064628601,right_elbow,514.1072387695312,189.9530792236328,0.989924430847168,right_wrist,568.7777709960938,147.87274169921875,0.987445592880249,left_shoulder,624.2752075195312,171.83470153808594,0.9909413456916809,left_elbow,659.370361328125,193.87620544433594,0.9767121076583862,left_wrist,625.274169921875,150.58840942382812,0.975318968296051,mid_hip,577.9440307617188,273.2658386230469,0.9978389739990234,right_hip,556.5626831054688,272.89556884765625,0.99825519323349,right_knee,558.9998168945312,338.1953125,0.9944213032722473,right_ankle,548.322265625,384.5652770996094,0.9512367844581604,left_hip,599.3253784179688,273.6361083984375,0.9974228143692017,left_knee,589.4336547851562,334.8578796386719,0.9916251301765442,left_ankle,585.8786010742188,377.0282897949219,0.9395802021026611
Fall__Fall_f_raw_s_3_S_N_110_resized,53,C:\Users\ASUS\Downloads\3D_Human_Pose_NCKH\paper_baselines\lin2021_yolov8_lstm_gru\data\raw_yolov8_keypoints\Fall\Fall_Fall_f_raw_s_3_S_N_110_resized.csv,1,Fall,1,15,nose,602.1128540039062,136.8363800048828,0.9727487564086914,neck,589.601318359375,169.33847045898438,0.9977385401725769,right_shoulder,558.4714965820312,167.81539916992188,0.9977970123291016,right_elbow,516.9827880859375,187.9387664794922,0.9937141537666321,right_wrist,565.1441650390625,147.1651153564453,0.9923815131187439,left_shoulder,620.7311401367188,170.8615264892578,0.997680127620697,left_elbow,657.7857666015625,190.41957092285156,0.9923076629638672,left_wrist,623.6461181640625,149.76327514648438,0.9906911253929138,mid_hip,578.3345336914062,269.5654296875,0.9994379281997681,right_hip,559.1510009765625,269.7793273925781,0.9994673132896423,right_knee,560.5714111328125,333.2815856933594,0.9976369142532349,right_ankle,545.8532104492188,387.27203369140625,0.9746806025505066,left_hip,597.5181274414062,269.35150146484375,0.999408483505249,left_knee,586.8494873046875,324.3321228027344,0.997372031211853,left_ankle,587.0338745117188,371.1598815917969,0.9750192165374756
Fall__Fall_f_raw_s_3_S_N_110_resized,54,C:\Users\ASUS\Downloads\3D_Human_Pose_NCKH\paper_baselines\lin2021_yolov8_lstm_gru\data\raw_yolov8_keypoints\Fall\Fall_Fall_f_raw_s_3_S_N_110_resized.csv,1,Fall,1,15,nose,602.93798828125,135.3592987060547,0.9691199064254761,neck,589.0582275390625,168.41217041015625,0.9972320795059204,right_shoulder,557.86962890625,166.75326538085938,0.9973358511924744,right_elbow,516.918701171875,187.65069580078125,0.9930534958839417,right_wrist,565.6476440429688,145.80844116210938,0.9917106628417969,left_shoulder,620.246826171875,170.07106018066406,0.9971283078193665,left_elbow,657.6058959960938,190.6234893798828,0.9911473393440247,left_wrist,623.7534790039062,148.9449920654297,0.9894986152648926,mid_hip,578.567626953125,270.40045166015625,0.9992259740829468,right_hip,559.4341430664062,270.52886962890625,0.999268114566803,right_knee,560.8182983398438,335.1976318359375,0.9964818954467773,right_ankle,543.748046875,389.9266052246094,0.9615820050239563,left_hip,597.7011108398438,270.2720642089844,0.9991838335990906,left_knee,585.1141967773438,326.50433349609375,0.9961118102073669,left_ankle,581.4908447265625,374.56182861328125,0.9624297618865967
Fall__Fall_f_raw_s_3_S_N_110_resized,55,C:\Users\ASUS\Downloads\3D_Human_Pose_NCKH\paper_baselines\lin2021_yolov8_lstm_gru\data\raw_yolov8_keypoints\Fall\Fall_Fall_f_raw_s_3_S_N_110_resized.csv,1,Fall,1,15,nose,602.153564453125,136.2511749267578,0.9449350237846375,neck,588.6690063476562,167.8615264892578,0.9953662157058716,right_shoulder,559.0288696289062,165.7152099609375,0.995013415813446,right_elbow,515.879150390625,186.30545043945312,0.9894529581069946,right_wrist,568.975830078125,142.97222900390625,0.9900462031364441,left_shoulder,618.30908203125,170.00784301757812,0.9957190155982971,left_elbow,656.0862426757812,191.5043182373047,0.9907433390617371,left_wrist,625.275634765625,148.13961791992188,0.9903740882873535,mid_hip,578.429931640625,271.4087829589844,0.9990113973617554,right_hip,560.3411865234375,271.59356689453125,0.999021053314209,right_knee,559.2617797851562,335.86407470703125,0.994418740272522,right_ankle,541.7586059570312,389.7337341308594,0.9411489963531494,left_hip,596.5186767578125,271.2239990234375,0.9990018010139465,left_knee,588.4210205078125,327.58636474609375,0.994492769241333,left_ankle,584.8704833984375,375.0025329589844,0.9476982355117798
Fall__Fall_f_raw_s_3_S_N_110_resized,56,C:\Users\ASUS\Downloads\3D_Human_Pose_NCKH\paper_baselines\lin2021_yolov8_lstm_gru\data\raw_yolov8_keypoints\Fall\Fall_Fall_f_raw_s_3_S_N_110_resized.csv,1,Fall,1,15,nose,601.610107421875,134.7800750732422,0.9807357788085938,neck,589.46728515625,169.79339599609375,0.9964837431907654,right_shoulder,555.260009765625,169.5252227783203,0.9973357319831848,right_elbow,515.6092529296875,185.57766723632812,0.991196870803833,right_wrist,565.0328979492188,147.33424377441406,0.9881194233894348,left_shoulder,623.6746215820312,170.0615692138672,0.9956318140029907,left_elbow,651.0938720703125,185.94482421875,0.9784811735153198,left_wrist,622.7039184570312,150.1279296875,0.9763655662536621,mid_hip,576.9170532226562,268.7911071777344,0.9983978271484375,right_hip,555.459716796875,268.9760437011719,0.9986361861228943,right_knee,555.5592651367188,332.7634582519531,0.9941409230232239,right_ankle,544.4654541015625,388.9093322753906,0.946715772151947,left_hip,598.3743896484375,268.606201171875,0.9981594681739807,left_knee,580.403564453125,325.31243896484375,0.9916285276412964,left_ankle,566.3634643554688,375.9592590332031,0.9345114827156067
Fall__Fall_f_raw_s_3_S_N_110_resized,57,C:\Users\ASUS\Downloads\3D_Human_Pose_NCKH\paper_baselines\lin2021_yolov8_lstm_gru\data\raw_yolov8_keypoints\Fall\Fall_Fall_f_raw_s_3_S_N_110_resized.csv,1,Fall,1,15,nose,602.109130859375,133.93519592285156,0.9789382219314575,neck,589.0162353515625,168.39056396484375,0.9964322447776794,right_shoulder,554.75341796875,167.9723358154297,0.9972957968711853,right_elbow,514.5882568359375,185.29830932617188,0.9916195869445801,right_wrist,564.7474365234375,147.44171142578125,0.9888331890106201,left_shoulder,623.2791137695312,168.80877685546875,0.9955686926841736,left_elbow,651.3226318359375,185.40512084960938,0.9791663289070129,left_wrist,622.5014038085938,150.34796142578125,0.9774002432823181,mid_hip,576.3859252929688,267.6698303222656,0.9985738396644592,right_hip,554.9502563476562,267.7048034667969,0.9987860321998596,right_knee,555.4950561523438,331.383056640625,0.9950311183929443,right_ankle,543.6714477539062,388.68804931640625,0.9543261528015137,left_hip,597.8215942382812,267.6348571777344,0.9983616471290588,left_knee,579.8507690429688,325.3307800292969,0.992942214012146,left_ankle,566.1082763671875,378.2710876464844,0.9440427422523499
Fall__Fall_f_raw_s_3_S_N_110_resized,58,C:\Users\ASUS\Downloads\3D_Human_Pose_NCKH\paper_baselines\lin2021_yolov8_lstm_gru\data\raw_yolov8_keypoints\Fall\Fall_Fall_f_raw_s_3_S_N_110_resized.csv,1,Fall,1,15,nose,601.1031494140625,134.72265625,0.9748327136039734,neck,586.37939453125,169.37841796875,0.9977868795394897,right_shoulder,555.1839599609375,167.04302978515625,0.9974817633628845,right_elbow,514.2637939453125,185.32777404785156,0.9916859269142151,right_wrist,566.9437866210938,144.86569213867188,0.9908245801925659,left_shoulder,617.5747680664062,171.71380615234375,0.998091995716095,left_elbow,655.4265747070312,190.93348693847656,0.9935380816459656,left_wrist,623.775146484375,150.2311553955078,0.991678774356842,mid_hip,576.6217041015625,270.0793762207031,0.9993695616722107,right_hip,558.0901489257812,269.9900817871094,0.9993578791618347,right_knee,558.8666381835938,333.7552490234375,0.9968621730804443,right_ankle,541.9306640625,385.08416748046875,0.965121328830719,left_hip,595.1533203125,270.168701171875,0.9993811845779419,left_knee,580.6344604492188,328.3604431152344,0.997143566608429,left_ankle,566.9534301757812,375.0035095214844,0.9708598852157593
Fall__Fall_f_raw_s_3_S_N_110_resized,59,C:\Users\ASUS\Downloads\3D_Human_Pose_NCKH\paper_baselines\lin2021_yolov8_lstm_gru\data\raw_yolov8_keypoints\Fall\Fall_Fall_f_raw_s_3_S_N_110_resized.csv,1,Fall,1,15,nose,601.0146484375,133.9197235107422,0.9733409881591797,neck,586.5130004882812,169.05516052246094,0.9977731108665466,right_shoulder,555.0379638671875,166.69317626953125,0.9974537491798401,right_elbow,513.5969848632812,185.1467742919922,0.991649866104126,right_wrist,566.6795654296875,145.21507263183594,0.99069744348526,left_shoulder,617.9880981445312,171.41714477539062,0.9980924725532532,left_elbow,655.7736206054688,191.07220458984375,0.9935486912727356,left_wrist,624.4029541015625,150.54432678222656,0.9915716648101807,mid_hip,576.0637817382812,269.96484375,0.9993879795074463,right_hip,557.3948364257812,269.8255920410156,0.9993762373924255,right_knee,558.8662719726562,333.5500183105469,0.9969362020492554,right_ankle,540.7376098632812,384.4017333984375,0.9658370614051819,left_hip,594.7327270507812,270.1040954589844,0.9993996620178223,left_knee,579.7157592773438,328.6358337402344,0.9972094893455505,left_ankle,564.3182373046875,374.8234558105469,0.9714031219482422
Fall__Fall_f_raw_s_3_S_N_110_resized,60,C:\Users\ASUS\Downloads\3D_Human_Pose_NCKH\paper_baselines\lin2021_yolov8_lstm_gru\data\raw_yolov8_keypoints\Fall\Fall_Fall_f_raw_s_3_S_N_110_resized.csv,1,Fall,1,15,nose,600.2076416015625,133.80201721191406,0.9788094162940979,neck,587.6580200195312,169.64691162109375,0.9980369210243225,right_shoulder,555.8837890625,166.46873474121094,0.9976264834403992,right_elbow,512.449951171875,183.46046447753906,0.9908344745635986,right_wrist,565.6710815429688,144.27975463867188,0.9898221492767334,left_shoulder,619.4323120117188,172.82510375976562,0.9984473586082458,left_elbow,655.45458984375,190.02182006835938,0.9942662119865417,left_wrist,624.7154541015625,148.7677764892578,0.992163896560669,mid_hip,574.501220703125,268.662353515625,0.9993903636932373,right_hip,555.8825073242188,267.90325927734375,0.9993575215339661,right_knee,558.2049560546875,331.23956298828125,0.9968215227127075,right_ankle,540.119873046875,383.1808166503906,0.9651389122009277,left_hip,593.119873046875,269.4214172363281,0.9994232654571533,left_knee,574.8082275390625,330.0941467285156,0.9973378777503967,left_ankle,557.2086181640625,378.8638000488281,0.9720700979232788
Fall__Fall_f_raw_s_3_S_N_110_resized,61,C:\Users\ASUS\Downloads\3D_Human_Pose_NCKH\paper_baselines\lin2021_yolov8_lstm_gru\data\raw_yolov8_keypoints\Fall\Fall_Fall_f_raw_s_3_S_N_110_resized.csv,1,Fall,1,15,nose,599.883056640625,133.60385131835938,0.9833530187606812,neck,587.687744140625,169.9215850830078,0.9985795021057129,right_shoulder,556.473876953125,167.09439086914062,0.9983991980552673,right_elbow,512.78125,184.83346557617188,0.9937118291854858,right_wrist,564.4571533203125,144.53013610839844,0.9924922585487366,left_shoulder,618.9015502929688,172.748779296875,0.9987597465515137,left_elbow,655.7171020507812,188.70765686035156,0.9949632883071899,left_wrist,622.6300659179688,148.38165283203125,0.9932141304016113,mid_hip,573.4446411132812,267.7178649902344,0.9995030164718628,right_hip,555.1982421875,266.8262634277344,0.9994901418685913,right_knee,560.2317504882812,330.45294189453125,0.997548520565033,right_ankle,541.1594848632812,384.6019287109375,0.9720316529273987,left_hip,591.6910400390625,268.60943603515625,0.9995158910751343,left_knee,573.4412841796875,328.6406555175781,0.9977547526359558,left_ankle,553.236572265625,379.64654541015625,0.9756743311882019
Fall__Fall_f_raw_s_3_S_N_110_resized,62,C:\Users\ASUS\Downloads\3D_Human_Pose_NCKH\paper_baselines\lin2021_yolov8_lstm_gru\data\raw_yolov8_keypoints\Fall\Fall_Fall_f_raw_s_3_S_N_110_resized.csv,1,Fall,1,15,nose,600.1324462890625,131.7415008544922,0.9731467962265015,neck,586.7836303710938,168.4710235595703,0.9979590773582458,right_shoulder,555.3287353515625,166.05831909179688,0.9978324770927429,right_elbow,511.1790466308594,183.8780059814453,0.9935158491134644,right_wrist,564.8736572265625,143.5325469970703,0.9925252199172974,left_shoulder,618.2384643554688,170.88372802734375,0.998085618019104,left_elbow,654.8239135742188,188.1239471435547,0.9937728047370911,left_wrist,621.1883544921875,147.99290466308594,0.9922868013381958,mid_hip,573.1143798828125,268.34197998046875,0.9994288682937622,right_hip,554.5477294921875,267.89630126953125,0.9994339346885681,right_knee,558.5357666015625,334.3962707519531,0.9971773624420166,right_ankle,540.7947387695312,385.7927551269531,0.9669142961502075,left_hip,591.6810913085938,268.78765869140625,0.9994238615036011,left_knee,573.4071044921875,329.5063781738281,0.9972249269485474,left_ankle,557.4628295898438,376.05291748046875,0.9700301289558411
Fall__Fall_f_raw_s_3_S_N_110_resized,63,C:\Users\ASUS\Downloads\3D_Human_Pose_NCKH\paper_baselines\lin2021_yolov8_lstm_gru\data\raw_yolov8_keypoints\Fall\Fall_Fall_f_raw_s_3_S_N_110_resized.csv,1,Fall,1,15,nose,597.8693237304688,131.24598693847656,0.9489634037017822,neck,586.0038452148438,167.92982482910156,0.9964746832847595,right_shoulder,553.5248413085938,165.00686645507812,0.9959856867790222,right_elbow,509.610595703125,182.34185791015625,0.9905427098274231,right_wrist,566.1170654296875,142.54347229003906,0.9902618527412415,left_shoulder,618.4827880859375,170.85276794433594,0.9969636797904968,left_elbow,653.791015625,189.6756134033203,0.9928532242774963,left_wrist,622.9844970703125,147.21302795410156,0.9914122819900513,mid_hip,573.452392578125,269.2897033691406,0.9992601871490479,right_hip,554.1972045898438,268.8140563964844,0.9992546439170837,right_knee,555.7554321289062,333.6336669921875,0.9962383508682251,right_ankle,537.42919921875,382.72552490234375,0.9573544859886169,left_hip,592.7076416015625,269.76531982421875,0.999265730381012,left_knee,573.7888793945312,330.6376647949219,0.9965006113052368,left_ankle,557.0433959960938,375.0062561035156,0.9629918932914734
Fall__Fall_f_raw_s_3_S_N_110_resized,64,C:\Users\ASUS\Downloads\3D_Human_Pose_NCKH\paper_baselines\lin2021_yolov8_lstm_gru\data\raw_yolov8_keypoints\Fall\Fall_Fall_f_raw_s_3_S_N_110_resized.csv,1,Fall,1,15,nose,596.5543212890625,132.56906127929688,0.947668194770813,neck,584.698974609375,167.41458129882812,0.9965390563011169,right_shoulder,552.1737670898438,164.2703094482422,0.9959861636161804,right_elbow,508.1844177246094,181.6956329345703,0.9903573393821716,right_wrist,565.0188598632812,141.7650909423828,0.9900519251823425,left_shoulder,617.2241821289062,170.55885314941406,0.9970920085906982,left_elbow,652.1707153320312,188.97451782226562,0.9931208491325378,left_wrist,621.309326171875,145.52488708496094,0.9915758967399597,mid_hip,572.3497314453125,267.2718505859375,0.999345600605011,right_hip,553.1151123046875,266.6703796386719,0.9993337988853455,right_knee,555.1795654296875,331.439697265625,0.9969225525856018,right_ankle,537.2294921875,382.57916259765625,0.9658470749855042,left_hip,591.5844116210938,267.873291015625,0.9993574023246765,left_knee,572.6775512695312,329.5455017089844,0.997209370136261,left_ankle,555.4102172851562,376.5111083984375,0.9708665013313293
Fall__Fall_f_raw_s_3_S_N_110_resized,65,C:\Users\ASUS\Downloads\3D_Human_Pose_NCKH\paper_baselines\lin2021_yolov8_lstm_gru\data\raw_yolov8_keypoints\Fall\Fall_Fall_f_raw_s_3_S_N_110_resized.csv,1,Fall,1,15,nose,594.9340209960938,136.0343780517578,0.9457824230194092,neck,584.281494140625,168.13551330566406,0.9963825941085815,right_shoulder,551.7327270507812,164.79714965820312,0.995657205581665,right_elbow,509.714599609375,181.17349243164062,0.9890233278274536,right_wrist,564.2189331054688,142.15399169921875,0.9886441230773926,left_shoulder,616.8302612304688,171.47389221191406,0.9971080422401428,left_elbow,650.8775634765625,188.5503387451172,0.9931803941726685,left_wrist,620.923828125,146.01223754882812,0.9913903474807739,mid_hip,571.8233642578125,267.4913330078125,0.9993433356285095,right_hip,552.46337890625,266.7845458984375,0.9993168115615845,right_knee,554.86474609375,330.6754150390625,0.9969384670257568,right_ankle,537.9092407226562,381.9820251464844,0.9677045941352844,left_hip,591.183349609375,268.1981201171875,0.9993699193000793,left_knee,572.7162475585938,328.9842529296875,0.9973382353782654,left_ankle,555.61474609375,376.03509521484375,0.9731700420379639
Fall__Fall_f_raw_s_3_S_N_110_resized,66,C:\Users\ASUS\Downloads\3D_Human_Pose_NCKH\paper_baselines\lin2021_yolov8_lstm_gru\data\raw_yolov8_keypoints\Fall\Fall_Fall_f_raw_s_3_S_N_110_resized.csv,1,Fall,1,15,nose,592.7666625976562,136.77833557128906,0.9080013036727905,neck,582.4249877929688,167.49288940429688,0.9949347972869873,right_shoulder,549.6679077148438,164.6529083251953,0.9940224289894104,right_elbow,510.8558349609375,180.83782958984375,0.9879540205001831,right_wrist,563.478271484375,142.09439086914062,0.9876759052276611,left_shoulder,615.1820678710938,170.33285522460938,0.9958471655845642,left_elbow,649.720947265625,188.129638671875,0.9919896721839905,left_wrist,619.9929809570312,145.38558959960938,0.990154504776001,mid_hip,571.3426513671875,266.45465087890625,0.9993212223052979,right_hip,551.6928100585938,265.8941650390625,0.9993034601211548,right_knee,553.1224975585938,329.9419860839844,0.9971515536308289,right_ankle,538.1336669921875,382.1630859375,0.9708380699157715,left_hip,590.9924926757812,267.01513671875,0.9993390440940857,left_knee,572.460693359375,328.0987548828125,0.997450053691864,left_ankle,557.31103515625,376.22412109375,0.975328803062439
Fall__Fall_f_raw_s_3_S_N_110_resized,67,C:\Users\ASUS\Downloads\3D_Human_Pose_NCKH\paper_baselines\lin2021_yolov8_lstm_gru\data\raw_yolov8_keypoints\Fall\Fall_Fall_f_raw_s_3_S_N_110_resized.csv,1,Fall,1,15,nose,591.3466186523438,138.79486083984375,0.9011815786361694,neck,582.6390380859375,167.4979705810547,0.994184672832489,right_shoulder,547.275390625,165.86741638183594,0.9943919777870178,right_elbow,512.1358642578125,179.76185607910156,0.9905875325202942,right_wrist,560.0570068359375,142.14651489257812,0.9891721606254578,left_shoulder,618.002685546875,169.12850952148438,0.9939773082733154,left_elbow,648.0289916992188,184.29248046875,0.9879512190818787,left_wrist,616.197265625,146.9237823486328,0.9868260025978088,mid_hip,567.6278686523438,265.86627197265625,0.9991634488105774,right_hip,545.55517578125,265.0921325683594,0.9992132186889648,right_knee,548.488037109375,330.7460632324219,0.9969007968902588,right_ankle,538.5328369140625,385.5242919921875,0.9687859416007996,left_hip,589.7005615234375,266.64044189453125,0.9991137385368347,left_knee,570.0677490234375,327.875,0.9964151382446289,left_ankle,551.4776000976562,378.67364501953125,0.9667420983314514
Fall__Fall_f_raw_s_3_S_N_110_resized,68,C:\Users\ASUS\Downloads\3D_Human_Pose_NCKH\paper_baselines\lin2021_yolov8_lstm_gru\data\raw_yolov8_keypoints\Fall\Fall_Fall_f_raw_s_3_S_N_110_resized.csv,1,Fall,1,15,nose,593.322509765625,136.81883239746094,0.9292670488357544,neck,581.154052734375,167.20867919921875,0.9953519105911255,right_shoulder,548.1712036132812,163.9278106689453,0.9945414662361145,right_elbow,508.5674133300781,179.08448791503906,0.987703800201416,right_wrist,562.618896484375,141.1367950439453,0.9873467087745667,left_shoulder,614.136962890625,170.4895477294922,0.9961622953414917,left_elbow,647.7355346679688,187.54002380371094,0.9917747974395752,left_wrist,618.8807373046875,146.21102905273438,0.9898966550827026,mid_hip,569.4391479492188,266.94647216796875,0.999252200126648,right_hip,549.56005859375,266.3729553222656,0.999229907989502,right_knee,551.421630859375,330.5714111328125,0.9966713786125183,right_ankle,537.8005981445312,382.6037292480469,0.9657414555549622,left_hip,589.3181762695312,267.5199890136719,0.9992745518684387,left_knee,571.974365234375,328.061767578125,0.9970585107803345,left_ankle,559.5804443359375,375.71673583984375,0.9714938998222351
Fall__Fall_f_raw_s_3_S_N_110_resized,69,C:\Users\ASUS\Downloads\3D_Human_Pose_NCKH\paper_baselines\lin2021_yolov8_lstm_gru\data\raw_yolov8_keypoints\Fall\Fall_Fall_f_raw_s_3_S_N_110_resized.csv,1,Fall,1,15,nose,592.7424926757812,137.1522674560547,0.9525885581970215,neck,581.0923461914062,167.05796813964844,0.9964107275009155,right_shoulder,548.31884765625,163.4911346435547,0.9956629872322083,right_elbow,508.0363464355469,179.435791015625,0.9881835579872131,right_wrist,562.6077880859375,141.35772705078125,0.987632155418396,left_shoulder,613.8658447265625,170.6248016357422,0.9971585273742676,left_elbow,648.0220336914062,187.48696899414062,0.9927500486373901,left_wrist,619.2376708984375,146.05831909179688,0.9907045960426331,mid_hip,568.8107299804688,267.4047546386719,0.9992996454238892,right_hip,549.1903076171875,266.5481262207031,0.999265730381012,right_knee,551.5256958007812,330.0741271972656,0.996738612651825,right_ankle,537.5465087890625,382.74676513671875,0.9661582112312317,left_hip,588.4312133789062,268.2613830566406,0.9993335604667664,left_knee,571.3483276367188,329.7955322265625,0.9972288012504578,left_ankle,557.2075805664062,379.40155029296875,0.9724855422973633
Fall__Fall_f_raw_s_3_S_N_110_resized,70,C:\Users\ASUS\Downloads\3D_Human_Pose_NCKH\paper_baselines\lin2021_yolov8_lstm_gru\data\raw_yolov8_keypoints\Fall\Fall_Fall_f_raw_s_3_S_N_110_resized.csv,1,Fall,1,15,nose,591.8950805664062,134.31640625,0.9685768485069275,neck,580.3980712890625,166.06039428710938,0.9972243905067444,right_shoulder,547.6970825195312,162.76596069335938,0.996624231338501,right_elbow,507.0429992675781,179.85812377929688,0.9884958267211914,right_wrist,561.6819458007812,141.20323181152344,0.9872897267341614,left_shoulder,613.0989990234375,169.35482788085938,0.9978245496749878,left_elbow,647.2169189453125,186.62966918945312,0.9931842684745789,left_wrist,619.0872192382812,144.60140991210938,0.9907038807868958,mid_hip,568.73291015625,265.9430847167969,0.9993190765380859,right_hip,549.208984375,265.3652648925781,0.9992824196815491,right_knee,551.6416625976562,329.7133483886719,0.9968070983886719,right_ankle,537.5914306640625,384.7832946777344,0.9670652151107788,left_hip,588.2568359375,266.5209045410156,0.9993557333946228,left_knee,571.2428588867188,327.66912841796875,0.9973129630088806,left_ankle,557.12939453125,378.7613525390625,0.9734496474266052
Fall__Fall_f_raw_s_3_S_N_110_resized,71,C:\Users\ASUS\Downloads\3D_Human_Pose_NCKH\paper_baselines\lin2021_yolov8_lstm_gru\data\raw_yolov8_keypoints\Fall\Fall_Fall_f_raw_s_3_S_N_110_resized.csv,1,Fall,1,15,nose,591.1854248046875,133.0253448486328,0.9614768624305725,neck,579.646728515625,165.79319763183594,0.9969935417175293,right_shoulder,546.5707397460938,162.79449462890625,0.9963794350624084,right_elbow,505.6980895996094,179.72634887695312,0.988937258720398,right_wrist,560.4237060546875,140.98878479003906,0.9879297018051147,left_shoulder,612.72265625,168.79188537597656,0.9976077079772949,left_elbow,645.9547729492188,186.51058959960938,0.9932935237884521,left_wrist,618.5784301757812,145.47206115722656,0.9910803437232971,mid_hip,567.8504028320312,265.9098205566406,0.9993619322776794,right_hip,547.8988647460938,265.5999450683594,0.9993332028388977,right_knee,549.7232666015625,328.9786376953125,0.9970899820327759,right_ankle,536.3737182617188,382.4945983886719,0.9699304103851318,left_hip,587.8018798828125,266.21966552734375,0.999390721321106,left_knee,572.2345581054688,325.0600280761719,0.9974933862686157,left_ankle,559.6070556640625,373.6328125,0.9754670858383179
